AC

** TEST-01-LINEAR-SEARCH**
   1    12/27/2019    0    760.89     448810.00
   2    06/12/2019   -1 
   3    11/09/2018  275    873.75     112620.00
   4      1/3/2017  728    704.23     205370.00
   5     09/9/2016  803    826.28     538300.00
   6     01/5/2015 1215    675.17     342780.00
   7    12/25/2025   -1 

** TEST-02-BINARY-SEARCH**
   1    12/27/2019    0    760.89     448810.00
   2    06/12/2019   -1 
   3    11/09/2018  275    873.75     112620.00
   4      1/3/2017  728    704.23     205370.00
   5     09/9/2016  803    826.28     538300.00
   6     01/5/2015 1215    675.17     342780.00
   7    12/25/2025   -1 
