AC  1216

12/27/2019      774.94      782.69      760.89      760.89           448810.00
12/26/2019      738.13      786.57      738.13      774.94           235550.00
12/23/2019      755.08      755.57      744.43      754.60           401280.00
12/20/2019      732.32      755.08      721.18      755.08           981550.00
12/19/2019      736.19      751.69      731.35      731.35           509790.00
12/18/2019      738.13      738.13      728.93      734.26           461850.00
12/17/2019      728.45      736.19      714.88      736.19           738030.00
12/16/2019      757.99      770.10      725.54      728.45          1271110.00
12/13/2019      765.25      784.63      754.60      757.50           633880.00
12/12/2019      759.93      763.80      753.15      753.63           529700.00
12/11/2019      794.32      797.22      759.44      765.25           292900.00
12/10/2019      789.47      794.32      782.21      789.47            77240.00
12/09/2019      804.00      805.94      787.53      787.53           298670.00
12/06/2019      804.00      804.49      795.77      802.06           392450.00
12/05/2019      794.32      804.00      785.60      804.00           616370.00
12/04/2019      798.67      804.00      778.82      804.00           508250.00
12/03/2019      813.69      813.69      799.16      805.45           223580.00
12/02/2019      784.63      814.66      781.72      814.66           280450.00
11/29/2019      780.75      782.21      770.58      780.75           261870.00
11/28/2019      777.85      781.24      777.36      779.30           294120.00
11/27/2019      773.97      788.02      770.10      776.88           524800.00
11/26/2019      794.32      798.19      759.93      759.93          1408530.00
11/25/2019      799.16      803.52      786.57      794.32           346170.00
11/22/2019      784.63      799.16      767.19      799.16           436630.00
11/21/2019      799.16      799.64      784.63      785.60           288730.00
11/20/2019      801.10      802.06      792.38      798.19           234840.00
11/19/2019      802.06      805.45      798.19      801.10           242240.00
11/18/2019      804.97      805.94      794.80      797.71           129150.00
11/15/2019      795.28      811.75      794.32      804.00           561380.00
11/14/2019      798.19      798.19      786.57      792.38           487890.00
11/13/2019      812.72      812.72      796.74      798.19           574740.00
11/12/2019      827.73      827.73      811.75      813.69           560130.00
11/11/2019      825.31      835.97      822.41      829.19           306740.00
11/08/2019      842.75      842.75      819.50      821.92           405110.00
11/07/2019      841.78      845.17      836.94      839.84           153560.00
11/06/2019      850.50      850.98      831.12      835.00           354440.00
11/05/2019      837.90      852.43      837.90      849.53          1902960.00
11/04/2019      837.90      837.90      834.51      836.94           718920.00
10/31/2019      837.90      842.75      829.19      833.06           408140.00
10/30/2019      846.62      846.62      831.12      837.90           290370.00
10/29/2019      838.87      840.33      834.03      837.90           206290.00
10/28/2019      825.31      839.36      825.31      833.06           148080.00
10/25/2019      837.90      837.90      822.41      822.41           447560.00
10/24/2019      837.90      841.30      836.45      837.90           260130.00
10/23/2019      841.78      841.78      835.48      838.39           147330.00
10/22/2019      841.78      845.65      833.06      843.23           368440.00
10/21/2019      828.70      833.06      825.80      833.06           225140.00
10/18/2019      837.90      844.20      828.22      828.70           264460.00
10/17/2019      845.17      848.08      834.51      837.90           400740.00
10/16/2019      851.47      860.18      843.23      850.50           224840.00
10/15/2019      852.43      852.43      843.72      850.98           403630.00
10/14/2019      852.43      856.31      844.20      850.01           597620.00
10/11/2019      834.51      849.53      834.51      842.75           247560.00
10/10/2019      842.75      842.75      826.28      834.03           263210.00
10/09/2019      836.94      836.94      830.16      835.97           210250.00
10/08/2019      826.28      842.75      826.28      837.90           452870.00
10/07/2019      818.53      834.03      818.53      823.38           181670.00
10/04/2019      826.28      838.87      813.20      813.69           499180.00
10/03/2019      829.19      829.19      820.47      821.44           459110.00
10/02/2019      851.47      851.95      829.19      829.19           358590.00
10/01/2019      856.79      857.76      843.72      851.95           257310.00
09/30/2019      866.97      866.97      852.43      856.79           463980.00
09/27/2019      876.65      876.65      860.18      865.03           345210.00
09/26/2019      880.04      880.53      869.39      871.81           416440.00
09/25/2019      871.81      879.56      856.79      879.56           531350.00
09/24/2019      867.93      871.81      862.12      871.81           225760.00
09/23/2019      868.90      871.32      859.22      861.15          1126670.00
09/20/2019      877.62      878.59      866.97      866.97           967050.00
09/19/2019      871.81      874.72      870.36      871.81           229470.00
09/18/2019      881.50      883.43      871.81      871.81           313470.00
09/17/2019      878.59      884.89      870.84      876.65           265070.00
09/16/2019      879.56      881.98      871.81      878.59           221230.00
09/13/2019      884.40      884.40      875.68      879.56           229650.00
09/12/2019      873.75      889.25      873.75      880.53           195880.00
09/11/2019      873.75      878.59      872.78      875.68           234670.00
09/10/2019      878.59      878.59      871.32      872.78           168140.00
09/09/2019      876.65      884.89      874.23      878.59           171370.00
09/06/2019      877.62      887.31      872.29      872.29           259260.00
09/05/2019      864.54      885.37      864.54      876.65           300450.00
09/04/2019      876.65      876.65      860.18      864.06           638730.00
09/03/2019      894.09      899.90      871.81      871.81           391690.00
09/02/2019      896.99      902.32      891.67      892.15           194450.00
08/30/2019      914.91      914.91      896.03      896.03           269120.00
08/29/2019      910.56      912.49      899.90      905.71           268530.00
08/28/2019      908.13      917.34      900.87      917.34           391440.00
08/27/2019      902.81      915.40      896.99      908.13           738420.00
08/23/2019      903.29      925.57      893.60      925.57           447380.00
08/22/2019      905.71      924.12      892.63      908.62           539300.00
08/20/2019      921.21      923.63      911.52      923.63           263270.00
08/19/2019      905.71      923.63      894.09      923.63           256220.00
08/16/2019      905.71      923.63      903.29      905.71           699410.00
08/15/2019      891.18      904.74      886.82      904.74           291010.00
08/14/2019      900.87      914.43      894.09      905.71           307460.00
08/13/2019      905.71      910.56      889.25      910.56           327740.00
08/09/2019      901.35      916.37      901.35      908.62           297850.00
08/08/2019      900.87      905.71      896.99      900.87           137640.00
08/07/2019      892.63      906.68      886.82      902.32           134440.00
08/06/2019      899.90      899.90      879.56      892.15           408970.00
08/05/2019      920.24      920.24      897.48      901.35           343930.00
08/02/2019      920.24      926.54      911.04      920.24           339350.00
08/01/2019      922.18      927.02      914.91      920.24           374280.00
07/31/2019      916.37      929.45      913.46      927.51           239580.00
07/30/2019      926.54      938.65      914.91      922.66           281790.00
07/29/2019      940.59      949.30      929.45      932.84           213690.00
07/26/2019      939.62      959.47      939.62      952.21           469250.00
07/25/2019      934.77      949.30      932.35      949.30           503890.00
07/24/2019      931.87      939.13      931.87      936.71           302550.00
07/23/2019      939.62      944.46      930.41      939.62           648070.00
07/22/2019      906.68      943.49      906.68      939.62           688520.00
07/19/2019      912.49      920.24      912.49      920.24           722040.00
07/18/2019      912.49      919.76      910.56      918.30           240180.00
07/17/2019      912.49      918.30      908.62      918.30           434970.00
07/16/2019      900.87      918.79      900.87      912.49          1108270.00
07/15/2019      888.28      905.71      888.28      900.87           569770.00
07/12/2019      881.50      892.63      881.50      888.28           266350.00
07/11/2019      881.50      883.43      879.56      883.43           284570.00
07/10/2019      890.70      891.18      876.65      881.50           104640.00
07/09/2019      886.34      890.70      886.34      888.28           246460.00
07/08/2019      883.43      891.18      878.59      891.18           204370.00
07/05/2019      872.78      886.34      871.81      881.50           288460.00
07/04/2019      874.72      874.72      870.84      872.78           323860.00
07/03/2019      872.78      874.72      871.32      874.72           754370.00
07/02/2019      874.72      879.56      868.90      871.81           330930.00
07/01/2019      866.48      873.75      866.48      873.75           235080.00
06/28/2019      871.32      871.32      865.51      866.00           437640.00
06/27/2019      867.93      870.84      866.00      867.93           421470.00
06/26/2019      870.84      870.84      866.00      867.93           327710.00
06/25/2019      871.81      874.23      864.06      868.90           387750.00
06/24/2019      876.17      876.17      867.45      868.90           407990.00
06/21/2019      868.42      874.23      868.42      869.87           636750.00
06/20/2019      870.84      873.75      864.06      871.81           969520.00
06/19/2019      871.81      875.68      868.90      871.81           603130.00
06/18/2019      870.84      871.81      864.54      871.81           418630.00
06/17/2019      876.17      876.17      867.93      871.32           393460.00
06/14/2019      886.34      886.34      869.87      871.81           663950.00
06/13/2019      881.50      883.43      862.12      881.50           584210.00
06/11/2019      897.96      899.42      888.76      888.76           165650.00
06/10/2019      894.09      899.90      891.18      897.96           256280.00
06/07/2019      898.93      898.93      890.21      894.09           171120.00
06/06/2019      901.84      902.32      892.15      898.45           655020.00
06/04/2019      901.84      901.84      887.31      890.21           288530.00
06/03/2019      886.34      903.29      881.50      901.84           591000.00
05/31/2019      880.04      890.21      878.11      890.21           390140.00
05/30/2019      870.84      883.43      870.36      880.53           449820.00
05/29/2019      864.06      872.29      864.06      870.84           273820.00
05/28/2019      875.68      876.17      863.09      864.54          1859680.00
05/27/2019      875.20      875.68      863.58      873.75           244650.00
05/24/2019      866.97      871.81      842.75      871.81           511720.00
05/23/2019      874.72      877.14      865.51      866.97          1572010.00
05/22/2019      836.45      876.65      826.28      876.65          1159100.00
05/21/2019      830.64      839.84      823.38      823.38           494070.00
05/20/2019      824.83      836.45      824.34      830.16           156510.00
05/17/2019      811.75      841.30      811.75      823.38          1077360.00
05/16/2019      847.59      851.95      811.75      811.75          1139700.00
05/15/2019      859.22      866.97      852.43      852.43           464510.00
05/14/2019      871.81      885.37      852.43      852.43           794540.00
05/10/2019      861.15      868.90      859.70      862.12           506040.00
05/09/2019      868.90      869.87      846.62      861.15           398880.00
05/08/2019      875.68      875.68      859.22      872.78           340900.00
05/07/2019      870.84      875.68      868.90      871.81           304940.00
05/06/2019      879.56      879.56      862.12      869.87           369980.00
05/03/2019      880.53      886.34      871.81      871.81           289320.00
05/02/2019      874.72      884.40      871.81      880.53           366050.00
04/30/2019      873.26      875.68      867.93      875.68           314900.00
04/29/2019      866.97      876.65      865.03      871.81           233520.00
04/26/2019      862.12      868.42      854.86      866.97           293870.00
04/25/2019      857.28      866.00      855.34      857.28           254930.00
04/24/2019      839.84      857.28      839.84      856.31           499250.00
04/23/2019      857.28      859.70      835.00      837.90           475950.00
04/22/2019      881.50      881.50      852.92      854.37           478150.00
04/17/2019      874.23      886.34      871.81      871.81           230520.00
04/16/2019      879.56      881.50      869.39      872.78           539920.00
04/15/2019      886.34      890.21      879.56      879.56           206780.00
04/12/2019      886.34      888.28      880.53      884.40           276360.00
04/11/2019      886.82      891.18      883.43      883.43           325030.00
04/10/2019      890.70      895.06      884.40      895.06           337230.00
04/08/2019      890.21      890.21      878.59      882.46           254440.00
04/05/2019      881.98      893.12      878.59      893.12           207340.00
04/04/2019      899.90      900.87      877.14      877.14           298040.00
04/03/2019      898.93      900.87      895.06      896.99           119120.00
04/02/2019      902.32      910.07      899.90      900.87           175370.00
04/01/2019      910.56      912.01      896.03      900.87           129060.00
03/29/2019      902.81      910.56      900.87      910.56           295960.00
03/28/2019      905.23      905.23      894.57      902.81           119350.00
03/27/2019      903.77      904.74      896.03      900.87           116270.00
03/26/2019      893.12      909.10      893.12      903.77           186550.00
03/25/2019      902.32      902.81      888.28      893.60           190160.00
03/22/2019      905.71      915.88      901.84      910.56           458580.00
03/21/2019      897.96      902.32      892.63      902.32           324580.00
03/20/2019      899.90      900.87      895.06      897.96           207430.00
03/19/2019      904.74      904.74      898.93      900.87           170680.00
03/18/2019      893.12      901.84      891.18      900.87           310650.00
03/15/2019      891.18      896.51      886.34      891.67           459370.00
03/14/2019      891.18      902.32      890.70      896.51           238850.00
03/13/2019      900.87      900.87      889.25      891.18           282450.00
03/12/2019      900.87      903.77      896.03      896.03           175170.00
03/11/2019      910.56      910.56      896.99      896.99           130470.00
03/08/2019      918.30      918.30      903.77      910.07           155940.00
03/07/2019      918.30      918.30      910.56      918.30           163460.00
03/06/2019      906.68      916.37      906.68      913.95           181770.00
03/05/2019      910.56      910.56      902.81      906.20           190160.00
03/04/2019      902.81      913.46      900.87      907.65           181430.00
03/01/2019      897.48      909.10      894.57      900.87           359000.00
02/28/2019      910.56      912.49      896.03      896.03           634450.00
02/27/2019      915.40      915.40      901.84      912.01           182310.00
02/26/2019      920.24      920.24      905.71      915.40           240380.00
02/22/2019      914.43      917.34      899.90      912.49           250830.00
02/21/2019      914.43      920.24      910.56      920.24           276190.00
02/20/2019      913.46      917.82      905.71      914.43           469450.00
02/19/2019      915.40      915.40      902.32      907.65           194310.00
02/18/2019      918.79      919.27      913.95      915.40           248170.00
02/15/2019      896.99      930.90      896.99      930.90           956590.00
02/14/2019      898.93      904.74      891.18      896.99           137760.00
02/13/2019      903.77      905.23      891.67      900.87           282370.00
02/12/2019      904.74      911.04      898.45      902.81           152120.00
02/11/2019      902.81      913.46      898.93      899.90           166620.00
02/08/2019      902.81      902.81      892.15      897.96           295600.00
02/07/2019      905.71      914.91      896.99      903.77           302920.00
02/06/2019      897.96      920.73      897.96      897.96           418580.00
02/04/2019      910.07      910.07      901.35      906.20           113930.00
02/01/2019      896.99      910.56      894.57      910.56           398240.00
01/31/2019      895.06      897.96      886.34      897.96           423480.00
01/30/2019      894.09      894.09      875.68      889.25           592270.00
01/29/2019      899.90      899.90      888.28      894.09           457420.00
01/28/2019      895.06      903.77      893.60      897.96           672730.00
01/25/2019      888.28      897.48      886.82      892.63           818100.00
01/24/2019      878.59      886.34      875.68      883.92           396730.00
01/23/2019      875.68      880.53      874.72      877.62           582740.00
01/22/2019      896.03      899.90      874.72      882.46           886380.00
01/21/2019      909.59      915.40      886.34      896.03           414410.00
01/18/2019      896.03      912.49      896.03      909.59           402130.00
01/17/2019      892.15      898.93      891.67      894.09           598270.00
01/16/2019      887.31      900.87      886.34      890.21          2157730.00
01/15/2019      945.43      953.18      940.10      940.10           122870.00
01/14/2019      941.55      951.24      925.09      944.46           206500.00
01/11/2019      967.22      967.71      927.99      941.55           312960.00
01/10/2019      968.68      975.46      963.83      968.68           342855.00
01/09/2019      953.18      971.58      940.59      968.68           677340.00
01/08/2019      962.86      962.86      927.02      939.62           307810.00
01/07/2019      934.77      966.74      934.77      966.74           781940.00
01/04/2019      900.87      939.62      896.03      929.93           790610.00
01/03/2019      884.89      902.81      879.07      896.03           687210.00
01/02/2019      875.68      885.37      872.78      877.62           303350.00
12/28/2018      881.50      885.37      871.81      871.81           382040.00
12/27/2018      887.31      895.06      876.65      876.65           274520.00
12/26/2018      889.25      889.25      880.53      882.46           133400.00
12/21/2018      889.25      890.70      881.50      885.37           404820.00
12/20/2018      885.37      896.03      877.62      889.25           414360.00
12/19/2018      883.43      886.34      878.59      885.37           462640.00
12/18/2018      891.18      896.03      887.31      889.73           257640.00
12/17/2018      886.34      900.87      886.34      897.96           367430.00
12/14/2018      901.35      910.56      877.14      885.37           224610.00
12/13/2018      896.03      906.20      896.03      901.35           147380.00
12/12/2018      906.68      907.65      893.60      896.03           173100.00
12/11/2018      887.31      908.62      882.46      908.62           253250.00
12/10/2018      881.50      894.09      881.50      881.50           325360.00
12/07/2018      900.87      906.20      881.50      881.50           431280.00
12/06/2018      929.93      929.93      904.74      904.74           437970.00
12/05/2018      924.60      938.16      919.27      929.93           381020.00
12/04/2018      919.76      947.37      917.82      940.10           581690.00
12/03/2018      920.24      929.45      910.56      920.24           514410.00
11/29/2018      921.21      927.99      920.24      921.21          1009260.00
11/28/2018      911.52      918.30      907.65      918.30           264210.00
11/27/2018      911.52      915.40      900.87      915.40           186570.00
11/26/2018      909.59      922.18      907.65      915.40           211850.00
11/23/2018      905.71      912.49      899.90      909.59           145680.00
11/22/2018      896.99      905.71      884.40      905.71           123020.00
11/21/2018      902.81      902.81      887.79      892.15           231910.00
11/20/2018      907.65      915.40      897.96      905.71           172200.00
11/19/2018      889.25      915.88      886.34      915.88           248330.00
11/16/2018      869.87      886.34      869.87      876.65           405360.00
11/15/2018      866.97      875.20      863.58      869.87           196270.00
11/14/2018      881.50      881.98      862.12      871.81           314210.00
11/13/2018      871.81      880.53      865.51      866.97           415680.00
11/12/2018      871.81      879.56      862.12      871.81           380020.00
11/09/2018      874.23      883.43      873.75      873.75           112620.00
11/08/2018      891.18      892.63      873.26      874.23           218130.00
11/07/2018      910.56      910.56      886.34      891.18           187450.00
11/06/2018      905.71      912.98      896.03      910.56           230010.00
11/05/2018      908.62      915.40      893.60      905.71           486290.00
10/31/2018      872.29      915.40      870.84      891.18           461150.00
10/30/2018      883.43      889.25      871.81      871.81           107430.00
10/29/2018      877.62      891.18      877.62      886.34           121760.00
10/26/2018      868.90      891.18      862.12      891.18           155610.00
10/25/2018      871.81      871.81      857.28      862.12           215770.00
10/24/2018      888.28      888.28      874.72      881.50           183690.00
10/23/2018      900.87      900.87      882.95      888.76            77890.00
10/22/2018      881.50      900.38      881.50      899.42           226420.00
10/19/2018      878.59      888.28      872.78      881.50           130230.00
10/18/2018      874.72      879.56      872.29      877.62            87960.00
10/17/2018      876.65      894.09      876.65      886.34           105070.00
10/16/2018      869.87      872.78      858.25      872.29           189040.00
10/15/2018      872.78      884.40      866.48      866.48            63000.00
10/12/2018      852.92      881.50      852.92      871.81           133930.00
10/11/2018      862.12      862.12      841.78      854.37           335730.00
10/10/2018      882.46      884.40      870.84      871.81           242810.00
10/09/2018      901.84      901.84      879.56      881.50           102520.00
10/08/2018      900.87      905.71      892.15      900.87           113110.00
10/05/2018      900.87      905.71      882.95      905.71           196600.00
10/04/2018      910.56      913.46      884.40      890.70           238320.00
10/03/2018      879.56      910.56      879.56      910.56           175070.00
10/02/2018      881.50      896.03      872.78      896.03           235780.00
10/01/2018      899.90      901.84      877.62      881.50           180820.00
09/28/2018      919.76      927.99      898.93      898.93           228060.00
09/27/2018      909.59      920.24      896.99      920.24           222790.00
09/26/2018      891.18      910.56      888.76      910.56           480250.00
09/25/2018      890.70      895.06      876.65      890.70           193230.00
09/24/2018      879.56      891.18      872.78      891.18           201160.00
09/21/2018      862.12      880.04      862.12      869.87           448620.00
09/20/2018      862.12      866.97      857.28      857.28           263530.00
09/19/2018      877.62      880.53      857.28      858.25           391720.00
09/18/2018      877.62      879.56      872.78      876.65           433720.00
09/17/2018      876.65      884.40      872.29      877.14           216700.00
09/14/2018      878.59      878.59      864.06      869.87           511520.00
09/13/2018      886.82      887.31      866.97      871.81           348570.00
09/12/2018      873.75      900.38      873.75      891.18           256900.00
09/11/2018      885.37      885.37      867.45      867.45           272690.00
09/10/2018      888.28      889.25      863.09      885.37           645370.00
09/07/2018      910.56      910.56      871.81      888.28           836080.00
09/06/2018      934.77      934.77      910.56      914.43           424510.00
09/05/2018      954.15      954.15      932.84      942.52           261990.00
09/04/2018      954.15      960.93      948.33      954.15           152090.00
09/03/2018      965.77      965.77      941.55      947.37           198560.00
08/31/2018      958.99      968.68      949.30      968.68           334250.00
08/30/2018      960.93      960.93      944.46      958.99           164740.00
08/29/2018      944.94      958.99      944.46      958.99           160100.00
08/28/2018      958.99      971.58      949.79      959.96           272430.00
08/24/2018      958.99      958.99      945.43      958.99           176340.00
08/23/2018      936.71      958.99      936.71      958.99           269100.00
08/22/2018      939.62      944.46      925.09      944.46           356940.00
08/20/2018      939.62      954.15      925.09      925.09           117480.00
08/17/2018      907.65      967.71      907.65      967.71           301200.00
08/16/2018      911.52      913.95      901.84      906.68           177290.00
08/15/2018      908.62      919.27      907.65      911.52           183140.00
08/14/2018      920.24      920.24      906.20      907.65           252400.00
08/13/2018      944.46      944.46      920.24      923.63           468430.00
08/10/2018      967.71      970.61      953.18      954.15           446040.00
08/09/2018      988.05      991.92      966.25      978.36           128040.00
08/08/2018      976.43      988.05      975.46      988.05           315175.00
08/07/2018      968.68      980.30      963.83      976.43           163255.00
08/06/2018      970.61      987.08      968.68      968.68           258860.00
08/03/2018      959.96      988.05      959.96      988.05           357440.00
08/02/2018      983.21      983.21      960.93      967.71           127525.00
08/01/2018      965.77      983.21      965.29      983.21          3003360.00
07/31/2018      976.43      976.43      960.93      967.71           353235.00
07/30/2018      958.99      983.21      954.15      981.27           427720.00
07/27/2018      949.30      958.99      942.04      958.99           413640.00
07/26/2018      939.62      953.66      938.65      949.30           314780.00
07/25/2018      925.57      949.30      923.63      933.80           407050.00
07/24/2018      911.52      928.96      911.52      925.57           138520.00
07/23/2018      910.56      929.93      900.87      921.21            96360.00
07/20/2018      920.24      929.93      914.91      929.93           145670.00
07/19/2018      940.59      941.55      914.91      920.24           285420.00
07/18/2018      915.40      949.30      910.56      948.33           207550.00
07/17/2018      933.80      938.65      922.18      923.15           134660.00
07/16/2018      930.90      941.07      921.70      941.07           105130.00
07/13/2018      921.21      949.30      921.21      933.80           388450.00
07/12/2018      908.62      935.74      894.09      935.74           309830.00
07/11/2018      891.18      908.62      889.25      908.62           184350.00
07/10/2018      881.50      895.06      871.81      895.06           415000.00
07/09/2018      870.36      877.14      867.93      877.14           128470.00
07/06/2018      876.65      876.65      867.45      869.87           279190.00
07/05/2018      886.34      887.31      877.62      886.34           186720.00
07/04/2018      890.70      898.93      875.20      898.93           344820.00
07/03/2018      886.82      887.79      876.65      886.34           125900.00
07/02/2018      886.34      897.48      883.43      886.34           119680.00
06/29/2018      871.81      891.18      871.81      891.18           228550.00
06/28/2018      863.09      876.65      858.25      876.65           244010.00
06/27/2018      858.25      881.50      843.72      881.50           125790.00
06/26/2018      849.53      858.73      842.75      858.25           388240.00
06/25/2018      874.72      884.40      848.56      848.56           208970.00
06/22/2018      871.81      872.78      840.33      858.73           379680.00
06/21/2018      886.82      886.82      872.78      872.78           403290.00
06/20/2018      881.50      894.09      881.50      886.34           234600.00
06/19/2018      893.12      893.12      874.72      881.50           384060.00
06/18/2018      902.32      902.32      894.57      896.51           287870.00
06/14/2018      907.65      922.66      903.77      920.73           567350.00
06/13/2018      939.62      941.55      906.68      907.65           431240.00
06/11/2018      931.87      954.15      930.90      947.37           131940.00
06/08/2018      949.30      949.30      929.93      936.23           577810.00
06/07/2018      934.77      954.15      933.80      949.79           165750.00
06/06/2018      939.62      945.43      934.77      938.65           209480.00
06/05/2018      929.93      948.33      922.66      948.33           155500.00
06/04/2018      925.09      937.68      915.40      937.68           165210.00
06/01/2018      910.56      935.26      910.56      929.93           345540.00
05/31/2018      910.07      910.56      896.51      910.56          1031890.00
05/30/2018      900.87      901.84      896.03      901.35           434100.00
05/29/2018      910.56      915.40      904.74      910.56           144900.00
05/28/2018      905.71      911.52      905.71      909.10            81250.00
05/25/2018      918.30      918.30      897.96      905.71           328430.00
05/24/2018      920.24      920.24      908.62      912.49           239910.00
05/23/2018      923.63      923.63      905.71      920.24           323010.00
05/22/2018      910.56      924.12      896.03      924.12           108750.00
05/21/2018      907.65      917.34      903.29      910.56           152430.00
05/18/2018      910.56      919.76      899.90      899.90           191690.00
05/17/2018      949.30      949.30      910.56      910.56           309940.00
05/16/2018      949.30      959.96      929.93      958.99           169710.00
05/15/2018      939.62      964.80      931.87      954.15           327200.00
05/11/2018      909.10      940.59      909.10      939.62           349630.00
05/10/2018      911.52      924.60      891.18      908.13           115400.00
05/09/2018      906.68      911.52      900.87      911.52           160110.00
05/08/2018      898.93      910.56      892.63      905.71           209130.00
05/07/2018      887.31      899.90      881.50      899.90           112870.00
05/04/2018      881.50      894.09      879.56      887.31           178750.00
05/03/2018      910.56      920.24      876.65      876.65           262060.00
05/02/2018      920.24      938.16      900.87      900.87           211110.00
04/30/2018      929.93      950.76      920.73      935.74           328880.00
04/27/2018      900.38      929.93      889.25      929.93           400930.00
04/26/2018      880.04      900.87      873.75      900.87           261180.00
04/25/2018      874.72      881.98      871.81      880.04           197810.00
04/24/2018      886.82      888.28      867.93      871.81           432480.00
04/23/2018      886.34      899.90      881.01      881.98           137070.00
04/20/2018      881.50      898.93      881.50      890.21           113340.00
04/19/2018      881.50      898.93      871.32      877.62           954050.00
04/18/2018      882.95      920.24      880.53      880.53           394140.00
04/17/2018      911.52      916.37      880.53      880.53           262560.00
04/16/2018      925.09      927.51      909.10      916.37           200020.00
04/13/2018      930.90      937.19      924.12      926.05           410430.00
04/12/2018      935.74      947.37      923.15      947.37           302760.00
04/11/2018      909.10      936.71      908.62      936.71           283030.00
04/10/2018      888.28      912.01      887.31      909.10           561320.00
04/06/2018      878.59      899.90      878.59      890.21           270540.00
04/05/2018      886.34      890.21      876.17      877.62           401020.00
04/04/2018      891.18      892.63      883.92      886.34           453550.00
04/03/2018      893.12      900.87      887.31      889.25           662270.00
04/02/2018      918.30      918.30      889.25      894.09           206380.00
03/28/2018      918.30      928.48      915.40      918.30           436970.00
03/27/2018      921.21      932.84      915.40      919.27           293370.00
03/26/2018      898.93      922.18      888.28      920.24           559020.00
03/23/2018      897.96      897.96      879.56      889.25           618010.00
03/22/2018      889.25      909.10      889.25      907.65           666380.00
03/21/2018      915.40      918.79      887.31      887.31           423860.00
03/20/2018      918.30      928.96      905.71      907.65          1040930.00
03/19/2018      963.83      978.36      963.83      978.36           185980.00
03/16/2018      974.49      988.05      958.99      958.99          1094400.00
03/15/2018      985.14     1004.52      974.49      974.49           361985.00
03/14/2018     1005.49     1005.49      972.55     1005.49           451250.00
03/13/2018      999.67     1006.46      995.80      999.67           140935.00
03/12/2018     1006.46     1020.99      996.77      999.67           156915.00
03/09/2018     1005.49     1008.39      988.05      988.05           167800.00
03/08/2018     1026.80     1026.80     1003.55     1005.49           143645.00
03/07/2018     1004.52     1026.80      998.71     1026.80           111585.00
03/06/2018     1017.11     1018.08     1002.58     1005.49           162330.00
03/05/2018     1017.11     1017.11     1007.42     1008.39            93410.00
03/02/2018     1008.39     1017.11     1005.49     1017.11           168785.00
03/01/2018     1023.89     1031.64     1018.08     1018.08           219000.00
02/28/2018     1019.05     1036.48     1019.05     1023.89           304555.00
02/27/2018     1037.45     1039.39     1019.05     1035.52           416740.00
02/26/2018     1027.77     1031.64     1007.42     1031.64           147845.00
02/23/2018     1020.02     1029.70     1010.33     1026.80           419980.00
02/22/2018     1046.17     1047.14      997.74     1020.02           401895.00
02/21/2018     1037.45     1053.92     1037.45     1046.17           337190.00
02/20/2018     1041.33     1053.92     1030.67     1053.92           221285.00
02/19/2018     1041.33     1054.89     1026.80     1054.89           317590.00
02/15/2018     1007.42     1060.70      997.74     1060.70           341655.00
02/14/2018      997.74     1007.42      992.89     1007.42           184145.00
02/13/2018      979.33     1000.64      979.33      988.05           283905.00
02/12/2018      974.49      989.99      968.68      968.68           110910.00
02/09/2018      988.05      989.99      968.68      973.52           302030.00
02/08/2018     1004.52     1017.11     1002.58     1009.36           321710.00
02/07/2018      997.74     1007.42      979.33     1001.61           208800.00
02/06/2018      973.52      988.05      960.44      973.52           416135.00
02/05/2018     1001.61     1001.61      988.05      997.74           556715.00
02/02/2018     1005.49     1021.95     1005.49     1017.11           181770.00
02/01/2018     1007.42     1024.86     1002.58     1005.49           235595.00
01/31/2018     1012.27     1027.77     1002.58     1017.11           263715.00
01/30/2018     1042.30     1042.30     1013.24     1017.11           459610.00
01/29/2018     1009.36     1049.08     1009.36     1049.08           294385.00
01/26/2018     1002.58     1024.86     1001.61     1007.42           245005.00
01/25/2018     1002.58     1007.42      997.74     1001.61           342525.00
01/24/2018     1012.27     1016.14      998.71     1002.58           351680.00
01/23/2018     1016.14     1019.05      998.71     1012.27           398515.00
01/22/2018      999.67     1021.95      999.67     1017.11           311655.00
01/19/2018      994.83     1007.42      978.36      998.71           383875.00
01/18/2018     1021.95     1021.95      995.80     1002.58           461015.00
01/17/2018     1038.42     1041.33     1021.95     1026.80           264685.00
01/16/2018     1051.01     1056.83     1019.05     1019.05           166235.00
01/15/2018     1031.64     1059.73     1026.80     1051.01           189470.00
01/12/2018     1017.11     1031.64     1002.58     1031.64           363710.00
01/11/2018     1026.80     1026.80      997.74     1017.11           213605.00
01/10/2018     1031.64     1031.64     1019.05     1026.80           180545.00
01/09/2018     1023.89     1041.33     1019.05     1031.64           309775.00
01/08/2018     1031.64     1032.61     1015.17     1023.89           226530.00
01/05/2018     1007.42     1035.52     1007.42     1031.64           521745.00
01/04/2018     1007.42     1015.17      995.80     1007.42           431010.00
01/03/2018      983.21     1008.39      983.21     1007.42           497855.00
12/29/2017      994.83      994.83      980.30      983.21           295630.00
12/28/2017      996.77      997.74      983.21      989.99           191515.00
12/27/2017      978.36      996.77      973.52      996.77            95400.00
12/22/2017      978.36      978.36      968.68      978.36           136580.00
12/21/2017      986.11      986.11      973.52      977.39           140540.00
12/20/2017      984.17      990.96      978.36      986.11            85480.00
12/19/2017      974.49      984.17      966.25      984.17           229595.00
12/18/2017      974.49      981.27      972.55      978.36           204705.00
12/15/2017      983.21      985.14      967.71      974.49           480780.00
12/14/2017      979.33      988.05      974.49      983.21           329085.00
12/13/2017      987.08      995.80      981.27      988.05           281360.00
12/12/2017      990.96      997.74      984.17      992.89           485435.00
12/11/2017      983.21     1010.33      980.30     1007.42           520900.00
12/08/2017      969.64     1002.58      969.64      997.74           203765.00
12/07/2017      978.36      983.21      968.68      968.68           296565.00
12/06/2017      965.77      986.11      959.96      978.36           251960.00
12/05/2017      953.18      967.71      944.46      967.71           197080.00
12/04/2017      968.68      968.68      953.66      953.66           359200.00
12/01/2017      983.21      991.92      968.68      974.49           385930.00
11/29/2017      984.17      988.05      978.36      988.05           442215.00
11/28/2017      989.99      992.89      983.21      985.14           143730.00
11/27/2017      986.11      999.67      984.17      997.74           154790.00
11/24/2017      988.05      991.92      983.21      988.05           429705.00
11/23/2017      984.17      995.80      983.21      988.05           307270.00
11/22/2017      980.30      992.89      980.30      987.08           316500.00
11/21/2017      984.17      989.99      976.43      987.08           194095.00
11/20/2017      982.24      989.99      974.49      980.30           158900.00
11/17/2017      984.17      992.89      978.36      981.27           298055.00
11/16/2017      978.36     1011.30      963.83      968.68           613135.00
11/15/2017      997.74     1017.11      989.99      995.80           130205.00
11/14/2017     1017.11     1017.11      997.74     1007.42           202780.00
11/13/2017     1021.95     1036.48     1010.33     1017.11           149815.00
11/10/2017     1036.48     1036.48     1008.39     1017.11           175645.00
11/09/2017     1028.73     1060.70     1028.73     1036.48           411895.00
11/08/2017     1031.64     1041.33     1022.92     1041.33           331140.00
11/07/2017     1036.48     1046.17     1020.02     1041.33           296965.00
11/06/2017     1027.77     1054.89     1025.83     1046.17           164655.00
11/03/2017     1051.98     1058.76     1020.99     1027.77           790930.00
11/02/2017      989.02     1065.54      988.05     1055.86           798815.00
10/30/2017      997.74     1001.61      995.80      998.71           130735.00
10/27/2017      986.11      997.74      978.36      997.74           187390.00
10/26/2017      984.17     1007.42      976.43      986.11           236000.00
10/25/2017      968.68      997.74      968.68      987.08           253150.00
10/24/2017      964.80      978.36      957.05      967.71           784240.00
10/23/2017     1038.42     1052.95      978.36      985.14           546135.00
10/20/2017     1075.23     1075.23     1036.48     1036.48           891080.00
10/19/2017     1036.48     1081.04     1026.80     1081.04          1265525.00
10/18/2017     1053.92     1053.92     1027.77     1036.48           953345.00
10/17/2017     1036.48     1062.64     1034.55     1057.80          1237690.00
10/13/2017     1036.48     1041.33     1026.80     1037.45           739665.00
10/12/2017     1018.08     1045.20     1015.17     1043.27          1065680.00
10/11/2017     1017.11     1021.95     1008.39     1019.05           725760.00
10/10/2017      996.77     1026.80      996.77     1017.11           810820.00
10/09/2017      974.49     1006.46      974.49     1006.46           494060.00
10/06/2017      966.74      988.05      966.74      983.21           450530.00
10/05/2017      966.74      967.71      960.44      965.77           323570.00
10/04/2017      957.54      968.68      956.08      966.74           273570.00
10/03/2017      949.30      954.15      948.82      954.15           146480.00
10/02/2017      940.10      952.21      939.62      949.30           279740.00
09/29/2017      936.71      963.83      936.71      939.62           345930.00
09/28/2017      944.46      944.46      935.74      943.49           229950.00
09/27/2017      929.93      954.15      920.24      949.30           254930.00
09/26/2017      929.93      932.84      923.63      929.93           494950.00
09/25/2017      932.84      932.84      925.09      929.93           167290.00
09/22/2017      920.24      943.49      920.24      932.84           214510.00
09/21/2017      913.46      929.93      908.62      920.24           205340.00
09/20/2017      910.56      920.24      904.74      914.43           257690.00
09/19/2017      939.62      939.62      904.74      905.71           250840.00
09/18/2017      899.42      944.46      899.42      941.55           712160.00
09/15/2017      896.99      904.74      896.99      899.42           536370.00
09/14/2017      896.99      906.68      896.03      896.03           277070.00
09/13/2017      891.18      906.68      889.25      896.51           367190.00
09/11/2017      884.40      891.18      881.50      889.25           105270.00
09/08/2017      891.18      891.18      882.46      884.40           108410.00
09/07/2017      886.34      887.31      882.46      886.34           215220.00
09/06/2017      890.21      890.21      879.07      883.43           338090.00
09/05/2017      896.99      897.48      888.28      891.18           141920.00
09/04/2017      891.18      915.40      877.62      896.99           270090.00
08/31/2017      873.75      891.18      871.32      891.18           330710.00
08/30/2017      871.81      873.26      869.87      871.32           236070.00
08/29/2017      873.26      873.26      866.97      870.84           608750.00
08/25/2017      871.81      871.81      870.36      870.84           283200.00
08/24/2017      871.32      871.81      869.87      870.84           330660.00
08/23/2017      871.81      873.26      868.90      870.84           167190.00
08/22/2017      871.81      873.26      868.90      871.81           410510.00
08/18/2017      879.56      879.56      862.12      871.81           148550.00
08/17/2017      876.65      881.50      870.84      879.56           297060.00
08/16/2017      867.93      873.26      865.03      871.81           423650.00
08/15/2017      858.25      869.87      852.43      867.93           337880.00
08/14/2017      857.28      858.25      854.37      857.28            72890.00
08/11/2017      851.47      860.18      842.75      854.37           191400.00
08/10/2017      860.18      860.18      852.43      856.31           210210.00
08/09/2017      858.25      860.18      842.75      860.18           326060.00
08/08/2017      858.73      859.70      854.86      857.28           306210.00
08/07/2017      851.47      851.95      845.65      850.50            74320.00
08/04/2017      835.97      856.31      835.97      851.47           227300.00
08/03/2017      849.04      849.04      833.06      835.97           210010.00
08/02/2017      842.75      861.64      828.22      833.06           277380.00
08/01/2017      841.78      850.01      836.94      837.90            76370.00
07/31/2017      860.18      860.18      837.90      837.90           520210.00
07/28/2017      862.12      873.75      859.22      860.18           370000.00
07/27/2017      862.12      866.97      861.15      861.15           250250.00
07/26/2017      852.43      866.97      852.43      866.97           342760.00
07/25/2017      852.43      852.43      846.62      852.43           146150.00
07/24/2017      852.43      854.37      846.62      852.43           148660.00
07/21/2017      836.94      852.43      826.28      852.43           179050.00
07/20/2017      840.81      842.75      828.22      828.22           137390.00
07/19/2017      833.06      842.75      833.06      840.81           154510.00
07/18/2017      837.90      842.75      833.06      833.06            74530.00
07/17/2017      835.97      840.81      828.22      839.84           139590.00
07/14/2017      847.59      847.59      826.28      826.28           331460.00
07/13/2017      850.50      853.89      830.64      842.75           357860.00
07/12/2017      840.33      850.50      840.33      848.56           118810.00
07/11/2017      832.58      840.81      827.73      840.33           113550.00
07/10/2017      843.72      847.59      826.28      828.22            86100.00
07/07/2017      841.78      842.75      841.78      842.75           119990.00
07/06/2017      836.94      845.65      833.06      844.69           189850.00
07/05/2017      828.22      833.06      824.34      833.06           316240.00
07/04/2017      824.34      829.19      822.41      823.38           147630.00
07/03/2017      831.12      831.12      814.66      824.34           114730.00
06/30/2017      813.69      828.22      810.78      823.38           485680.00
06/29/2017      815.14      817.56      811.75      813.69           346260.00
06/28/2017      815.63      816.11      810.78      815.14           401040.00
06/27/2017      814.17      827.25      814.17      816.11           208250.00
06/23/2017      828.22      830.16      810.78      814.17           251260.00
06/22/2017      816.59      828.22      813.69      828.22           128420.00
06/21/2017      829.19      829.19      811.27      815.14           438960.00
06/20/2017      832.58      832.58      830.16      831.12           236870.00
06/19/2017      823.38      837.42      823.38      833.06           144370.00
06/16/2017      839.84      839.84      823.38      823.38           547410.00
06/15/2017      842.26      851.47      839.36      839.84           151380.00
06/14/2017      833.06      842.75      832.09      840.33           244880.00
06/13/2017      845.65      845.65      831.12      833.06           448690.00
06/09/2017      845.17      856.31      841.78      841.78           382740.00
06/08/2017      843.72      857.28      841.78      842.75           470540.00
06/07/2017      854.86      865.03      842.75      842.75           517450.00
06/06/2017      866.97      867.93      854.37      854.37           557900.00
06/05/2017      864.06      870.84      863.09      866.00           168160.00
06/02/2017      845.65      865.51      845.17      864.06           308550.00
06/01/2017      846.62      849.04      841.78      845.65           676820.00
05/31/2017      842.75      843.72      840.81      840.81           579280.00
05/30/2017      844.69      846.62      837.90      841.78           225620.00
05/29/2017      839.84      845.65      839.84      839.84           294440.00
05/26/2017      839.84      840.33      838.39      838.87           398420.00
05/25/2017      842.75      842.75      839.84      839.84           298640.00
05/24/2017      840.81      844.69      838.87      842.75           165800.00
05/23/2017      844.69      848.08      841.78      842.75           336270.00
05/22/2017      837.42      851.95      836.94      844.69           114610.00
05/19/2017      835.97      838.39      834.03      837.42           111280.00
05/18/2017      841.30      841.30      834.03      838.39           219020.00
05/17/2017      840.33      843.72      836.94      841.78           232380.00
05/16/2017      836.94      842.75      833.55      838.87           375980.00
05/15/2017      841.30      842.75      828.22      836.94           315880.00
05/12/2017      837.90      842.26      828.22      841.30           200000.00
05/11/2017      833.06      844.69      828.22      840.81           287900.00
05/10/2017      855.34      857.28      833.06      833.06           457980.00
05/09/2017      862.12      865.51      852.92      855.34           367560.00
05/08/2017      850.50      862.12      850.50      862.12           370250.00
05/05/2017      851.47      858.25      842.75      850.50           253040.00
05/04/2017      841.78      857.76      838.87      853.40           204080.00
05/03/2017      840.81      845.65      840.81      840.81           202340.00
05/02/2017      839.84      842.75      837.42      839.84           230030.00
04/27/2017      851.47      852.43      837.90      839.36           128170.00
04/26/2017      850.50      851.47      840.81      851.47           160400.00
04/25/2017      842.26      854.37      842.26      849.53           487260.00
04/24/2017      835.97      839.84      833.06      839.84            86120.00
04/21/2017      837.90      837.90      832.09      834.03           141040.00
04/20/2017      828.22      833.55      821.44      833.06           159510.00
04/19/2017      828.22      833.06      828.22      829.67           150220.00
04/18/2017      832.09      837.90      825.31      832.09            92520.00
04/17/2017      832.09      833.06      823.86      832.09           109570.00
04/12/2017      831.12      844.20      821.44      830.16           223060.00
04/11/2017      834.51      835.97      828.22      831.61           192620.00
04/10/2017      835.97      836.94      826.76      834.51           176030.00
04/07/2017      837.90      842.75      835.00      835.97           175570.00
04/06/2017      860.18      860.18      828.22      837.90           150570.00
04/05/2017      848.56      862.12      847.59      862.12           272700.00
04/04/2017      822.41      855.34      818.53      847.59           312370.00
04/03/2017      818.53      823.38      813.69      822.41           107930.00
03/31/2017      815.63      818.53      806.91      818.53           169550.00
03/30/2017      815.63      818.53      815.14      815.63           913980.00
03/29/2017      814.66      818.53      804.00      815.63           318180.00
03/28/2017      802.55      814.66      802.55      814.66           191440.00
03/27/2017      806.91      810.78      792.38      799.64           495520.00
03/24/2017      818.53      819.50      808.85      818.53           443810.00
03/23/2017      804.00      818.53      804.00      818.53           183950.00
03/22/2017      800.61      805.94      789.47      805.94           356700.00
03/21/2017      804.00      808.85      793.83      801.58           434030.00
03/20/2017      811.75      813.69      789.96      804.00           122060.00
03/17/2017      804.97      823.38      804.00      804.00           649810.00
03/16/2017      795.28      805.94      795.28      801.10           347610.00
03/15/2017      795.28      798.19      784.63      794.32           101860.00
03/14/2017      794.32      796.25      789.47      794.32           418120.00
03/13/2017      789.47      796.25      789.47      796.25            90770.00
03/10/2017      795.77      795.77      784.63      789.47           443550.00
03/09/2017      796.25      799.16      790.92      794.32           417950.00
03/08/2017      794.32      804.00      794.32      796.25           282380.00
03/07/2017      797.22      799.64      791.41      793.83           553490.00
03/06/2017      776.88      799.16      775.43      797.22           170390.00
03/03/2017      777.85      794.32      768.64      794.32           264600.00
03/02/2017      763.32      782.69      763.32      777.85           276830.00
03/01/2017      763.32      763.80      759.44      759.44           125750.00
02/28/2017      768.16      768.16      761.38      763.32           321090.00
02/27/2017      775.91      777.85      766.22      768.16           118500.00
02/24/2017      790.92      791.41      775.91      775.91           218500.00
02/23/2017      779.78      792.38      774.94      791.41           217120.00
02/22/2017      767.19      781.72      758.96      779.78           142370.00
02/21/2017      762.35      768.16      755.57      767.19           105650.00
02/20/2017      764.77      764.77      754.12      762.35           132850.00
02/17/2017      773.97      773.97      752.66      756.54           218030.00
02/16/2017      761.86      769.13      760.41      763.32           563530.00
02/15/2017      774.94      774.94      761.38      761.38           136000.00
02/14/2017      783.17      783.17      773.97      774.94           282950.00
02/13/2017      768.16      784.14      768.16      783.66           157770.00
02/10/2017      773.49      773.49      757.99      768.16           122960.00
02/09/2017      762.83      774.94      752.66      772.03           227910.00
02/08/2017      762.35      765.25      759.44      762.83           104460.00
02/07/2017      766.22      767.19      752.18      755.57           322540.00
02/06/2017      770.58      775.91      770.10      774.94           143340.00
02/03/2017      788.50      788.50      760.89      770.10           184490.00
02/02/2017      789.47      792.38      774.94      776.88           162210.00
02/01/2017      784.63      789.47      778.82      789.47           174350.00
01/31/2017      781.24      786.57      774.94      774.94           175850.00
01/30/2017      779.78      794.32      776.88      793.83            66780.00
01/27/2017      785.60      791.41      774.94      774.94           107230.00
01/26/2017      784.63      791.41      783.17      785.60           226080.00
01/25/2017      806.91      806.91      788.50      788.50            83590.00
01/24/2017      786.57      810.78      777.36      807.88           813340.00
01/23/2017      768.64      786.57      765.25      786.57           262890.00
01/20/2017      765.25      769.13      760.41      763.32           277150.00
01/19/2017      759.93      774.94      759.93      774.94           179860.00
01/18/2017      760.41      764.29      758.47      759.93           237240.00
01/17/2017      760.41      772.03      755.57      765.25           226420.00
01/16/2017      770.58      770.58      748.79      761.86           148700.00
01/13/2017      768.64      772.52      765.25      767.19           353420.00
01/12/2017      771.55      774.46      765.74      768.64           125720.00
01/11/2017      769.13      772.03      762.35      771.07           559300.00
01/10/2017      762.83      772.03      759.44      768.16           392630.00
01/09/2017      761.86      765.25      746.37      759.93           175920.00
01/06/2017      755.57      769.61      755.57      761.86           387740.00
01/05/2017      742.98      765.25      736.68      765.25           722750.00
01/04/2017      711.98      736.19      711.98      736.19           242320.00
01/03/2017      707.13      710.04      699.87      704.23           205370.00
12/29/2016      710.04      711.01      706.16      707.62           366710.00
12/28/2016      692.60      711.01      692.60      709.07           277420.00
12/27/2016      692.60      692.60      687.76      687.76            41770.00
12/23/2016      680.01      692.60      679.53      685.82           241170.00
12/22/2016      690.67      695.51      679.53      693.57           345280.00
12/21/2016      692.60      703.26      682.92      690.67           515910.00
12/20/2016      704.71      704.71      678.56      692.60           643250.00
12/19/2016      709.07      709.07      697.93      704.71           346220.00
12/16/2016      705.20      709.07      691.63      709.07           346690.00
12/15/2016      692.60      711.98      672.26      709.07           422020.00
12/14/2016      670.32      697.45      668.39      696.96           293510.00
12/13/2016      683.89      684.37      649.01      668.39          1313060.00
12/12/2016      710.04      711.01      683.89      683.89           293080.00
12/09/2016      702.29      711.01      700.35      709.07           499690.00
12/08/2016      694.54      703.26      685.82      701.32           526270.00
12/07/2016      687.76      701.32      682.92      682.92           450020.00
12/06/2016      704.23      704.23      681.95      685.82           282590.00
12/05/2016      716.82      716.82      687.76      687.76           429580.00
12/02/2016      722.63      725.54      713.91      716.34           453200.00
12/01/2016      726.51      729.90      715.85      715.85           413810.00
11/29/2016      710.04      710.04      697.45      703.26           489710.00
11/28/2016      711.98      719.73      690.67      712.95           499560.00
11/25/2016      726.51      726.51      702.29      705.20           266630.00
11/24/2016      703.26      721.66      701.81      716.82           567830.00
11/23/2016      711.01      716.82      699.38      702.29           388180.00
11/22/2016      745.88      750.24      708.59      708.59           323010.00
11/21/2016      756.05      760.41      741.04      745.88           458670.00
11/18/2016      746.85      761.38      746.85      755.57           366090.00
11/17/2016      724.57      746.85      721.66      746.85           329450.00
11/16/2016      707.13      726.51      707.13      719.73          1014030.00
11/15/2016      715.85      716.34      699.38      700.35          1067430.00
11/14/2016      726.99      731.35      716.82      716.82           476170.00
11/11/2016      761.38      762.35      726.51      726.51           918800.00
11/10/2016      787.53      789.47      767.68      774.94           496100.00
11/09/2016      804.00      804.97      754.12      765.25           497230.00
11/08/2016      801.10      810.78      800.61      804.97           311030.00
11/07/2016      801.10      803.03      784.63      799.16           391040.00
11/04/2016      801.58      804.97      801.10      803.03           464900.00
11/03/2016      804.00      804.97      800.13      802.06           648640.00
11/02/2016      823.38      823.38      801.58      806.91           300190.00
10/28/2016      820.47      823.86      805.45      808.85           573290.00
10/27/2016      828.22      828.22      822.89      825.31           322340.00
10/26/2016      823.86      833.06      822.41      828.22           245770.00
10/25/2016      822.89      826.28      822.89      823.38           252240.00
10/24/2016      825.80      826.28      822.89      822.89           245240.00
10/21/2016      831.12      832.58      828.22      831.12            88180.00
10/20/2016      841.78      841.78      828.22      831.12           396220.00
10/19/2016      829.19      852.43      824.34      841.78           350830.00
10/18/2016      812.24      830.64      812.24      829.19           363220.00
10/17/2016      811.75      833.06      811.75      818.53           339450.00
10/14/2016      813.20      816.59      812.72      814.17           366810.00
10/13/2016      818.53      821.92      805.45      813.20           912230.00
10/12/2016      824.34      826.28      819.50      822.41           789430.00
10/11/2016      832.09      841.78      829.67      831.12           223430.00
10/10/2016      833.06      834.03      828.22      831.61           623540.00
10/07/2016      836.94      838.87      831.61      833.06           430000.00
10/06/2016      840.81      842.75      836.45      837.90           205630.00
10/05/2016      852.43      852.43      833.55      840.33           163380.00
10/04/2016      843.72      852.92      841.30      852.92           219680.00
10/03/2016      833.06      850.98      833.06      850.98           175020.00
09/30/2016      835.00      835.00      830.16      830.16           553910.00
09/29/2016      828.70      835.97      828.70      835.00           400660.00
09/28/2016      827.25      833.06      825.80      828.70           275780.00
09/27/2016      839.36      839.36      824.34      827.73           309470.00
09/26/2016      850.50      850.50      837.90      840.81           371680.00
09/23/2016      838.39      850.50      835.48      844.69           399990.00
09/22/2016      834.51      840.81      834.51      837.90           365450.00
09/21/2016      828.22      833.55      828.22      833.06           712690.00
09/20/2016      827.25      831.12      827.25      828.22           542660.00
09/19/2016      827.73      831.12      826.76      829.19           463930.00
09/16/2016      833.06      833.06      821.92      827.73           465100.00
09/15/2016      830.16      833.06      821.44      833.06           405170.00
09/14/2016      832.09      832.09      823.38      830.16           372680.00
09/13/2016      828.22      833.06      826.28      833.06           418630.00
09/09/2016      827.25      829.19      823.38      826.28           538300.00
09/08/2016      823.38      833.06      818.53      828.22           621760.00
09/07/2016      828.22      828.22      818.53      823.38           504780.00
09/06/2016      832.09      834.03      825.31      828.22           428290.00
09/05/2016      837.42      842.75      831.12      833.06           379590.00
09/02/2016      841.30      852.43      837.42      837.90           322290.00
09/01/2016      847.59      847.59      826.28      841.30           438400.00
08/31/2016      847.59      847.59      840.81      847.59           518790.00
08/30/2016      866.00      866.00      846.62      850.50           505820.00
08/26/2016      870.84      870.84      863.09      866.48           240900.00
08/25/2016      871.32      871.81      864.54      870.84           186580.00
08/24/2016      872.78      873.26      866.97      871.32           216970.00
08/23/2016      873.75      875.68      866.97      874.72           232900.00
08/22/2016      867.93      873.75      865.03      873.75           234820.00
08/19/2016      870.84      870.84      865.03      867.93            94680.00
08/18/2016      871.81      871.81      863.09      866.97           194780.00
08/17/2016      876.17      876.17      867.93      871.81           176630.00
08/16/2016      875.68      876.17      866.97      871.81           457680.00
08/15/2016      869.87      875.68      860.18      875.68           208270.00
08/12/2016      871.81      871.81      865.51      869.87           410390.00
08/11/2016      871.81      871.81      866.48      868.42           293070.00
08/10/2016      868.90      871.81      864.06      867.93           342220.00
08/09/2016      870.84      876.65      862.61      868.90           348160.00
08/08/2016      869.87      871.81      862.12      869.87           200060.00
08/05/2016      866.97      871.81      860.18      869.39           153860.00
08/04/2016      857.28      866.97      857.28      866.97           298160.00
08/03/2016      860.18      860.18      843.23      852.43           420250.00
08/02/2016      859.22      859.22      848.56      852.43           146510.00
08/01/2016      844.69      859.70      843.23      858.73           274880.00
07/29/2016      859.70      863.09      842.75      842.75           312970.00
07/28/2016      878.59      878.59      854.37      862.12           354720.00
07/27/2016      870.84      879.56      861.15      879.56           394820.00
07/26/2016      862.12      873.26      859.22      861.15           197350.00
07/25/2016      862.12      874.72      843.23      862.12           304320.00
07/22/2016      870.84      871.81      855.83      862.12           202380.00
07/21/2016      866.00      872.29      842.75      870.84           912940.00
07/20/2016      863.09      866.00      857.28      866.00           251480.00
07/19/2016      858.25      862.12      856.31      862.12           346520.00
07/18/2016      856.31      857.28      851.95      857.28           140790.00
07/15/2016      848.56      856.31      847.59      856.31           299140.00
07/14/2016      847.59      850.01      835.97      847.59           149970.00
07/13/2016      842.75      855.83      842.75      848.56           388570.00
07/12/2016      823.38      842.75      822.89      842.75           239580.00
07/11/2016      818.53      837.90      818.53      823.38           246990.00
07/08/2016      817.56      818.05      806.91      817.56           186980.00
07/07/2016      833.06      833.06      817.56      817.56           452440.00
07/05/2016      823.38      840.81      823.38      833.06           250540.00
07/04/2016      818.53      834.03      818.53      823.38           192930.00
07/01/2016      822.41      827.25      813.20      817.56           166120.00
06/30/2016      823.38      837.90      820.47      822.41           390130.00
06/29/2016      823.38      823.38      816.59      823.38           234590.00
06/28/2016      823.38      827.73      814.66      818.53           122580.00
06/27/2016      802.06      826.76      794.32      823.38           395220.00
06/24/2016      832.09      840.81      803.03      823.38           292020.00
06/23/2016      842.75      843.23      819.50      820.47           222900.00
06/22/2016      826.76      842.75      826.28      842.75           376740.00
06/21/2016      813.69      826.76      813.69      823.38          1130610.00
06/20/2016      812.72      826.76      810.78      814.66           340700.00
06/17/2016      812.72      818.53      809.33      812.72           281850.00
06/16/2016      794.32      808.85      792.38      804.97           306050.00
06/15/2016      784.63      799.16      783.66      794.32           274730.00
06/14/2016      794.32      794.32      783.17      786.57           414100.00
06/13/2016      802.06      802.06      775.91      799.16           576650.00
06/10/2016      789.47      811.75      789.47      804.00           275920.00
06/09/2016      823.38      823.38      797.22      797.22           189030.00
06/08/2016      830.16      833.06      826.76      828.22           425740.00
06/07/2016      831.12      838.87      827.25      828.22           365270.00
06/06/2016      818.53      833.06      818.05      828.22           608500.00
06/03/2016      819.50      823.38      813.69      818.53           117780.00
06/02/2016      818.53      823.38      813.69      817.56           206850.00
06/01/2016      821.92      830.16      815.63      818.53           277560.00
05/31/2016      815.63      831.12      806.91      819.99          2477670.00
05/30/2016      802.06      809.81      799.64      804.49           355520.00
05/27/2016      804.00      812.72      803.03      804.97           408870.00
05/26/2016      808.85      812.72      797.22      804.00           283000.00
05/25/2016      799.16      823.86      799.16      806.91           610580.00
05/24/2016      778.82      801.58      778.82      794.32           477740.00
05/23/2016      772.52      790.44      772.52      778.82           219840.00
05/20/2016      781.72      793.83      765.25      769.13           382330.00
05/19/2016      818.53      818.53      779.78      780.75           409720.00
05/18/2016      807.88      823.38      804.00      813.69           431990.00
05/17/2016      804.97      810.78      802.06      808.85           661110.00
05/16/2016      801.58      813.69      796.25      805.94           663290.00
05/13/2016      775.91      813.69      775.91      802.06          1186260.00
05/12/2016      764.77      765.25      755.57      761.86           405430.00
05/11/2016      743.94      772.03      743.94      764.77          1197010.00
05/10/2016      702.29      740.07      700.35      740.07           405660.00
05/06/2016      710.04      711.98      705.20      711.98           312990.00
05/05/2016      711.98      714.40      709.56      710.04           258050.00
05/04/2016      719.73      724.57      711.01      724.57           202460.00
05/03/2016      736.19      744.91      721.66      721.66           214490.00
05/02/2016      737.16      741.04      726.99      736.19           165840.00
04/29/2016      745.88      747.33      736.19      746.85           212740.00
04/28/2016      750.72      755.57      741.04      747.82           325370.00
04/27/2016      755.57      756.05      742.01      751.69           325530.00
04/26/2016      758.96      759.44      748.30      753.63           394570.00
04/25/2016      761.38      761.38      751.69      760.41           138320.00
04/22/2016      761.38      766.22      755.08      762.35           228590.00
04/21/2016      749.27      761.38      743.94      761.38           348620.00
04/20/2016      755.57      755.57      740.07      749.27           341320.00
04/19/2016      755.57      756.54      751.69      755.08           254040.00
04/18/2016      755.57      755.57      742.98      755.57           268020.00
04/15/2016      755.57      757.50      743.94      757.50           430140.00
04/14/2016      748.79      755.57      747.82      755.57           471060.00
04/13/2016      753.15      755.57      748.79      749.76           388050.00
04/12/2016      736.19      753.63      731.35      753.63           522320.00
04/11/2016      720.21      736.19      718.27      736.19           241210.00
04/08/2016      726.51      726.51      712.46      722.15           340110.00
04/07/2016      719.73      732.80      719.73      732.80           177070.00
04/06/2016      719.73      723.60      716.82      720.21            60920.00
04/05/2016      736.19      736.19      719.73      719.73           123430.00
04/04/2016      733.29      740.07      726.51      726.51           222410.00
04/01/2016      725.54      733.29      716.82      733.29           288060.00
03/31/2016      712.46      726.51      705.20      726.51           706170.00
03/30/2016      721.66      730.38      711.49      711.49           289690.00
03/29/2016      721.66      731.35      716.82      718.76           183170.00
03/28/2016      719.73      735.23      716.34      731.35           409470.00
03/23/2016      725.54      725.54      713.91      718.76           443710.00
03/22/2016      724.09      728.93      721.66      726.02           271250.00
03/21/2016      718.76      730.38      711.01      724.09           619400.00
03/18/2016      716.82      736.19      713.91      713.91           688700.00
03/17/2016      712.46      728.45      711.98      716.82           523080.00
03/16/2016      725.54      726.02      709.56      711.98           303730.00
03/15/2016      735.71      736.19      720.21      726.02           411430.00
03/14/2016      733.29      741.04      726.51      735.71           391390.00
03/11/2016      730.38      736.68      730.38      733.29           499300.00
03/10/2016      715.37      739.58      715.37      730.87           538870.00
03/09/2016      702.29      720.70      702.29      714.88           483490.00
03/08/2016      687.76      702.29      687.76      702.29           143870.00
03/07/2016      711.49      714.88      687.76      697.45           145720.00
03/04/2016      714.88      715.85      707.13      711.49           267260.00
03/03/2016      692.60      716.34      690.67      711.98           552940.00
03/02/2016      668.87      691.63      668.87      687.76           502510.00
03/01/2016      663.54      668.39      663.06      668.39           196790.00
02/29/2016      668.39      677.59      666.45      667.42           341740.00
02/26/2016      668.39      668.39      658.70      665.48           278480.00
02/24/2016      671.29      677.59      668.39      673.23           385170.00
02/23/2016      674.20      679.04      674.20      677.59           195540.00
02/22/2016      672.26      675.17      670.81      674.20           182110.00
02/19/2016      668.87      673.23      666.93      671.78           217310.00
02/18/2016      677.59      680.01      673.23      673.23           397610.00
02/17/2016      664.51      678.07      664.51      677.59           235370.00
02/16/2016      671.29      679.04      670.32      674.68           348470.00
02/15/2016      671.29      673.23      658.70      670.32           276950.00
02/12/2016      666.45      669.36      658.70      667.90            90560.00
02/11/2016      664.03      676.14      649.01      669.36           140090.00
02/10/2016      658.70      665.48      651.43      663.54           241460.00
02/09/2016      665.48      667.42      647.08      663.54           232860.00
02/05/2016      656.76      675.17      656.76      672.75           515780.00
02/04/2016      634.48      656.76      633.03      656.76           340650.00
02/03/2016      649.01      649.01      629.15      634.48           433050.00
02/02/2016      649.01      657.25      649.01      649.50           217160.00
02/01/2016      658.70      662.58      639.33      649.01           338820.00
01/29/2016      661.61      661.61      649.01      658.22           701220.00
01/28/2016      657.73      658.70      644.17      649.01           246600.00
01/27/2016      629.64      658.70      626.25      658.70           280710.00
01/26/2016      621.89      625.76      606.39      618.02           291590.00
01/25/2016      615.11      638.36      615.11      638.36           523460.00
01/22/2016      587.02      609.30      587.02      593.80           314080.00
01/21/2016      597.67      600.58      581.21      581.21           585330.00
01/20/2016      628.67      628.67      596.71      596.71           381780.00
01/19/2016      629.64      636.42      624.31      628.67           126660.00
01/18/2016      644.17      644.17      616.08      623.83           455670.00
01/15/2016      663.54      663.54      649.01      649.01           201180.00
01/14/2016      643.20      659.67      641.26      647.08           168460.00
01/13/2016      651.92      660.64      649.01      649.01           392800.00
01/12/2016      649.01      671.29      639.33      639.33           400510.00
01/11/2016      668.39      668.39      639.33      644.17           468350.00
01/08/2016      679.04      695.51      678.07      678.07           413700.00
01/07/2016      709.07      710.04      686.79      686.79           348160.00
01/06/2016      728.93      728.93      709.07      709.07           241490.00
01/05/2016      726.51      731.84      718.27      718.76           179940.00
01/04/2016      732.32      740.07      732.32      732.32           147060.00
12/29/2015      730.38      736.68      727.48      732.32           263880.00
12/28/2015      716.82      734.26      716.82      726.51           113930.00
12/23/2015      740.55      740.55      733.29      735.23           114480.00
12/22/2015      724.57      739.58      720.21      733.29           175700.00
12/21/2015      721.66      725.54      716.82      718.27           103890.00
12/18/2015      733.29      733.29      715.85      724.09           212080.00
12/17/2015      733.29      738.13      732.32      735.23           139470.00
12/16/2015      713.91      734.74      713.91      733.29           336250.00
12/15/2015      712.46      713.43      709.07      711.49           289740.00
12/14/2015      702.29      711.98      698.42      711.98           199720.00
12/11/2015      705.20      709.07      701.81      702.29           293650.00
12/10/2015      707.13      711.01      702.29      702.29           319530.00
12/09/2015      708.10      711.98      702.29      705.20           211510.00
12/08/2015      709.07      711.49      707.13      707.13           319890.00
12/07/2015      716.82      727.96      707.62      711.01           193930.00
12/04/2015      719.73      720.70      710.52      712.95           332300.00
12/03/2015      733.29      733.29      713.91      720.70           137870.00
12/02/2015      731.35      741.04      728.93      733.29           108060.00
12/01/2015      715.85      746.85      715.85      745.88           509260.00
11/27/2015      734.74      736.19      718.27      719.73           699140.00
11/26/2015      735.23      735.23      729.41      731.35           296610.00
11/25/2015      738.62      741.04      723.60      726.51           571730.00
11/24/2015      742.01      742.01      728.45      738.62           224800.00
11/23/2015      729.41      742.01      727.48      741.04           267100.00
11/20/2015      726.51      732.32      726.51      732.32           462050.00
11/17/2015      726.99      733.29      724.09      731.35           222870.00
11/16/2015      723.12      726.51      710.52      725.54           184450.00
11/13/2015      706.65      735.23      706.65      735.23           381880.00
11/12/2015      732.32      745.88      706.16      706.16           288250.00
11/11/2015      739.10      743.46      725.05      725.54           156130.00
11/10/2015      742.01      745.88      737.65      742.98           291450.00
11/09/2015      761.38      761.38      741.04      743.94           101930.00
11/06/2015      765.25      765.25      760.41      761.86           232330.00
11/05/2015      751.69      765.25      749.76      762.35           192180.00
11/04/2015      753.63      764.77      746.85      764.77           160530.00
11/03/2015      762.35      767.19      745.88      753.63           133140.00
11/02/2015      764.29      764.77      760.41      762.35           446150.00
10/30/2015      755.57      757.99      750.72      755.57           544530.00
10/29/2015      765.25      768.64      752.66      755.57           412370.00
10/28/2015      760.41      768.16      753.63      753.63           203350.00
10/27/2015      753.63      765.25      745.88      760.41           626250.00
10/26/2015      751.69      765.25      751.69      759.44           391930.00
10/23/2015      742.01      752.66      742.01      749.76           317260.00
10/22/2015      734.74      739.10      733.29      735.23           201140.00
10/21/2015      731.35      739.10      731.35      734.74            91040.00
10/20/2015      736.19      736.19      729.41      731.35           102660.00
10/19/2015      727.96      734.26      722.63      729.41           151860.00
10/16/2015      742.98      742.98      723.60      727.96           394640.00
10/15/2015      726.51      734.74      726.51      731.35           161090.00
10/14/2015      734.26      748.79      726.51      726.51            77620.00
10/13/2015      750.72      750.72      728.45      733.29           391880.00
10/12/2015      750.24      750.72      745.88      750.72           130410.00
10/09/2015      752.18      752.18      738.13      750.72           295740.00
10/08/2015      747.82      755.57      747.82      750.72           369100.00
10/07/2015      741.04      745.88      730.38      745.88           302410.00
10/06/2015      737.65      747.82      737.65      742.98           379960.00
10/05/2015      733.29      746.37      726.51      737.16           669460.00
10/02/2015      745.88      745.88      725.54      732.32           214720.00
10/01/2015      726.51      750.72      726.51      733.77           192900.00
09/30/2015      726.51      742.98      719.73      742.98           485260.00
09/29/2015      716.82      721.66      709.56      721.66           185770.00
09/28/2015      721.66      726.51      719.73      720.70           139880.00
09/24/2015      736.19      736.19      711.98      716.82           461720.00
09/23/2015      752.66      752.66      726.51      735.71           283700.00
09/22/2015      754.60      756.54      747.82      752.66           131300.00
09/21/2015      762.35      762.35      745.88      754.60           129150.00
09/18/2015      748.79      758.96      746.85      757.50           380600.00
09/17/2015      737.16      745.88      737.16      745.88           291790.00
09/16/2015      728.45      742.98      728.45      737.16           570610.00
09/15/2015      726.02      726.51      722.63      725.54           334250.00
09/14/2015      716.82      726.02      707.13      726.02           301440.00
09/11/2015      719.73      719.73      705.20      705.20           114400.00
09/10/2015      721.66      724.57      703.26      707.13           292590.00
09/09/2015      708.10      721.66      708.10      718.76           573310.00
09/08/2015      702.29      711.98      697.45      704.71           340040.00
09/07/2015      725.05      725.05      702.29      702.29           150560.00
09/04/2015      726.51      732.32      722.15      725.05           184290.00
09/03/2015      736.19      736.19      728.93      736.19           249740.00
09/02/2015      716.82      736.19      702.29      736.19           368170.00
09/01/2015      702.29      732.32      702.29      731.35           862320.00
08/28/2015      707.13      721.66      704.71      714.88           512340.00
08/27/2015      707.13      707.13      694.54      702.29           661950.00
08/26/2015      697.93      707.13      673.23      686.79           815550.00
08/25/2015      677.11      701.32      673.23      694.54           787130.00
08/24/2015      720.70      720.70      678.07      682.43          1007480.00
08/20/2015      743.46      747.82      731.35      731.35           280980.00
08/19/2015      744.91      749.76      741.04      746.85           128190.00
08/18/2015      737.16      745.88      737.16      745.88           142590.00
08/17/2015      737.16      742.98      732.80      736.19           129200.00
08/14/2015      735.23      742.98      730.38      735.23           198800.00
08/13/2015      739.10      741.04      727.48      731.35           431350.00
08/12/2015      745.40      746.85      737.16      739.58           272420.00
08/11/2015      747.82      759.44      744.91      751.69           110520.00
08/10/2015      745.40      755.57      743.94      745.88           226460.00
08/07/2015      765.74      765.74      745.40      745.40           273660.00
08/06/2015      769.13      773.97      762.35      764.29           113850.00
08/05/2015      761.38      770.10      760.41      769.13           138240.00
08/04/2015      756.54      763.32      755.57      760.41           229520.00
08/03/2015      762.35      770.10      752.66      770.10           329160.00
07/31/2015      746.37      774.94      745.88      755.57           432180.00
07/30/2015      742.98      749.76      742.98      742.98           247330.00
07/29/2015      746.85      749.76      743.94      746.85           269270.00
07/28/2015      748.79      749.76      745.40      746.85           310020.00
07/27/2015      762.35      762.35      746.85      750.72           153720.00
07/24/2015      752.66      767.19      750.72      762.35           508990.00
07/23/2015      743.94      755.57      743.94      752.66           154360.00
07/22/2015      755.57      757.50      749.76      756.54           427800.00
07/21/2015      741.04      755.57      737.16      755.57           209080.00
07/20/2015      743.94      744.91      731.84      734.26           555860.00
07/16/2015      743.94      744.91      738.13      739.10           231310.00
07/15/2015      745.88      747.82      742.98      743.94           298930.00
07/14/2015      736.19      749.76      736.19      744.91           335520.00
07/13/2015      725.54      740.07      724.57      731.35           360470.00
07/10/2015      726.51      733.29      722.15      723.60           468910.00
07/09/2015      722.63      726.99      721.66      725.54           562350.00
07/08/2015      726.51      729.90      722.63      723.12           368440.00
07/07/2015      739.10      745.88      724.57      724.57           568140.00
07/06/2015      754.60      754.60      737.65      739.10           138240.00
07/03/2015      753.63      756.54      747.82      747.82           180850.00
07/02/2015      755.57      764.29      754.12      754.60           334440.00
07/01/2015      750.72      763.32      745.88      763.32           286550.00
06/30/2015      741.04      765.25      741.04      765.25           725780.00
06/29/2015      764.77      764.77      746.85      754.60           358730.00
06/26/2015      765.25      765.74      760.41      764.77           202710.00
06/25/2015      773.00      773.00      760.41      765.25           206930.00
06/24/2015      773.97      774.46      766.71      773.00           273050.00
06/23/2015      768.16      773.00      762.35      768.16           206340.00
06/22/2015      773.97      773.97      738.62      767.19           159250.00
06/19/2015      774.46      776.88      773.49      774.46           317590.00
06/18/2015      760.41      777.85      757.50      774.46           516140.00
06/17/2015      751.21      755.57      750.72      755.57           229260.00
06/16/2015      748.30      751.69      744.91      750.72           230210.00
06/15/2015      731.35      752.66      731.35      748.30           258690.00
06/11/2015      735.23      745.40      727.96      742.98           236110.00
06/10/2015      725.54      726.51      716.82      723.60           199470.00
06/09/2015      732.32      736.19      712.95      725.54           316650.00
06/08/2015      746.37      747.82      732.32      736.19           327740.00
06/05/2015      741.04      750.72      735.23      746.37           172370.00
06/04/2015      751.69      751.69      731.35      742.49           746110.00
06/03/2015      755.57      755.57      748.79      751.69           446780.00
06/02/2015      764.29      764.29      752.66      755.57           434550.00
06/01/2015      772.52      775.91      750.72      774.94           217900.00
05/29/2015      750.72      778.33      750.72      765.25           536130.00
05/28/2015      777.85      777.85      745.88      755.57           612820.00
05/27/2015      781.24      781.24      771.07      777.85           340180.00
05/26/2015      781.72      781.72      772.03      781.24           305380.00
05/25/2015      785.11      785.11      780.27      780.75           387210.00
05/22/2015      793.35      793.35      783.17      785.11           190600.00
05/21/2015      793.35      793.35      789.47      791.41           175770.00
05/20/2015      781.72      796.25      781.24      793.35           300590.00
05/19/2015      791.89      791.89      775.91      781.24           237550.00
05/18/2015      795.28      797.22      784.63      790.92           190650.00
05/15/2015      784.63      797.71      784.63      795.28           379800.00
05/14/2015      774.94      791.89      774.94      784.63           438850.00
05/13/2015      774.94      778.82      763.32      775.43           135870.00
05/12/2015      772.03      779.78      765.74      777.85           258310.00
05/11/2015      779.78      784.63      774.46      779.30            77970.00
05/08/2015      783.17      783.17      774.94      779.78           141210.00
05/07/2015      773.97      783.66      765.25      783.17           166170.00
05/06/2015      774.94      787.53      765.25      786.57           559430.00
05/05/2015      771.07      775.91      771.07      775.91           461080.00
05/04/2015      755.57      771.07      753.63      771.07           370380.00
04/30/2015      769.13      773.97      750.72      755.57          1130320.00
04/29/2015      774.94      774.94      752.66      769.13           530360.00
04/28/2015      772.52      774.94      770.10      774.94           577450.00
04/27/2015      767.68      774.94      767.19      774.94           423280.00
04/24/2015      765.25      770.10      764.29      770.10           609820.00
04/23/2015      745.88      770.10      745.40      768.16           279120.00
04/22/2015      746.37      747.82      741.04      742.98           266390.00
04/21/2015      769.13      769.13      737.16      745.88           551840.00
04/20/2015      758.96      763.80      736.19      755.57           838730.00
04/17/2015      773.97      773.97      762.35      768.16           390150.00
04/16/2015      755.57      770.10      755.57      770.10           400550.00
04/15/2015      772.03      773.49      761.86      766.22           580060.00
04/14/2015      772.03      776.39      771.55      773.49           866430.00
04/13/2015      778.82      780.75      772.52      774.94           595440.00
04/10/2015      765.25      777.85      765.25      775.43           631330.00
04/08/2015      775.43      781.24      767.19      774.94           518360.00
04/07/2015      775.91      779.30      774.46      775.43           316890.00
04/06/2015      770.10      778.33      770.10      774.94           482440.00
04/01/2015      772.03      774.94      769.61      773.97           581600.00
03/31/2015      769.13      773.49      762.35      770.10          1250470.00
03/30/2015      762.35      774.94      762.35      768.64           649490.00
03/27/2015      755.57      756.05      752.66      755.57           529290.00
03/26/2015      745.88      755.57      741.04      755.57           436490.00
03/25/2015      745.88      749.76      741.04      745.88           380420.00
03/24/2015      745.88      752.66      727.48      744.91           457430.00
03/23/2015      752.66      753.63      745.40      745.88           242780.00
03/20/2015      746.85      751.69      744.43      745.88           456810.00
03/19/2015      737.16      752.66      737.16      745.88           667230.00
03/18/2015      729.41      738.13      729.41      736.19           488800.00
03/17/2015      727.48      733.29      720.70      729.41           808180.00
03/16/2015      733.29      733.77      725.54      727.48          1448460.00
03/13/2015      730.38      734.26      728.45      734.26           561510.00
03/12/2015      717.79      734.26      717.79      730.38           845880.00
03/11/2015      715.85      723.60      710.04      721.66           389140.00
03/10/2015      709.07      719.73      707.62      717.79           557030.00
03/09/2015      709.07      711.01      697.45      709.07           374060.00
03/06/2015      707.13      709.56      707.13      709.07           323320.00
03/05/2015      711.49      711.49      694.54      705.68           546620.00
03/04/2015      703.26      711.98      703.26      711.98           250770.00
03/03/2015      701.81      705.20      699.38      701.32           484770.00
03/02/2015      694.54      702.29      694.54      702.29           276610.00
02/27/2015      711.01      711.01      692.60      694.54           804090.00
02/26/2015      717.79      718.27      697.45      706.65           390800.00
02/25/2015      718.76      719.24      711.98      714.88           194730.00
02/24/2015      716.82      721.66      716.82      718.27           340170.00
02/23/2015      719.73      721.18      714.40      716.82           394610.00
02/20/2015      714.40      721.18      714.40      719.73           293990.00
02/18/2015      707.62      714.40      707.62      713.43           192470.00
02/17/2015      709.56      709.56      706.65      707.13           267470.00
02/16/2015      707.13      711.98      704.23      707.13           260270.00
02/13/2015      704.71      711.98      704.71      706.65           358490.00
02/12/2015      707.13      707.13      703.26      704.71           297690.00
02/11/2015      697.45      706.16      697.45      701.32           407250.00
02/10/2015      707.13      707.13      694.54      696.48           151390.00
02/09/2015      707.13      711.01      700.35      705.20           262860.00
02/06/2015      697.45      707.13      695.51      707.13           331330.00
02/05/2015      706.16      706.16      695.99      700.35           254150.00
02/04/2015      698.90      707.13      698.90      707.13           432830.00
02/03/2015      689.70      701.32      689.70      692.60           113120.00
02/02/2015      703.74      717.79      680.98      692.60           297770.00
01/30/2015      697.45      709.07      695.51      703.74           414980.00
01/29/2015      695.51      709.07      692.60      694.54           309700.00
01/28/2015      699.38      699.87      692.60      697.45           217190.00
01/27/2015      697.45      701.81      695.02      699.38           245590.00
01/26/2015      696.48      699.38      688.73      697.45           140860.00
01/23/2015      674.68      696.48      674.68      696.48           543480.00
01/22/2015      680.01      681.95      671.78      672.75           576550.00
01/21/2015      682.92      691.63      675.65      680.01           453480.00
01/20/2015      687.76      687.76      678.56      679.04           254600.00
01/19/2015      688.73      689.70      681.95      688.73           157640.00
01/14/2015      693.57      701.81      688.73      688.73           352870.00
01/13/2015      690.67      696.96      690.67      693.57           348180.00
01/12/2015      691.63      691.63      682.92      687.76           134570.00
01/09/2015      697.45      697.93      692.12      692.60           456750.00
01/08/2015      679.04      691.63      679.04      687.76           437020.00
01/07/2015      679.04      683.89      671.29      679.53           290580.00
01/06/2015      673.23      682.43      672.75      679.04           403100.00
01/05/2015      676.62      677.11      670.81      675.17           342780.00
