AEV  1216

12/27/2019       52.00       52.50       51.50       51.50          1103790.00
12/26/2019       51.00       52.10       51.00       51.95           478420.00
12/23/2019       51.65       52.00       50.15       52.00          1811520.00
12/20/2019       50.10       51.55       49.70       51.55          2478250.00
12/19/2019       51.40       51.40       49.55       50.95          1734250.00
12/18/2019       51.50       51.50       49.80       51.00           593180.00
12/17/2019       49.95       50.65       48.70       50.65          1448800.00
12/16/2019       51.85       52.35       49.80       49.80          1052390.00
12/13/2019       51.15       52.45       50.95       52.40          2023480.00
12/12/2019       51.80       51.80       50.50       51.10          2466810.00
12/11/2019       51.95       51.95       50.00       51.50           715370.00
12/10/2019       50.60       51.35       50.15       51.10           447410.00
12/09/2019       52.65       52.65       51.40       51.40           680190.00
12/06/2019       51.95       52.80       51.05       52.80          1801070.00
12/05/2019       50.05       52.35       49.65       52.35          2386590.00
12/04/2019       49.70       50.05       49.60       50.05          2216600.00
12/03/2019       49.20       50.50       49.20       49.75          1142400.00
12/02/2019       48.95       49.80       48.95       49.80           814600.00
11/29/2019       48.25       49.50       48.25       48.95          1883600.00
11/28/2019       49.00       49.40       48.05       48.95          1965600.00
11/27/2019       49.85       49.90       48.90       49.00          4838800.00
11/26/2019       50.40       51.20       48.95       48.95         26159199.00
11/25/2019       50.35       50.70       49.95       49.95           714020.00
11/22/2019       51.85       51.85       50.10       50.75           925590.00
11/21/2019       50.75       51.90       50.50       51.90           659120.00
11/20/2019       52.60       52.60       50.80       50.80           849050.00
11/19/2019       51.25       52.25       51.20       51.20           942870.00
11/18/2019       52.95       54.50       51.20       51.20           665800.00
11/15/2019       52.50       53.00       51.70       53.00          1389390.00
11/14/2019       54.05       54.05       52.40       52.80          1339490.00
11/13/2019       54.25       55.00       54.05       54.40           654550.00
11/12/2019       54.40       55.10       54.20       55.00           891600.00
11/11/2019       56.90       56.90       54.40       54.90          1022220.00
11/08/2019       55.35       56.00       54.40       56.00           535420.00
11/07/2019       54.40       55.30       54.30       55.30           537460.00
11/06/2019       56.50       56.95       54.40       54.40           929800.00
11/05/2019       56.50       56.85       55.60       56.60          2079490.00
11/04/2019       55.90       56.55       55.30       56.55           756500.00
10/31/2019       55.00       55.95       54.60       55.95          1399040.00
10/30/2019       55.00       55.00       54.50       54.95           593500.00
10/29/2019       54.70       55.00       54.55       55.00           618710.00
10/28/2019       54.70       55.00       54.40       55.00          1039250.00
10/25/2019       54.85       54.85       54.50       54.70           298380.00
10/24/2019       54.50       55.00       54.50       54.95           836280.00
10/23/2019       54.85       54.85       54.35       54.85           708270.00
10/22/2019       53.75       54.85       53.45       54.85           915870.00
10/21/2019       53.60       53.75       53.45       53.50          1273440.00
10/18/2019       54.30       54.30       53.50       53.60           217420.00
10/17/2019       53.95       54.30       53.30       54.30           506460.00
10/16/2019       53.10       53.95       53.10       53.95           657700.00
10/15/2019       53.50       53.55       53.05       53.50           216650.00
10/14/2019       53.50       53.85       53.20       53.55           236390.00
10/11/2019       52.40       53.80       51.90       53.20           674240.00
10/10/2019       54.00       54.00       51.90       51.90           340860.00
10/09/2019       53.85       53.95       53.00       53.00           695030.00
10/08/2019       53.00       54.90       53.00       54.90           980960.00
10/07/2019       54.50       54.50       52.60       54.00           453420.00
10/04/2019       51.05       54.50       51.05       54.50           693730.00
10/03/2019       52.40       52.40       50.90       52.00           615740.00
10/02/2019       53.20       53.50       52.30       52.50           512840.00
10/01/2019       53.20       53.60       52.10       53.60          1048860.00
09/30/2019       53.50       54.10       53.05       53.05           913820.00
09/27/2019       54.00       54.35       53.50       53.50           505330.00
09/26/2019       54.80       54.80       53.50       54.10           477470.00
09/25/2019       54.85       54.85       53.50       54.55           616330.00
09/24/2019       55.75       55.75       54.55       54.55           784210.00
09/23/2019       55.50       55.75       54.35       55.65           436080.00
09/20/2019       54.85       55.60       54.10       55.60          2317350.00
09/19/2019       54.50       54.90       53.80       54.90           599960.00
09/18/2019       54.70       54.70       53.85       54.60           727730.00
09/17/2019       54.45       54.80       53.60       54.75           775350.00
09/16/2019       53.55       54.70       53.05       54.70          1378220.00
09/13/2019       53.35       54.20       53.30       54.20           863930.00
09/12/2019       53.50       53.90       52.80       53.25           637990.00
09/11/2019       53.00       53.75       52.70       53.00          1174220.00
09/10/2019       52.80       53.00       52.55       52.80           799710.00
09/09/2019       52.20       52.70       51.75       52.70           215730.00
09/06/2019       52.70       53.10       52.40       52.40           773920.00
09/05/2019       52.70       53.30       52.00       53.00           972730.00
09/04/2019       52.85       53.95       52.00       52.70          1074600.00
09/03/2019       53.10       53.50       52.85       53.10          1064860.00
09/02/2019       53.00       53.90       52.45       53.10          2280790.00
08/30/2019       52.00       53.90       52.00       53.90          3207590.00
08/29/2019       51.70       52.30       50.45       52.00          2750980.00
08/28/2019       49.90       51.70       49.90       51.70          1870350.00
08/27/2019       51.25       51.25       50.00       50.00          5029290.00
08/23/2019       50.50       51.75       50.05       51.30          1099230.00
08/22/2019       50.55       51.35       50.00       50.50          1433640.00
08/20/2019       51.70       51.80       50.55       50.70           681420.00
08/19/2019       49.55       51.80       49.00       51.80          1404500.00
08/16/2019       49.25       49.90       48.55       49.50          1596800.00
08/15/2019       48.00       49.25       47.90       49.25          2007700.00
08/14/2019       51.00       51.00       49.30       49.45          1473200.00
08/13/2019       49.85       51.50       49.00       51.50          2135900.00
08/09/2019       49.95       51.40       49.85       49.85          1380800.00
08/08/2019       50.20       51.00       49.95       49.95           783100.00
08/07/2019       49.70       51.60       49.70       49.95          1166500.00
08/06/2019       51.00       51.00       49.10       49.70          2494310.00
08/05/2019       52.60       53.10       51.25       51.25          2014990.00
08/02/2019       52.30       53.30       52.25       52.60          1196700.00
08/01/2019       52.50       53.40       52.30       52.50          1210890.00
07/31/2019       53.75       54.70       52.55       53.00          1761030.00
07/30/2019       55.50       55.50       53.95       53.95           930750.00
07/29/2019       56.50       56.50       54.25       55.50          1080020.00
07/26/2019       57.75       57.75       56.00       56.00           730580.00
07/25/2019       56.60       57.80       55.80       57.80           612300.00
07/24/2019       56.00       56.95       55.30       56.00           483360.00
07/23/2019       57.00       57.20       56.20       56.55          5937470.00
07/22/2019       56.40       57.00       56.05       57.00          1145900.00
07/19/2019       57.90       57.90       57.30       57.65          1170040.00
07/18/2019       56.35       57.15       56.35       56.50           963450.00
07/17/2019       58.40       58.40       56.20       56.20           424850.00
07/16/2019       59.50       59.50       57.20       57.20           823360.00
07/15/2019       56.00       59.50       56.00       59.50          1073670.00
07/12/2019       56.80       57.10       56.00       56.00          1090530.00
07/11/2019       56.20       57.00       55.25       56.20           761730.00
07/10/2019       55.05       56.00       54.00       56.00           612560.00
07/09/2019       55.00       55.45       54.65       55.05           626770.00
07/08/2019       55.70       55.75       54.55       55.00           626840.00
07/05/2019       56.00       56.00       55.00       55.50          1897380.00
07/04/2019       56.10       56.30       55.10       55.10           326080.00
07/03/2019       55.80       56.45       55.60       56.00          1943300.00
07/02/2019       54.75       55.50       54.20       55.45           799350.00
07/01/2019       55.00       55.00       53.90       54.75           385790.00
06/28/2019       55.00       55.90       53.80       55.00           861200.00
06/27/2019       54.50       55.90       54.45       55.00          1383150.00
06/26/2019       55.40       55.40       54.05       54.50           773750.00
06/25/2019       55.50       55.80       54.90       55.40           557970.00
06/24/2019       55.25       55.60       54.85       54.85           519650.00
06/21/2019       55.00       55.05       53.90       54.85          1863320.00
06/20/2019       54.20       54.95       53.70       54.90           478230.00
06/19/2019       54.05       54.90       53.70       53.70          1426760.00
06/18/2019       54.05       55.00       53.60       55.00           891270.00
06/17/2019       55.00       55.25       54.00       54.05           972350.00
06/14/2019       56.15       56.15       54.60       55.00          1388550.00
06/13/2019       55.20       55.60       55.00       55.40          2152080.00
06/11/2019       55.70       56.50       54.80       55.45           728710.00
06/10/2019       55.30       56.70       54.45       55.70           724650.00
06/07/2019       54.80       55.35       54.15       55.35           458450.00
06/06/2019       54.40       54.75       54.15       54.55           554140.00
06/04/2019       56.70       56.70       54.10       54.50          1025230.00
06/03/2019       55.90       57.80       55.20       55.40          1472300.00
05/31/2019       54.50       55.90       54.50       55.90          1150070.00
05/30/2019       54.80       55.35       54.05       54.50          1181280.00
05/29/2019       54.20       55.40       53.35       54.80          1664720.00
05/28/2019       54.35       55.85       53.35       54.15         17478789.00
05/27/2019       52.05       54.40       52.05       54.40           673930.00
05/24/2019       52.25       53.50       50.20       52.70          1310260.00
05/23/2019       52.05       52.55       51.00       52.30          1015500.00
05/22/2019       50.20       55.50       49.40       51.80          2596000.00
05/21/2019       50.50       51.30       49.70       49.80          1390610.00
05/20/2019       48.00       50.35       48.00       50.25          1866700.00
05/17/2019       47.00       49.00       47.00       48.05          1506800.00
05/16/2019       47.00       47.50       46.95       47.00          2954300.00
05/15/2019       46.85       48.00       46.70       46.70          2754700.00
05/14/2019       48.20       49.95       46.70       46.70          4125800.00
05/10/2019       51.00       51.20       48.60       48.60          3521790.00
05/09/2019       52.55       53.00       50.80       51.20          3292440.00
05/08/2019       52.00       53.05       50.80       53.05          1519110.00
05/07/2019       53.00       53.00       52.55       52.55          1916380.00
05/06/2019       52.00       53.00       52.00       52.55          2323800.00
05/03/2019       54.00       54.95       52.00       52.00           893500.00
05/02/2019       55.95       56.00       54.00       54.00          1230110.00
04/30/2019       55.10       56.65       55.10       55.60           754520.00
04/29/2019       54.80       56.80       54.05       56.80           956380.00
04/26/2019       54.50       55.05       52.50       55.00           758070.00
04/25/2019       55.15       56.10       54.00       54.00          1299830.00
04/24/2019       55.05       56.35       55.05       55.85          1483230.00
04/23/2019       55.00       56.35       54.50       56.35           791600.00
04/22/2019       54.85       55.50       54.60       55.00           395000.00
04/17/2019       56.70       56.70       54.50       55.00           560080.00
04/16/2019       56.60       57.80       55.80       55.80           529480.00
04/15/2019       59.00       59.00       56.00       56.00          1215110.00
04/12/2019       59.20       59.75       58.95       59.00           171170.00
04/11/2019       59.75       60.95       59.20       59.20           428100.00
04/10/2019       60.20       60.95       59.95       60.95           772230.00
04/08/2019       60.40       60.60       59.95       60.00           643200.00
04/05/2019       60.25       60.60       59.00       59.95           342130.00
04/04/2019       60.00       60.25       59.00       60.25          5169190.00
04/03/2019       59.60       60.00       59.25       60.00           876500.00
04/02/2019       59.90       59.90       58.60       59.25          1557530.00
04/01/2019       58.90       59.90       58.75       59.80           493490.00
03/29/2019       59.00       59.10       58.10       58.95           651590.00
03/28/2019       59.20       59.20       58.00       58.00           503550.00
03/27/2019       58.75       59.50       57.60       58.70           417490.00
03/26/2019       59.20       59.30       57.75       58.75           582540.00
03/25/2019       59.55       59.55       57.00       59.15           816700.00
03/22/2019       59.35       60.50       58.50       59.55          1019050.00
03/21/2019       57.75       59.50       56.55       58.50          1775580.00
03/20/2019       58.40       58.40       56.20       56.20           843420.00
03/19/2019       58.00       58.75       57.95       58.40           640720.00
03/18/2019       56.90       58.00       55.75       58.00           582910.00
03/15/2019       58.35       58.35       56.95       56.95          4147040.00
03/14/2019       58.95       58.95       57.70       58.35          1973770.00
03/13/2019       57.60       59.25       57.60       58.95          2226770.00
03/12/2019       57.20       58.10       57.10       58.00          3157370.00
03/11/2019       58.85       59.05       56.90       56.90          1844930.00
03/08/2019       59.50       59.50       58.75       58.80           950040.00
03/07/2019       58.60       60.00       58.60       58.65          2094010.00
03/06/2019       58.80       60.00       58.35       58.60          1931480.00
03/05/2019       59.90       60.00       58.40       58.90          1941080.00
03/04/2019       59.00       59.95       58.60       59.80          1346780.00
03/01/2019       61.00       61.85       58.50       60.00          2149460.00
02/28/2019       63.40       63.40       61.00       61.00          2609410.00
02/27/2019       63.80       64.20       62.50       63.00           994720.00
02/26/2019       64.50       64.60       63.15       64.60           823100.00
02/22/2019       63.50       64.50       62.70       64.50           663630.00
02/21/2019       63.15       64.40       62.60       63.00          1005770.00
02/20/2019       62.20       65.15       62.20       64.50           862880.00
02/19/2019       63.55       63.60       62.10       62.15          1867170.00
02/18/2019       65.40       65.40       63.55       63.55           679270.00
02/15/2019       63.00       66.00       62.40       66.00          2127800.00
02/14/2019       63.90       63.90       62.50       62.55           769070.00
02/13/2019       63.95       63.95       62.70       63.00           572790.00
02/12/2019       64.00       64.30       62.65       63.95           794620.00
02/11/2019       63.00       64.50       62.50       64.00           864930.00
02/08/2019       63.00       64.05       62.50       62.50          1059000.00
02/07/2019       61.90       63.60       61.90       63.20           456300.00
02/06/2019       62.50       64.35       61.75       61.75           906320.00
02/04/2019       64.00       64.95       62.10       62.30           932230.00
02/01/2019       64.35       66.00       64.00       64.00          1230130.00
01/31/2019       64.40       66.55       64.00       64.25          1924040.00
01/30/2019       64.15       65.70       63.05       64.00          1042290.00
01/29/2019       65.00       65.50       63.35       64.00          1941130.00
01/28/2019       64.70       65.80       63.00       63.00          1117720.00
01/25/2019       67.00       67.00       62.30       62.30          2428360.00
01/24/2019       66.90       67.45       65.00       65.00          2191980.00
01/23/2019       64.70       65.00       64.00       65.00          1174140.00
01/22/2019       66.75       68.90       66.00       66.00          1362490.00
01/21/2019       67.90       69.50       66.60       66.60           629600.00
01/18/2019       66.00       68.65       65.95       67.90          2566800.00
01/17/2019       64.80       66.00       63.00       66.00          1112350.00
01/16/2019       64.70       64.80       60.70       64.80          1042460.00
01/15/2019       64.40       64.80       63.10       64.80          1392310.00
01/14/2019       60.70       64.40       59.10       64.40          1561530.00
01/11/2019       62.10       63.00       60.00       60.00           939200.00
01/10/2019       61.00       62.60       60.10       61.60          3007220.00
01/09/2019       58.20       61.00       57.40       61.00          2684420.00
01/08/2019       58.00       58.60       57.20       57.20           819970.00
01/07/2019       58.25       59.20       57.20       57.20          1020350.00
01/04/2019       55.70       59.55       55.70       57.00          1866700.00
01/03/2019       54.75       56.50       53.35       56.50          1028870.00
01/02/2019       55.00       56.00       52.30       53.20           648730.00
12/28/2018       55.80       55.80       54.65       55.00           663970.00
12/27/2018       56.50       56.50       54.65       55.00          1814180.00
12/26/2018       55.50       56.80       53.65       55.40           549710.00
12/21/2018       56.80       56.90       55.00       56.00          1820520.00
12/20/2018       54.35       56.95       53.50       56.90           880460.00
12/19/2018       52.50       55.50       51.80       54.50          1706870.00
12/18/2018       54.50       54.80       51.65       51.65          1081480.00
12/17/2018       55.50       55.70       54.60       54.90           661070.00
12/14/2018       54.45       56.00       53.05       56.00           973850.00
12/13/2018       53.70       55.00       52.60       55.00           784330.00
12/12/2018       51.90       53.90       51.00       53.90           297860.00
12/11/2018       51.00       51.85       50.90       51.60           461550.00
12/10/2018       50.30       51.35       50.30       50.60           668480.00
12/07/2018       53.45       53.45       50.30       50.30          1009550.00
12/06/2018       54.00       54.65       52.50       52.75         10472980.00
12/05/2018       53.30       53.90       52.05       53.60         10964830.00
12/04/2018       53.00       54.75       51.90       54.45         11295570.00
12/03/2018       54.00       54.00       51.15       52.90          1181640.00
11/29/2018       54.50       56.75       51.90       52.20         14084830.00
11/28/2018       55.55       55.55       53.00       54.50          1213800.00
11/27/2018       53.50       56.00       52.15       55.55          1757940.00
11/26/2018       48.15       55.00       48.15       53.50          1573000.00
11/23/2018       48.75       48.75       48.15       48.15           309700.00
11/22/2018       49.35       49.35       48.15       48.70           552200.00
11/21/2018       47.95       49.50       46.40       49.50          1762100.00
11/20/2018       46.00       48.00       45.70       48.00           754900.00
11/19/2018       47.00       47.30       45.55       46.85          1130600.00
11/16/2018       46.50       46.95       45.10       46.30          2005200.00
11/15/2018       45.30       46.45       44.50       45.90           157600.00
11/14/2018       44.10       46.50       44.10       45.40           954800.00
11/13/2018       45.00       45.35       44.00       45.35          1930500.00
11/12/2018       47.00       47.00       45.00       45.00           944700.00
11/09/2018       46.50       47.00       45.60       47.00           912500.00
11/08/2018       46.50       47.00       45.60       46.50          1105000.00
11/07/2018       47.00       47.00       45.60       46.40           594900.00
11/06/2018       46.80       47.90       45.95       47.40           561900.00
11/05/2018       47.00       48.00       45.20       46.80           625600.00
10/31/2018       45.95       47.00       44.10       47.00          2428900.00
10/30/2018       46.45       46.45       44.85       44.85           374700.00
10/29/2018       45.15       46.10       44.70       46.10           530400.00
10/26/2018       46.00       46.00       45.10       45.15           442500.00
10/25/2018       47.25       47.25       45.45       45.70           824800.00
10/24/2018       48.25       48.75       47.10       47.10           569200.00
10/23/2018       48.90       49.00       47.75       48.35           848400.00
10/22/2018       46.30       49.20       46.30       47.70          1074000.00
10/19/2018       47.00       47.80       46.05       47.80           872100.00
10/18/2018       45.45       47.00       45.45       47.00          1010200.00
10/17/2018       45.70       47.40       45.40       45.40          1463800.00
10/16/2018       46.00       46.20       45.10       45.65          2488500.00
10/15/2018       46.15       47.00       45.60       45.60          1821300.00
10/12/2018       46.70       47.00       45.65       46.05          2368200.00
10/11/2018       45.05       46.55       44.20       46.55           693100.00
10/10/2018       46.10       46.50       45.35       45.70          1368000.00
10/09/2018       46.95       47.00       44.70       46.00          1693400.00
10/08/2018       47.25       47.65       46.95       46.95          1001600.00
10/05/2018       47.80       48.00       46.25       47.10           531400.00
10/04/2018       48.10       48.65       47.70       47.70          1757200.00
10/03/2018       47.50       48.05       47.00       48.00          4409700.00
10/02/2018       48.25       48.25       46.15       47.90          1307800.00
10/01/2018       48.10       49.00       46.70       48.25          2171700.00
09/28/2018       50.00       51.00       48.35       49.00           969600.00
09/27/2018       50.00       50.80       47.95       49.95          2809640.00
09/26/2018       51.15       51.15       48.60       50.00          1238110.00
09/25/2018       51.20       51.25       49.30       51.25          1057470.00
09/24/2018       48.00       51.20       48.00       50.40          4900700.00
09/21/2018       44.90       48.85       44.10       46.90         37964301.00
09/20/2018       46.00       47.00       44.10       44.10          1728900.00
09/19/2018       46.45       47.90       45.95       45.95          1560300.00
09/18/2018       47.20       48.30       45.75       46.30          2523600.00
09/17/2018       49.30       49.30       47.00       47.00          1446000.00
09/14/2018       48.30       49.30       48.00       48.30          2354800.00
09/13/2018       48.20       49.40       48.20       49.00          3260100.00
09/12/2018       51.20       51.20       47.60       47.60          5480900.00
09/11/2018       52.10       52.10       50.85       51.00          2179200.00
09/10/2018       53.05       53.05       51.90       52.50          1953910.00
09/07/2018       52.80       53.45       51.60       53.30          1661140.00
09/06/2018       53.30       53.30       51.80       52.75          1864060.00
09/05/2018       53.40       53.50       52.05       53.50          3382800.00
09/04/2018       53.85       54.00       53.20       53.50          1105590.00
09/03/2018       54.00       54.05       53.55       53.80           941140.00
08/31/2018       53.30       54.30       52.60       53.45          3319470.00
08/30/2018       52.50       53.70       52.50       53.30          1270470.00
08/29/2018       54.00       54.25       52.50       52.50          2661060.00
08/28/2018       56.70       56.70       53.50       54.00          3307820.00
08/24/2018       56.65       57.50       56.50       56.70          1158630.00
08/23/2018       55.95       59.00       55.85       57.00          1033630.00
08/22/2018       56.10       56.85       54.10       55.95          1253880.00
08/20/2018       56.30       57.00       55.45       55.45           811990.00
08/17/2018       55.80       57.00       55.70       56.00          1193360.00
08/16/2018       57.85       58.60       56.10       56.35          1370940.00
08/15/2018       57.90       58.80       57.50       58.60           569790.00
08/14/2018       57.85       58.45       57.35       57.60           770090.00
08/13/2018       60.20       60.20       57.80       59.55           893080.00
08/10/2018       59.65       60.90       59.30       60.35           859050.00
08/09/2018       60.30       60.35       59.00       59.30           714100.00
08/08/2018       58.95       61.30       58.90       60.30           490550.00
08/07/2018       59.75       59.75       58.40       58.95           513530.00
08/06/2018       61.95       62.00       59.70       60.10          1571530.00
08/03/2018       59.75       61.55       58.50       61.55          1566350.00
08/02/2018       59.65       59.75       58.10       59.60          1044660.00
08/01/2018       57.00       59.70       56.00       59.70          2596260.00
07/31/2018       57.80       57.95       55.80       57.35          1708010.00
07/30/2018       55.00       57.80       55.00       57.75          1193150.00
07/27/2018       54.90       55.00       53.05       55.00          2068600.00
07/26/2018       53.30       55.30       52.95       54.95          1677310.00
07/25/2018       53.20       53.30       51.90       52.20          1133620.00
07/24/2018       51.80       53.20       51.50       53.20           453380.00
07/23/2018       50.80       52.00       50.80       51.70           589640.00
07/20/2018       53.00       53.00       50.55       50.80          1867240.00
07/19/2018       53.20       53.55       52.45       52.80          1111260.00
07/18/2018       52.95       53.55       52.95       53.20           657820.00
07/17/2018       53.55       54.15       53.10       53.15          1085610.00
07/16/2018       53.75       53.75       53.00       53.55           425820.00
07/13/2018       53.60       54.80       53.55       53.75           903390.00
07/12/2018       53.00       54.25       52.80       53.55           694220.00
07/11/2018       53.20       53.20       52.75       53.15          1092720.00
07/10/2018       52.80       52.80       52.75       52.75          1943530.00
07/09/2018       53.50       53.50       52.75       52.90           476380.00
07/06/2018       54.00       54.00       53.00       53.10          1469350.00
07/05/2018       54.90       54.90       54.00       54.35           596390.00
07/04/2018       54.00       56.10       53.30       54.90          1917420.00
07/03/2018       53.15       54.45       52.60       54.45           826900.00
07/02/2018       54.50       54.50       52.80       53.00           989630.00
06/29/2018       53.40       55.10       53.20       54.50          1591100.00
06/28/2018       54.00       54.40       53.80       54.00          4321450.00
06/27/2018       54.00       55.70       54.00       55.50           923940.00
06/26/2018       54.00       54.60       52.55       54.60          1380380.00
06/25/2018       57.00       57.35       52.65       53.95          1278260.00
06/22/2018       57.05       58.25       55.35       55.35          1295910.00
06/21/2018       59.80       61.40       57.00       57.00          1973810.00
06/20/2018       60.10       61.80       59.75       59.75          2177470.00
06/19/2018       60.15       62.20       58.05       62.20          2086140.00
06/18/2018       61.05       62.85       60.05       61.00          1380900.00
06/14/2018       61.15       63.75       60.80       62.60          3899210.00
06/13/2018       62.70       63.50       61.15       61.50          1176780.00
06/11/2018       62.60       64.00       62.60       64.00           602010.00
06/08/2018       63.50       64.00       62.05       64.00           650110.00
06/07/2018       61.95       64.00       61.95       63.50          1361420.00
06/06/2018       62.40       63.45       61.10       61.95           651040.00
06/05/2018       61.15       62.55       61.15       62.55           663830.00
06/04/2018       61.50       62.65       60.60       61.05          1309580.00
06/01/2018       58.95       63.00       58.15       63.00          1074120.00
05/31/2018       60.00       61.00       57.80       57.80         19072520.00
05/30/2018       61.50       61.80       59.30       59.45          2391030.00
05/29/2018       63.70       64.00       61.50       61.80           569740.00
05/28/2018       65.00       65.00       63.40       63.40           218300.00
05/25/2018       64.45       65.00       63.05       65.00           318480.00
05/24/2018       62.55       64.50       62.55       64.50           545390.00
05/23/2018       62.45       62.55       62.15       62.55          1012330.00
05/22/2018       62.75       63.50       62.40       62.50           721380.00
05/21/2018       62.45       62.75       62.45       62.45          1071440.00
05/18/2018       64.00       64.00       62.45       62.45           558830.00
05/17/2018       63.10       64.25       62.40       62.70          1697650.00
05/16/2018       63.10       64.50       62.00       64.50           923210.00
05/15/2018       62.85       64.90       61.40       64.50          1065950.00
05/11/2018       60.50       62.85       59.35       62.85           703190.00
05/10/2018       59.75       61.20       59.30       59.30          2071230.00
05/09/2018       61.15       61.60       59.70       59.70          2111910.00
05/08/2018       62.40       63.60       61.15       61.60          2838210.00
05/07/2018       63.00       63.80       62.30       62.40          1009190.00
05/04/2018       63.10       64.00       62.20       62.20           727340.00
05/03/2018       68.95       68.95       63.00       63.00          1280090.00
05/02/2018       68.00       69.85       67.70       67.70          1023420.00
04/30/2018       69.00       69.85       67.05       69.85           909760.00
04/27/2018       66.55       69.70       66.00       69.60           990520.00
04/26/2018       66.15       67.60       65.05       66.85          1221470.00
04/25/2018       66.70       68.00       66.65       67.40           421050.00
04/24/2018       67.50       69.70       65.00       67.95           420260.00
04/23/2018       68.70       69.80       67.25       69.80           726680.00
04/20/2018       68.00       69.10       65.50       68.65           781440.00
04/19/2018       67.00       69.20       63.40       68.00          4077420.00
04/18/2018       69.45       69.45       67.10       69.30          1017770.00
04/17/2018       68.20       69.50       68.10       69.50           475920.00
04/16/2018       68.30       68.55       68.10       68.20           702030.00
04/13/2018       68.95       70.00       68.00       68.30          1647060.00
04/12/2018       68.00       68.95       67.90       68.95           801480.00
04/11/2018       66.20       68.00       66.20       68.00           509480.00
04/10/2018       67.00       68.00       66.00       66.00          1420000.00
04/06/2018       69.60       70.40       67.25       67.95           762930.00
04/05/2018       69.35       69.50       68.10       69.50          1372380.00
04/04/2018       69.50       71.35       68.80       69.35          1343000.00
04/03/2018       68.95       69.50       68.50       68.55           675820.00
04/02/2018       68.60       69.35       67.85       68.50          1582450.00
03/28/2018       69.45       71.30       67.50       67.50          2044950.00
03/27/2018       68.10       70.00       68.00       69.45          1504980.00
03/26/2018       68.60       69.40       67.80       68.00           684530.00
03/23/2018       69.40       69.65       68.30       68.70           998660.00
03/22/2018       69.90       69.90       68.05       69.40          1634560.00
03/21/2018       71.85       71.85       68.05       68.05          1184360.00
03/20/2018       71.45       71.45       69.00       69.60           962520.00
03/19/2018       72.00       72.05       69.85       71.55          1568960.00
03/16/2018       75.00       75.00       72.05       72.05          8437330.00
03/15/2018       75.00       75.90       74.75       75.85          1787550.00
03/14/2018       76.00       76.25       74.95       76.00           856530.00
03/13/2018       75.00       76.10       75.00       76.00          1336390.00
03/12/2018       75.00       75.95       74.55       75.95           488460.00
03/09/2018       74.00       75.00       74.00       74.30           545720.00
03/08/2018       73.00       74.45       72.45       73.25          2017250.00
03/07/2018       73.10       73.35       72.50       73.00           986590.00
03/06/2018       73.40       74.90       73.00       73.25           937410.00
03/05/2018       74.05       75.95       73.50       73.65           787880.00
03/02/2018       74.00       75.50       73.80       75.50           904340.00
03/01/2018       76.50       76.50       74.75       75.50           802600.00
02/28/2018       76.90       77.50       74.50       77.40          2124190.00
02/27/2018       77.00       78.00       76.80       77.50          1023180.00
02/26/2018       75.60       79.00       74.25       79.00           992530.00
02/23/2018       76.50       76.90       74.20       75.80          1003220.00
02/22/2018       74.00       76.90       74.00       76.90          1217410.00
02/21/2018       75.40       76.35       74.05       74.80          1036850.00
02/20/2018       76.50       77.00       75.00       76.50           866860.00
02/19/2018       75.00       77.00       73.00       76.45           851610.00
02/15/2018       74.95       75.00       72.35       75.00           763540.00
02/14/2018       73.90       75.00       72.10       75.00          1861650.00
02/13/2018       72.40       73.95       71.95       73.95           451050.00
02/12/2018       72.70       72.70       71.40       72.00           778600.00
02/09/2018       73.45       74.00       71.30       71.30          1261370.00
02/08/2018       72.90       74.10       72.00       73.95           736050.00
02/07/2018       73.95       73.95       72.10       72.85           600790.00
02/06/2018       74.30       74.30       71.95       71.95          2269750.00
02/05/2018       75.05       75.05       73.50       75.00          1075440.00
02/02/2018       75.15       76.65       75.15       75.30           867190.00
02/01/2018       76.95       76.95       75.25       75.25           872690.00
01/31/2018       77.75       77.75       75.85       76.80          1370360.00
01/30/2018       77.90       77.90       75.55       77.80          1631300.00
01/29/2018       78.25       78.75       77.15       78.00           819080.00
01/26/2018       78.35       78.50       76.70       78.50           480680.00
01/25/2018       75.30       78.50       75.30       78.50          1170850.00
01/24/2018       77.00       77.25       75.25       75.25           841770.00
01/23/2018       75.40       77.50       75.40       77.50           893880.00
01/22/2018       78.00       78.80       75.00       75.00           967450.00
01/19/2018       77.00       78.00       77.00       78.00           740940.00
01/18/2018       78.15       78.15       76.55       77.80          1313160.00
01/17/2018       75.00       78.15       75.00       78.15          1105430.00
01/16/2018       75.50       77.25       74.95       75.00          2056760.00
01/15/2018       73.80       75.30       73.80       74.85           687670.00
01/12/2018       76.90       76.90       73.35       73.70          5356750.00
01/11/2018       75.95       76.70       72.80       75.40           714070.00
01/10/2018       77.45       77.45       75.25       75.95           488890.00
01/09/2018       75.95       77.50       75.65       77.50          1130000.00
01/08/2018       76.05       76.10       74.55       75.95           497880.00
01/05/2018       76.00       76.00       75.50       76.00          1116260.00
01/04/2018       74.50       76.00       74.00       76.00          1231740.00
01/03/2018       74.15       74.70       73.90       74.50           738030.00
12/29/2017       73.00       74.00       72.00       74.00          1106660.00
12/28/2017       72.50       73.15       71.50       73.15           850940.00
12/27/2017       72.20       72.70       70.10       72.50           371200.00
12/22/2017       70.65       72.70       69.70       72.70           437000.00
12/21/2017       69.00       71.00       68.50       71.00           622700.00
12/20/2017       68.00       69.50       68.00       68.90           205550.00
12/19/2017       69.00       69.00       68.05       68.90           852670.00
12/18/2017       67.55       69.50       67.55       69.00           555690.00
12/15/2017       70.20       70.20       67.50       67.50          3903320.00
12/14/2017       69.20       70.20       68.25       70.20           975240.00
12/13/2017       69.50       69.50       68.00       68.40           453840.00
12/12/2017       70.40       70.60       67.90       69.30           461690.00
12/11/2017       70.90       70.90       69.40       70.40           600390.00
12/08/2017       69.00       70.90       67.95       70.90           385020.00
12/07/2017       67.00       69.00       67.00       69.00           681560.00
12/06/2017       68.80       68.80       68.00       68.00           797710.00
12/05/2017       67.50       68.85       67.50       68.85           763210.00
12/04/2017       68.00       68.05       67.50       67.50          1201650.00
12/01/2017       70.00       70.00       67.90       68.30          1940140.00
11/29/2017       73.00       73.45       68.90       70.00          5011850.00
11/28/2017       72.00       73.45       71.10       73.45          1247590.00
11/27/2017       69.95       72.55       68.90       72.55           583060.00
11/24/2017       70.30       71.45       70.10       71.00          1366110.00
11/23/2017       70.50       71.80       68.80       71.80           571500.00
11/22/2017       69.00       70.00       68.40       68.80           970140.00
11/21/2017       70.00       70.00       69.30       69.50          1375990.00
11/20/2017       71.90       71.90       69.90       69.90          1104260.00
11/17/2017       71.00       72.00       69.50       70.00           593530.00
11/16/2017       70.70       72.00       70.05       70.05          2152090.00
11/15/2017       71.60       71.75       70.75       70.95           968210.00
11/14/2017       72.10       72.40       70.95       72.00          1272050.00
11/13/2017       72.55       74.00       72.10       72.10           780070.00
11/10/2017       73.90       74.30       72.60       72.60          1115030.00
11/09/2017       73.90       74.00       73.05       73.90           746630.00
11/08/2017       74.25       74.25       73.05       73.05          1175330.00
11/07/2017       74.10       74.30       73.10       74.30           412050.00
11/06/2017       72.30       74.20       72.15       74.20          1031460.00
11/03/2017       75.00       75.00       72.00       72.00          1745800.00
11/02/2017       74.95       75.00       73.95       75.00           965230.00
10/30/2017       74.60       74.90       73.20       74.90           367340.00
10/27/2017       74.00       74.90       72.55       74.90          1062330.00
10/26/2017       74.00       74.90       73.60       74.00           288910.00
10/25/2017       74.00       74.90       73.65       74.00           521020.00
10/24/2017       75.70       75.70       74.00       74.10           731640.00
10/23/2017       75.00       75.75       74.85       75.75           303210.00
10/20/2017       75.40       75.40       74.50       75.00           312670.00
10/19/2017       74.90       75.40       74.60       75.40           519450.00
10/18/2017       75.00       75.00       74.00       74.85           626330.00
10/17/2017       74.80       75.45       74.15       75.00          1308690.00
10/13/2017       75.75       75.75       74.40       74.80          1005670.00
10/12/2017       75.50       75.75       74.70       74.80           547860.00
10/11/2017       75.50       75.70       75.45       75.50           520410.00
10/10/2017       74.60       75.50       74.60       75.40           571000.00
10/09/2017       73.65       75.20       73.65       75.20           399560.00
10/06/2017       73.80       75.30       73.40       73.50          1194340.00
10/05/2017       75.30       75.50       73.45       73.45           575170.00
10/04/2017       75.20       75.30       74.35       75.20           900330.00
10/03/2017       74.95       75.20       74.25       75.20          1464040.00
10/02/2017       74.00       75.00       73.35       75.00          1411350.00
09/29/2017       73.40       74.05       73.30       73.30          2285270.00
09/28/2017       74.80       74.80       73.30       73.30          2227540.00
09/27/2017       74.20       74.50       73.30       74.50          2250220.00
09/26/2017       73.40       74.20       73.40       74.20           958890.00
09/25/2017       73.30       74.00       73.25       74.00           781250.00
09/22/2017       73.60       73.90       73.35       73.90           564440.00
09/21/2017       73.50       73.95       73.25       73.95           715970.00
09/20/2017       73.80       74.00       73.35       73.50           948780.00
09/19/2017       73.95       74.00       73.25       73.50           321900.00
09/18/2017       73.95       74.45       73.10       73.95          1208300.00
09/15/2017       73.60       74.00       72.75       74.00          2763280.00
09/14/2017       73.00       73.90       72.80       73.50           776920.00
09/13/2017       73.50       73.80       72.80       73.00           851840.00
09/11/2017       73.90       73.90       72.85       72.90           507250.00
09/08/2017       74.00       74.00       72.75       72.75          1612200.00
09/07/2017       74.00       74.10       73.50       73.55           906890.00
09/06/2017       74.00       74.00       73.55       74.00           750210.00
09/05/2017       73.85       74.15       73.50       74.00           924580.00
09/04/2017       74.45       74.45       73.70       74.20           803950.00
08/31/2017       74.30       74.45       73.20       74.45         27631689.00
08/30/2017       73.20       74.30       73.15       74.30           595020.00
08/29/2017       73.65       74.25       73.25       74.00           757370.00
08/25/2017       74.25       74.25       73.55       74.05           752500.00
08/24/2017       73.55       74.25       73.10       74.25           432380.00
08/23/2017       74.00       74.00       73.10       73.15           327320.00
08/22/2017       73.10       73.45       73.10       73.30           505990.00
08/18/2017       74.30       74.30       73.05       73.20           817100.00
08/17/2017       73.75       74.45       73.30       74.00           595100.00
08/16/2017       73.95       74.20       73.25       73.75           444080.00
08/15/2017       74.30       74.30       73.35       73.40            92800.00
08/14/2017       74.20       74.20       73.15       73.70           485490.00
08/11/2017       74.50       74.90       72.55       73.00           656130.00
08/10/2017       73.50       74.95       73.50       74.95           320590.00
08/09/2017       74.10       74.25       73.40       74.05           658470.00
08/08/2017       75.50       75.50       72.50       72.55           457540.00
08/07/2017       74.90       75.10       74.80       74.85           380940.00
08/04/2017       72.65       74.95       72.50       74.95          2639310.00
08/03/2017       72.50       74.30       72.25       72.50          1165140.00
08/02/2017       75.00       75.50       72.50       72.50           629380.00
08/01/2017       75.40       75.40       74.15       75.25           296450.00
07/31/2017       75.00       75.95       73.50       75.95          1377840.00
07/28/2017       75.60       75.60       73.10       74.80           718710.00
07/27/2017       75.00       75.75       74.80       75.60           783120.00
07/26/2017       74.00       74.90       73.30       74.60           835170.00
07/25/2017       74.30       75.05       73.25       74.00           667300.00
07/24/2017       75.70       75.70       74.30       74.30           597170.00
07/21/2017       74.00       75.70       72.65       75.70          1327490.00
07/20/2017       75.50       75.75       72.70       72.70          1945740.00
07/19/2017       76.00       76.00       74.90       74.90           678970.00
07/18/2017       74.90       75.90       74.90       75.70           375000.00
07/17/2017       75.75       75.75       75.05       75.40           650020.00
07/14/2017       75.75       75.75       74.60       75.00          1110910.00
07/13/2017       75.20       75.80       75.15       75.70          1352420.00
07/12/2017       74.35       75.50       74.30       75.10           538570.00
07/11/2017       74.35       75.00       74.20       74.35          1298080.00
07/10/2017       75.45       75.45       74.95       75.00          1189830.00
07/07/2017       75.85       75.85       75.30       75.35           354220.00
07/06/2017       75.85       75.90       75.80       75.85           465910.00
07/05/2017       75.90       75.90       75.20       75.90          1315460.00
07/04/2017       75.90       75.90       75.10       75.85           632010.00
07/03/2017       76.15       76.15       75.10       75.90           777740.00
06/30/2017       75.70       76.15       74.45       76.15          2011610.00
06/29/2017       75.80       75.80       75.40       75.70          1187760.00
06/28/2017       75.80       75.90       75.20       75.80          1310140.00
06/27/2017       75.60       76.00       75.00       75.80           594070.00
06/23/2017       75.85       75.85       74.20       75.85           681970.00
06/22/2017       75.00       75.50       74.90       75.00           685350.00
06/21/2017       75.00       75.80       74.20       75.80          1379120.00
06/20/2017       75.00       75.75       73.55       75.00           964320.00
06/19/2017       74.70       75.25       73.65       75.00          1018660.00
06/16/2017       75.80       75.85       73.55       73.55          2647990.00
06/15/2017       75.90       75.95       75.05       75.80           923040.00
06/14/2017       75.80       75.90       75.05       75.90          1323060.00
06/13/2017       75.30       75.90       75.30       75.90           832390.00
06/09/2017       72.75       75.40       72.75       75.30          1829720.00
06/08/2017       73.90       75.00       71.65       72.75          2034530.00
06/07/2017       75.95       76.00       73.90       73.90          6427200.00
06/06/2017       76.00       76.25       75.10       75.95          1443710.00
06/05/2017       76.20       77.00       75.80       75.95          1174000.00
06/02/2017       75.75       76.00       75.55       75.80          2345400.00
06/01/2017       76.25       76.25       75.70       76.00          1205390.00
05/31/2017       75.60       76.10       75.60       76.05          5038460.00
05/30/2017       76.00       76.30       75.65       76.00          3746230.00
05/29/2017       76.00       76.00       75.65       76.00           856700.00
05/26/2017       76.00       76.00       75.90       75.95          1329100.00
05/25/2017       76.20       76.25       75.60       76.00           753500.00
05/24/2017       76.00       76.45       75.60       76.20          1031020.00
05/23/2017       76.00       77.25       76.00       76.05          1760450.00
05/22/2017       76.80       76.80       75.75       76.00          4930970.00
05/19/2017       76.05       76.05       75.00       75.80          1213800.00
05/18/2017       76.10       76.10       75.00       76.05          1466880.00
05/17/2017       75.90       76.60       74.55       76.10          1257720.00
05/16/2017       76.40       76.40       75.45       75.95          1437270.00
05/15/2017       76.00       76.00       75.40       75.70          1280200.00
05/12/2017       75.35       76.25       74.80       76.05          1217660.00
05/11/2017       75.50       77.00       75.35       76.30          2252870.00
05/10/2017       76.40       76.90       75.50       75.50          2127370.00
05/09/2017       76.90       77.00       76.20       76.50          1894480.00
05/08/2017       75.50       76.90       75.45       76.90          1539260.00
05/05/2017       76.75       77.50       75.40       75.50          1722710.00
05/04/2017       76.60       77.00       75.85       76.75          1504540.00
05/03/2017       77.60       77.60       75.60       76.65           835890.00
05/02/2017       77.50       77.90       75.10       76.65          1434380.00
04/27/2017       76.90       77.50       75.90       76.80           599620.00
04/26/2017       77.65       77.90       75.35       76.90          1497720.00
04/25/2017       75.95       77.95       75.95       77.65          1780410.00
04/24/2017       75.50       76.10       75.00       75.35           403430.00
04/21/2017       76.50       76.50       75.25       75.35          1094640.00
04/20/2017       75.60       75.60       75.00       75.30           841360.00
04/19/2017       76.00       76.00       75.50       75.60           864800.00
04/18/2017       76.50       76.65       74.70       76.20          1612060.00
04/17/2017       75.40       76.40       75.35       76.30          1219320.00
04/12/2017       75.10       75.70       75.05       75.50           879610.00
04/11/2017       75.35       75.35       74.50       75.30          1107760.00
04/10/2017       75.40       75.40       74.75       75.30          1330470.00
04/07/2017       74.70       75.10       74.00       74.50          1211810.00
04/06/2017       74.50       75.00       73.70       74.70           853250.00
04/05/2017       75.45       75.50       73.55       74.70          1002510.00
04/04/2017       75.90       75.90       74.55       74.70          1030150.00
04/03/2017       74.50       75.00       74.40       74.55           340690.00
03/31/2017       75.10       75.10       73.60       74.45          1554270.00
03/30/2017       75.10       75.95       75.10       75.30           924940.00
03/29/2017       75.30       75.90       75.00       75.15           559000.00
03/28/2017       75.70       75.90       74.70       75.30          1343120.00
03/27/2017       75.30       75.75       75.00       75.15           363170.00
03/24/2017       75.70       75.70       74.45       75.30          1111220.00
03/23/2017       75.70       75.70       74.20       75.00          1196740.00
03/22/2017       74.50       75.85       74.25       75.00          1365700.00
03/21/2017       74.15       74.50       73.90       74.50          1525020.00
03/20/2017       73.80       74.40       73.20       74.30           940150.00
03/17/2017       74.85       75.20       72.90       72.90          4520900.00
03/16/2017       74.00       74.45       73.15       74.45          1018720.00
03/15/2017       72.75       74.00       72.75       74.00          3795760.00
03/14/2017       73.30       74.00       73.25       73.90          2940220.00
03/13/2017       74.00       74.00       73.10       73.30          1805670.00
03/10/2017       73.10       73.85       72.90       73.85          1123050.00
03/09/2017       73.80       73.80       73.00       73.10           635940.00
03/08/2017       73.45       74.20       73.20       73.20           676690.00
03/07/2017       73.50       73.90       73.00       73.90          1383390.00
03/06/2017       73.00       73.50       72.30       73.50           807900.00
03/03/2017       72.90       73.00       72.20       73.00          1109590.00
03/02/2017       72.40       73.00       72.00       72.25          1198000.00
03/01/2017       73.15       73.35       72.50       72.90           365620.00
02/28/2017       73.40       73.45       72.30       73.45          1785180.00
02/27/2017       73.15       73.15       73.00       73.00           659840.00
02/24/2017       73.70       73.70       72.80       73.15          1180750.00
02/23/2017       74.00       74.00       72.30       73.50          1722740.00
02/22/2017       73.20       73.80       73.20       73.80           742110.00
02/21/2017       72.95       73.80       72.75       73.80           480640.00
02/20/2017       72.80       73.10       72.75       72.80           223300.00
02/17/2017       73.15       73.60       72.45       73.00          1926640.00
02/16/2017       73.05       73.80       73.00       73.80          2184900.00
02/15/2017       73.25       73.85       72.95       73.00           776900.00
02/14/2017       74.00       74.00       72.75       73.20          1452520.00
02/13/2017       73.90       74.00       72.60       74.00          1290920.00
02/10/2017       74.00       74.00       72.00       72.65          1491820.00
02/09/2017       74.00       74.10       73.70       74.00          2435080.00
02/08/2017       74.10       74.20       73.65       74.00          2235110.00
02/07/2017       74.50       74.50       74.00       74.10          2363180.00
02/06/2017       74.00       74.50       73.70       74.50          1383390.00
02/03/2017       73.50       74.20       73.15       73.70           909110.00
02/02/2017       74.30       74.30       73.20       74.05          1239810.00
02/01/2017       74.80       74.80       73.05       74.00          1279420.00
01/31/2017       74.30       74.75       74.00       74.30          1253500.00
01/30/2017       74.80       75.00       73.85       74.30           952850.00
01/27/2017       75.00       75.65       74.80       74.80          1062450.00
01/26/2017       75.00       75.65       74.90       75.00          1735970.00
01/25/2017       74.95       74.95       74.75       74.90          1074770.00
01/24/2017       75.00       75.00       74.90       74.95          1093100.00
01/23/2017       74.90       75.00       74.80       75.00          1393330.00
01/20/2017       74.90       74.95       74.50       74.90          1280290.00
01/19/2017       74.80       74.80       74.60       74.80           881040.00
01/18/2017       74.30       74.85       74.30       74.70           865280.00
01/17/2017       74.50       74.85       74.20       74.30          1266710.00
01/16/2017       74.50       74.95       74.50       74.70          1065960.00
01/13/2017       74.85       74.85       74.75       74.80           421490.00
01/12/2017       75.00       75.00       74.75       74.85          1326940.00
01/11/2017       74.95       74.95       74.75       74.90           999850.00
01/10/2017       74.95       75.00       74.85       75.00          3825910.00
01/09/2017       74.80       75.25       74.50       74.95          1689700.00
01/06/2017       72.60       74.90       72.60       74.80          2794410.00
01/05/2017       71.85       74.90       71.85       72.50          2087820.00
01/04/2017       70.50       71.90       68.60       71.25          1390230.00
01/03/2017       70.70       70.70       68.50       70.55           613960.00
12/29/2016       70.90       71.25       70.00       70.80          1732590.00
12/28/2016       68.50       71.00       67.85       70.90          1289000.00
12/27/2016       67.90       68.00       66.75       67.60           966470.00
12/23/2016       66.50       67.15       66.50       66.95          1137640.00
12/22/2016       70.30       70.30       66.55       68.00          4455600.00
12/21/2016       70.50       70.75       70.00       70.15          2654740.00
12/20/2016       72.05       72.10       70.00       70.70          4667180.00
12/19/2016       74.00       74.00       72.50       72.60          1294880.00
12/16/2016       73.10       74.00       72.15       74.00          1266120.00
12/15/2016       74.75       74.75       73.00       73.10           667970.00
12/14/2016       73.80       74.20       72.15       73.75          2367320.00
12/13/2016       74.80       74.80       73.65       73.95          1879850.00
12/12/2016       74.00       74.30       72.60       74.00           759290.00
12/09/2016       75.00       75.00       73.30       74.30           816530.00
12/08/2016       74.90       74.90       72.90       74.00          2378980.00
12/07/2016       72.00       74.90       72.00       74.90          1504280.00
12/06/2016       72.00       72.60       71.55       72.00           763400.00
12/05/2016       73.00       73.20       71.55       72.00           987620.00
12/02/2016       73.25       73.60       70.35       73.00          2425520.00
12/01/2016       75.00       75.00       73.30       73.30          2356080.00
11/29/2016       73.00       75.00       73.00       73.25          5510770.00
11/28/2016       74.50       74.90       72.70       74.00          1348170.00
11/25/2016       73.40       75.00       72.90       75.00           855670.00
11/24/2016       73.00       73.95       73.00       73.40           791450.00
11/23/2016       73.25       74.50       72.70       74.00          1490800.00
11/22/2016       74.80       74.80       73.00       73.25          1005170.00
11/21/2016       76.00       76.00       75.00       75.25          1632540.00
11/18/2016       74.85       75.50       74.00       75.00          1052490.00
11/17/2016       72.70       75.00       72.70       73.55          2029700.00
11/16/2016       73.60       73.65       72.65       73.25          1882930.00
11/15/2016       72.15       73.95       72.15       73.60          1959100.00
11/14/2016       72.10       72.55       71.70       72.20          2229910.00
11/11/2016       74.65       75.85       72.10       72.55          3019910.00
11/10/2016       75.30       76.05       75.30       75.85          1353500.00
11/09/2016       77.00       77.00       75.10       75.85           971960.00
11/08/2016       76.45       77.00       74.10       77.00          3077430.00
11/07/2016       74.60       76.75       74.60       75.10          2648900.00
11/04/2016       74.45       76.90       74.10       76.90          2237180.00
11/03/2016       75.10       75.80       74.10       74.60          2684700.00
11/02/2016       76.70       76.70       75.10       75.80          2250470.00
10/28/2016       76.50       78.00       75.00       78.00          1887750.00
10/27/2016       76.55       77.50       75.50       76.70          1998360.00
10/26/2016       77.25       78.00       76.00       76.40          2233160.00
10/25/2016       78.50       78.50       76.70       77.25          1858150.00
10/24/2016       76.30       78.50       76.30       78.50           647960.00
10/21/2016       79.20       79.25       77.00       78.10          1224390.00
10/20/2016       79.50       79.50       78.05       79.20          1267830.00
10/19/2016       78.90       80.00       78.90       80.00          2491370.00
10/18/2016       75.25       79.00       74.50       79.00          2275930.00
10/17/2016       75.05       77.00       74.50       75.55          1034140.00
10/14/2016       75.20       76.50       74.95       76.50          1102550.00
10/13/2016       75.50       75.75       74.50       75.25          1315210.00
10/12/2016       76.10       76.10       75.10       75.75          1164230.00
10/11/2016       77.00       77.10       75.20       76.10          1392350.00
10/10/2016       77.00       77.00       76.00       76.80           295500.00
10/07/2016       75.65       77.40       75.65       77.00          1036780.00
10/06/2016       76.50       77.70       76.50       77.20           639220.00
10/05/2016       78.00       78.00       76.50       76.80           744590.00
10/04/2016       75.00       77.80       74.80       77.60          2312800.00
10/03/2016       76.00       76.00       75.00       75.20          1710850.00
09/30/2016       76.80       76.80       74.80       75.75          3446360.00
09/29/2016       77.30       77.30       76.55       76.90          1157980.00
09/28/2016       77.50       78.25       76.50       77.10           533870.00
09/27/2016       76.90       78.80       74.50       78.80          2397790.00
09/26/2016       78.00       78.00       76.05       77.00           471450.00
09/23/2016       79.20       79.25       76.80       78.00          1257890.00
09/22/2016       78.40       79.60       76.15       79.20          1742460.00
09/21/2016       75.80       78.40       75.60       78.40           787490.00
09/20/2016       77.00       77.30       75.60       76.30          1411060.00
09/19/2016       75.10       76.00       74.90       76.00          1576930.00
09/16/2016       77.45       77.45       75.00       75.10          3579240.00
09/15/2016       75.00       78.00       72.50       78.00          2406590.00
09/14/2016       74.55       74.60       72.00       74.60          3120890.00
09/13/2016       73.00       74.60       72.00       74.60          2025270.00
09/09/2016       73.50       74.00       73.40       73.60          1083550.00
09/08/2016       72.65       73.50       72.25       73.10          1771170.00
09/07/2016       73.80       74.90       72.70       72.85          2389770.00
09/06/2016       74.00       74.00       73.40       73.40          2078580.00
09/05/2016       73.00       74.50       73.00       73.60          1911450.00
09/02/2016       74.50       75.50       74.50       74.80          1948680.00
09/01/2016       74.00       74.90       72.50       74.50          1545440.00
08/31/2016       75.10       75.50       73.00       75.00          3736530.00
08/30/2016       76.85       76.85       74.00       75.10          2131460.00
08/26/2016       75.50       75.50       74.25       75.30          4571240.00
08/25/2016       76.00       76.50       75.25       75.50          1848320.00
08/24/2016       75.60       75.80       75.00       75.30          1853160.00
08/23/2016       75.75       75.90       75.40       75.80          1231160.00
08/22/2016       76.00       76.50       75.05       75.75          2089280.00
08/19/2016       75.65       76.50       75.50       75.65          1498090.00
08/18/2016       75.00       75.75       74.70       75.00          1958140.00
08/17/2016       75.95       77.10       74.90       75.10          2916890.00
08/16/2016       75.30       76.00       74.45       75.00          1798360.00
08/15/2016       75.10       75.10       74.70       74.80          2368580.00
08/12/2016       75.90       76.00       74.75       75.00          1667120.00
08/11/2016       75.95       75.95       74.70       75.10          3061600.00
08/10/2016       74.95       75.15       74.70       74.95          6030530.00
08/09/2016       76.00       76.00       75.00       75.15          2127480.00
08/08/2016       76.35       76.35       74.85       75.20          2126970.00
08/05/2016       75.50       76.35       75.00       75.45          1660880.00
08/04/2016       74.95       76.30       74.95       75.50          8129660.00
08/03/2016       78.00       78.00       74.35       74.95          6268880.00
08/02/2016       77.90       79.80       76.00       79.80          1497950.00
08/01/2016       79.55       79.55       77.40       77.90          1394600.00
07/29/2016       79.00       80.00       77.20       78.00          2055250.00
07/28/2016       81.45       81.45       77.40       78.00          2204600.00
07/27/2016       80.20       81.80       79.80       80.15          2002780.00
07/26/2016       82.55       82.55       78.50       80.20          7815180.00
07/25/2016       82.55       83.00       82.40       82.50          2353770.00
07/22/2016       83.00       83.00       82.00       82.50          1834270.00
07/21/2016       84.30       84.30       83.00       83.00          1382340.00
07/20/2016       83.30       84.40       83.30       84.40          1279770.00
07/19/2016       81.20       83.20       81.20       83.20          3675670.00
07/18/2016       80.00       80.50       79.30       80.50          1264860.00
07/15/2016       79.00       80.00       78.80       80.00          2246840.00
07/14/2016       78.85       78.85       77.70       78.85          1333360.00
07/13/2016       79.00       79.00       78.60       78.80          2234700.00
07/12/2016       79.40       79.40       78.50       79.00          1591570.00
07/11/2016       79.80       79.80       78.50       79.20          1884230.00
07/08/2016       78.05       79.00       78.00       78.00           920100.00
07/07/2016       77.25       78.80       77.25       78.00          1674220.00
07/05/2016       80.20       80.20       76.00       76.50          1873140.00
07/04/2016       79.45       80.00       78.80       79.10           855110.00
07/01/2016       77.95       80.30       77.95       79.00           609090.00
06/30/2016       77.95       80.90       77.95       77.95          3777230.00
06/29/2016       75.80       77.95       75.40       77.95           916890.00
06/28/2016       76.20       76.20       74.05       74.05           679980.00
06/27/2016       74.25       75.00       73.70       75.00          1222120.00
06/24/2016       76.00       76.20       74.35       74.35          1626510.00
06/23/2016       75.60       75.60       75.30       75.40           874150.00
06/22/2016       74.35       76.00       74.35       75.60          1008290.00
06/21/2016       73.90       75.40       73.50       75.10          2397580.00
06/20/2016       74.00       74.00       73.05       73.50          1912970.00
06/17/2016       73.50       73.70       73.40       73.70          2255190.00
06/16/2016       72.90       73.00       72.90       73.00          1618440.00
06/15/2016       72.90       73.00       72.75       72.90          1231870.00
06/14/2016       74.95       74.95       72.10       72.90          1300680.00
06/13/2016       74.50       75.00       72.70       75.00          1248670.00
06/10/2016       75.40       75.40       74.50       74.85          2430260.00
06/09/2016       77.65       77.75       74.30       75.40          1967840.00
06/08/2016       78.05       78.05       77.60       77.65          2054560.00
06/07/2016       78.20       78.20       77.90       78.05          2982490.00
06/06/2016       77.95       78.50       77.90       78.00          1593600.00
06/03/2016       76.45       78.15       76.45       77.90          1759740.00
06/02/2016       77.85       78.25       75.00       76.45          1930520.00
06/01/2016       78.70       78.70       75.00       77.85          1490660.00
05/31/2016       78.00       79.00       75.85       79.00         24814590.00
05/30/2016       75.90       78.00       75.90       78.00          1727010.00
05/27/2016       75.75       75.90       75.65       75.90          4421510.00
05/26/2016       74.50       75.70       74.05       75.50          3267780.00
05/25/2016       73.80       75.45       73.50       74.80          3564710.00
05/24/2016       73.00       73.90       73.00       73.50          3309460.00
05/23/2016       73.00       73.40       72.00       73.00          1876570.00
05/20/2016       71.20       73.50       71.15       72.00          4734720.00
05/19/2016       70.80       71.25       70.70       71.05          3310350.00
05/18/2016       71.00       71.20       70.70       70.90          2488230.00
05/17/2016       70.40       71.65       70.40       70.70          2251170.00
05/16/2016       68.00       70.45       68.00       70.35          2157350.00
05/13/2016       70.75       71.70       70.75       70.80          2095840.00
05/12/2016       71.40       71.40       70.50       70.50          1967980.00
05/11/2016       68.00       71.50       67.80       70.00          4871150.00
05/10/2016       64.00       67.50       63.10       67.50          2309780.00
05/06/2016       63.65       65.00       63.65       64.30          1903500.00
05/05/2016       64.50       66.00       63.50       64.30          1329920.00
05/04/2016       65.50       66.30       64.00       66.30          1471180.00
05/03/2016       65.50       66.15       65.30       65.50           838310.00
05/02/2016       65.60       66.40       65.25       66.00          1025180.00
04/29/2016       67.00       67.00       66.10       66.40          1285640.00
04/28/2016       66.80       67.00       66.60       67.00          1601750.00
04/27/2016       65.00       66.80       64.40       66.80           974150.00
04/26/2016       66.50       66.50       65.50       65.90          1153610.00
04/25/2016       65.05       66.50       64.75       66.50           497140.00
04/22/2016       63.95       65.00       63.95       65.00           886370.00
04/21/2016       63.90       64.15       63.60       64.00          2223320.00
04/20/2016       63.70       64.00       63.50       63.95          1218270.00
04/19/2016       64.00       64.00       63.40       63.70           790630.00
04/18/2016       64.40       64.50       63.50       64.00          1493640.00
04/15/2016       64.10       64.50       64.10       64.50           759800.00
04/14/2016       63.40       64.60       63.40       64.55          2286260.00
04/13/2016       64.40       64.50       63.90       64.45          1160860.00
04/12/2016       64.50       64.50       64.45       64.50           686840.00
04/11/2016       64.40       64.50       64.05       64.50           482420.00
04/08/2016       64.45       64.70       64.35       64.70          1432920.00
04/07/2016       64.45       64.45       64.00       64.45           699190.00
04/06/2016       64.00       64.20       63.40       64.00          1348020.00
04/05/2016       64.35       64.50       63.35       64.00           430910.00
04/04/2016       64.95       64.95       64.30       64.50           641470.00
04/01/2016       65.00       65.00       63.75       64.95           812480.00
03/31/2016       64.75       65.00       64.40       65.00          2816660.00
03/30/2016       65.30       65.30       64.30       64.55          2009750.00
03/29/2016       65.00       65.00       63.95       64.05          1933140.00
03/28/2016       63.05       65.00       63.05       65.00           288250.00
03/23/2016       62.75       63.30       62.00       63.05          1195360.00
03/22/2016       64.30       64.60       61.10       63.80          1620310.00
03/21/2016       64.00       64.65       64.00       64.25          1266720.00
03/18/2016       61.90       63.50       60.80       63.40          3005940.00
03/17/2016       60.80       61.50       60.80       61.50           925850.00
03/16/2016       61.00       62.00       60.00       60.00          2645570.00
03/15/2016       61.80       61.80       60.70       60.70           801010.00
03/14/2016       61.55       63.55       60.15       60.15          1988430.00
03/11/2016       60.30       61.10       60.30       61.00          1043240.00
03/10/2016       60.30       61.10       60.05       60.30          1334850.00
03/09/2016       60.15       60.30       60.05       60.20          1429880.00
03/08/2016       60.15       60.30       59.85       60.10          1189980.00
03/07/2016       60.15       60.15       59.70       60.15           926960.00
03/04/2016       61.00       61.20       59.90       59.95           594640.00
03/03/2016       59.05       61.00       59.05       60.20          4123130.00
03/02/2016       58.10       59.00       57.45       59.00          1198600.00
03/01/2016       57.00       58.10       56.90       58.10          1106920.00
02/29/2016       57.80       57.85       56.90       57.00          3653530.00
02/26/2016       57.55       58.00       57.45       57.80           695100.00
02/24/2016       57.85       58.05       57.55       58.00           733480.00
02/23/2016       58.00       58.25       57.50       57.95           852970.00
02/22/2016       57.70       57.80       57.40       57.45          1156860.00
02/19/2016       57.95       58.35       57.00       57.30           827230.00
02/18/2016       57.85       57.95       57.80       57.90          1716590.00
02/17/2016       57.95       57.95       57.75       57.85          1571890.00
02/16/2016       57.90       57.95       57.80       57.85          1765410.00
02/15/2016       57.20       57.95       57.20       57.90          1425010.00
02/12/2016       57.60       57.95       57.60       57.90           866780.00
02/11/2016       57.35       57.90       57.35       57.90           419370.00
02/10/2016       56.15       57.45       56.10       57.35           413340.00
02/09/2016       56.50       57.80       56.50       57.80           447920.00
02/05/2016       56.70       57.95       56.70       57.70          1199210.00
02/04/2016       56.20       57.25       56.20       57.25           742610.00
02/03/2016       58.00       58.00       55.90       56.20          1461940.00
02/02/2016       56.20       57.00       56.20       56.80          4037550.00
02/01/2016       58.65       58.65       55.05       58.00          2581230.00
01/29/2016       57.00       58.65       56.95       58.50          3826580.00
01/28/2016       57.00       57.00       56.25       57.00           890680.00
01/27/2016       54.50       57.30       54.50       57.30          1447450.00
01/26/2016       54.40       56.10       54.40       54.50          1052980.00
01/25/2016       54.70       56.95       54.35       56.95          1413280.00
01/22/2016       54.25       54.50       53.95       54.40           706710.00
01/21/2016       54.20       55.00       54.20       54.40          1847830.00
01/20/2016       55.80       56.00       55.00       55.45           993730.00
01/19/2016       55.40       55.40       55.05       55.15           486640.00
01/18/2016       55.05       55.80       55.05       55.40          1191180.00
01/15/2016       56.45       56.60       56.35       56.50          1036090.00
01/14/2016       55.00       56.60       55.00       56.45          1486200.00
01/13/2016       55.45       57.10       54.95       56.10          1237620.00
01/12/2016       55.00       55.65       55.00       55.00          1513960.00
01/11/2016       55.25       55.55       54.05       54.50          2299040.00
01/08/2016       56.00       56.70       55.10       56.30          1328710.00
01/07/2016       57.85       57.85       56.00       56.00          1400750.00
01/06/2016       57.85       58.00       57.80       57.90          1250340.00
01/05/2016       57.95       57.95       57.20       57.75          1345640.00
01/04/2016       58.00       58.00       57.20       57.20           691200.00
12/29/2015       57.85       57.95       57.75       57.95          1108950.00
12/28/2015       57.85       57.90       57.60       57.80          1289850.00
12/23/2015       58.00       58.00       57.80       57.90          1150010.00
12/22/2015       57.30       58.00       56.90       57.95          2460810.00
12/21/2015       56.85       57.25       56.50       56.50          1308360.00
12/18/2015       56.00       57.25       56.00       56.85          2397980.00
12/17/2015       56.30       57.00       56.25       56.95           884650.00
12/16/2015       56.30       56.30       55.35       56.10          1426340.00
12/15/2015       56.25       56.25       55.25       55.90           814780.00
12/14/2015       54.90       56.35       52.50       56.30           754580.00
12/11/2015       57.00       57.15       54.90       54.90          2299780.00
12/10/2015       56.70       57.60       56.35       57.60          1354870.00
12/09/2015       56.95       57.50       56.30       56.70           331290.00
12/08/2015       57.10       57.25       56.30       56.95           471050.00
12/07/2015       56.75       57.40       56.70       57.10           759680.00
12/04/2015       56.20       57.55       56.20       57.35           663990.00
12/03/2015       57.85       57.85       57.25       57.70           457350.00
12/02/2015       57.85       58.00       56.50       57.55           560080.00
12/01/2015       57.45       58.00       57.40       57.85          4106040.00
11/27/2015       57.05       58.30       56.60       56.60         12072370.00
11/26/2015       57.90       57.90       57.20       57.75          2044260.00
11/25/2015       57.75       57.90       56.95       57.85          1905350.00
11/24/2015       57.85       57.85       56.10       56.10          1205300.00
11/23/2015       57.85       57.85       57.00       57.85          1068360.00
11/20/2015       57.05       57.85       55.70       57.85          2516560.00
11/17/2015       55.25       57.20       55.25       55.70          1512280.00
11/16/2015       56.00       56.20       52.90       55.20          1232560.00
11/13/2015       56.75       57.30       55.90       57.00          1292470.00
11/12/2015       56.60       56.85       56.00       56.80          2059700.00
11/11/2015       56.05       56.60       56.00       56.60          2198990.00
11/10/2015       56.90       56.90       56.00       56.50           768960.00
11/09/2015       57.00       57.00       55.90       56.80           688350.00
11/06/2015       56.15       56.55       56.15       56.15           430280.00
11/05/2015       56.50       56.75       56.15       56.15          1309800.00
11/04/2015       57.35       57.35       56.30       56.50          1452640.00
11/03/2015       57.10       57.70       57.10       57.35           679700.00
11/02/2015       57.60       57.60       56.95       57.05           724850.00
10/30/2015       56.00       57.20       56.00       56.00          2051940.00
10/29/2015       57.00       58.00       56.35       58.00          1522320.00
10/28/2015       57.00       57.80       56.70       57.30           575570.00
10/27/2015       57.10       57.95       56.55       57.00          1456690.00
10/26/2015       58.20       58.20       57.10       57.10          1146840.00
10/23/2015       57.50       58.20       57.50       57.75          1763110.00
10/22/2015       57.80       57.80       57.00       57.40           434990.00
10/21/2015       56.60       57.80       56.60       57.70           924440.00
10/20/2015       57.80       57.85       56.00       57.50          1268130.00
10/19/2015       57.00       58.00       57.00       57.80           643620.00
10/16/2015       57.95       58.00       56.50       57.00          1379950.00
10/15/2015       56.20       57.50       55.90       57.40           981400.00
10/14/2015       56.05       56.70       55.70       55.90           660520.00
10/13/2015       57.90       57.90       56.05       56.05          4645210.00
10/12/2015       58.20       58.40       57.35       57.50          1734780.00
10/09/2015       58.10       58.10       57.20       57.50          1192620.00
10/08/2015       57.75       58.00       57.70       57.80          1009200.00
10/07/2015       58.10       58.10       56.60       57.50          2179870.00
10/06/2015       57.95       58.10       57.95       58.10          2129840.00
10/05/2015       56.90       57.90       56.90       57.25          2494980.00
10/02/2015       57.00       57.50       56.50       56.85          1522040.00
10/01/2015       57.80       57.85       56.60       56.60          1252950.00
09/30/2015       57.80       57.90       57.65       57.70          3262370.00
09/29/2015       57.00       57.90       56.60       57.60          1995180.00
09/28/2015       57.90       58.20       56.55       57.55           551420.00
09/24/2015       58.20       58.20       56.70       57.90          1471710.00
09/23/2015       58.45       58.45       56.50       58.20          2412530.00
09/22/2015       58.20       58.20       57.50       58.00          1365550.00
09/21/2015       58.00       58.00       57.30       57.95          1768230.00
09/18/2015       58.50       58.50       57.45       57.45          2485890.00
09/17/2015       57.60       58.40       57.60       58.20          1510300.00
09/16/2015       58.45       58.45       58.00       58.00          2249340.00
09/15/2015       58.00       58.10       57.10       57.55           591110.00
09/14/2015       57.95       58.00       56.50       58.00           955500.00
09/11/2015       58.10       58.10       56.05       57.95          1023450.00
09/10/2015       56.05       58.00       56.00       58.00          2171110.00
09/09/2015       57.60       57.80       57.00       57.25          1529590.00
09/08/2015       58.35       58.50       57.15       57.65           871070.00
09/07/2015       56.10       58.45       56.10       57.90           673470.00
09/04/2015       55.30       57.90       55.30       57.90           995670.00
09/03/2015       55.70       57.55       55.60       57.55           704590.00
09/02/2015       55.00       55.70       53.00       55.70          1198950.00
09/01/2015       54.50       55.00       54.00       54.80          2634270.00
08/28/2015       54.00       55.10       53.65       55.10          3280570.00
08/27/2015       53.10       53.90       53.10       53.50          3114150.00
08/26/2015       51.95       52.90       51.50       52.80          3180690.00
08/25/2015       52.00       52.10       50.05       51.95          3117800.00
08/24/2015       56.80       56.80       53.00       53.65          3287270.00
08/20/2015       57.55       57.55       57.05       57.50          3232720.00
08/19/2015       57.10       57.65       57.00       57.50           910550.00
08/18/2015       57.50       57.50       57.15       57.50          1158770.00
08/17/2015       57.25       57.50       57.00       57.50          1301940.00
08/14/2015       57.25       57.50       57.20       57.50           716650.00
08/13/2015       57.40       57.60       57.40       57.55          2993540.00
08/12/2015       57.50       57.60       57.45       57.45          1283400.00
08/11/2015       57.55       57.95       57.50       57.70          1261900.00
08/10/2015       57.50       58.50       57.50       58.05           598310.00
08/07/2015       58.00       58.50       57.60       58.00           755370.00
08/06/2015       58.80       58.80       57.70       57.70          1032090.00
08/05/2015       58.90       58.90       58.70       58.80           979070.00
08/04/2015       58.30       58.75       58.30       58.75          1308440.00
08/03/2015       59.00       59.00       57.20       58.30          1496890.00
07/31/2015       59.00       59.00       57.95       58.50          1655240.00
07/30/2015       58.95       59.00       58.60       58.90          1111590.00
07/29/2015       57.80       59.00       57.80       58.60          1312020.00
07/28/2015       57.20       58.00       56.10       57.80           940180.00
07/27/2015       57.80       57.85       57.20       57.45           935850.00
07/24/2015       59.00       59.05       57.75       57.75           602130.00
07/23/2015       58.50       59.00       58.05       59.00           754130.00
07/22/2015       58.65       58.65       57.90       58.65           868910.00
07/21/2015       58.00       58.60       57.20       58.60           931670.00
07/20/2015       57.45       58.50       57.00       58.00           428290.00
07/16/2015       57.80       58.50       57.65       58.50           675440.00
07/15/2015       57.40       57.50       57.00       57.30           325640.00
07/14/2015       57.50       57.75       57.05       57.10          1875020.00
07/13/2015       57.00       57.90       57.00       57.50          3571020.00
07/10/2015       56.30       57.45       56.30       57.25          1479620.00
07/09/2015       57.10       57.95       56.80       57.95          1506470.00
07/08/2015       57.05       57.20       57.00       57.10          2334670.00
07/07/2015       57.95       57.95       57.05       57.30           654080.00
07/06/2015       57.45       58.00       57.00       58.00          1129550.00
07/03/2015       57.00       57.20       57.00       57.00           625660.00
07/02/2015       57.10       57.10       56.40       57.00          1897740.00
07/01/2015       56.85       57.60       56.80       57.55          1130780.00
06/30/2015       56.65       58.20       56.60       58.05         12855630.00
06/29/2015       57.90       58.00       57.00       57.90           408160.00
06/26/2015       57.90       58.00       57.85       57.90           734820.00
06/25/2015       58.25       58.25       56.80       56.80          1449760.00
06/24/2015       57.10       58.30       56.65       58.30          1380520.00
06/23/2015       57.30       57.50       56.65       57.00           976620.00
06/22/2015       56.90       57.30       56.55       57.30           832320.00
06/19/2015       56.05       57.30       56.05       56.55          2405180.00
06/18/2015       57.00       57.00       56.20       57.00           738720.00
06/17/2015       56.10       56.35       56.05       56.30           867780.00
06/16/2015       56.00       56.35       55.55       56.10          1187180.00
06/15/2015       57.20       57.20       56.00       56.20           687570.00
06/11/2015       55.50       56.80       55.25       56.80          1063770.00
06/10/2015       54.00       55.40       54.00       55.40          1435750.00
06/09/2015       54.50       55.30       53.00       54.50           819960.00
06/08/2015       55.60       55.60       54.50       54.70          1000770.00
06/05/2015       55.55       55.90       55.50       55.60           640500.00
06/04/2015       56.50       56.50       55.50       55.80          2972790.00
06/03/2015       56.00       57.00       56.00       56.50          7142700.00
06/02/2015       56.30       57.20       55.95       57.05          1342110.00
06/01/2015       57.40       57.50       55.60       57.35           851000.00
05/29/2015       56.40       57.80       56.00       56.00          4860220.00
05/28/2015       57.00       57.00       55.60       56.95           778260.00
05/27/2015       57.00       57.50       56.50       57.00          1247460.00
05/26/2015       57.40       57.50       57.00       57.20           836100.00
05/25/2015       57.45       57.45       57.20       57.40           334350.00
05/22/2015       57.40       57.45       56.80       57.45           736800.00
05/21/2015       57.45       57.45       56.55       57.00           643130.00
05/20/2015       57.35       58.20       56.30       56.50          1766120.00
05/19/2015       57.80       57.95       57.50       57.60           861370.00
05/18/2015       57.60       57.70       57.50       57.50          1047120.00
05/15/2015       57.90       57.90       57.20       57.65          1073880.00
05/14/2015       56.90       57.95       56.20       57.25          1636690.00
05/13/2015       56.75       58.00       56.75       57.95           908500.00
05/12/2015       57.45       58.00       56.50       57.75          1394100.00
05/11/2015       57.65       57.90       57.55       57.90           658060.00
05/08/2015       57.30       57.90       57.30       57.65          1324140.00
05/07/2015       56.80       58.00       55.60       56.80           888300.00
05/06/2015       57.50       57.50       57.00       57.50           778200.00
05/05/2015       57.60       57.60       57.30       57.50          3634650.00
05/04/2015       57.00       57.00       56.00       57.00          1104010.00
04/30/2015       57.20       57.70       54.50       56.65          2126370.00
04/29/2015       58.05       58.05       57.00       57.20          1530750.00
04/28/2015       58.30       58.30       58.00       58.05          1057500.00
04/27/2015       58.40       58.40       57.80       58.00          2910670.00
04/24/2015       57.85       58.35       57.60       58.00          1296970.00
04/23/2015       57.80       58.00       57.30       57.95           996200.00
04/22/2015       57.80       57.85       55.25       57.85           929870.00
04/21/2015       57.90       58.00       57.00       57.85           721890.00
04/20/2015       58.50       58.50       56.10       57.00          1041420.00
04/17/2015       56.70       58.50       56.70       58.50          1155000.00
04/16/2015       57.45       57.45       55.10       56.70          2784470.00
04/15/2015       57.95       58.00       57.00       58.00           926030.00
04/14/2015       57.55       58.00       57.55       58.00           998630.00
04/13/2015       58.10       58.20       57.80       58.10           675120.00
04/10/2015       57.10       58.85       57.10       58.10           932230.00
04/08/2015       58.00       58.15       57.50       57.80           624750.00
04/07/2015       58.30       58.80       57.95       58.00           813750.00
04/06/2015       56.85       58.05       56.85       58.05          2217150.00
04/01/2015       58.20       58.45       56.85       57.50          1206570.00
03/31/2015       57.50       58.15       57.50       58.00          3812000.00
03/30/2015       57.50       59.20       57.10       57.10          2274720.00
03/27/2015       57.05       57.30       56.55       57.05          1635760.00
03/26/2015       56.90       57.00       55.60       57.00           493040.00
03/25/2015       56.95       56.95       55.05       56.90           952910.00
03/24/2015       56.40       56.95       55.55       56.95          1069240.00
03/23/2015       56.95       56.95       55.55       56.40           549030.00
03/20/2015       55.90       56.35       55.50       55.75          2099210.00
03/19/2015       56.95       56.95       56.00       56.00          1664250.00
03/18/2015       57.65       58.00       57.00       57.10           940770.00
03/17/2015       57.40       58.40       57.00       57.70          1140510.00
03/16/2015       57.00       58.50       56.80       57.40          1394890.00
03/13/2015       57.90       58.20       56.10       57.00          1286050.00
03/12/2015       58.80       58.80       57.80       58.30          1088080.00
03/11/2015       58.60       58.60       57.50       58.60          1676940.00
03/10/2015       58.50       59.00       58.00       58.60           683300.00
03/09/2015       59.00       59.00       58.00       58.50           750020.00
03/06/2015       58.10       59.00       58.00       59.00           722740.00
03/05/2015       58.00       58.20       57.30       58.10          1618120.00
03/04/2015       57.10       58.50       57.10       58.00          1201200.00
03/03/2015       58.20       58.20       57.00       57.00           956920.00
03/02/2015       56.85       58.00       56.80       58.00          1150510.00
02/27/2015       57.95       58.05       56.00       56.85          1634800.00
02/26/2015       57.05       58.00       57.00       58.00          1158790.00
02/25/2015       57.95       58.00       57.70       58.00          1199600.00
02/24/2015       57.80       58.00       57.70       57.95          1394960.00
02/23/2015       57.80       57.80       57.00       57.50           624920.00
02/20/2015       56.80       57.90       56.10       57.90          2207300.00
02/18/2015       57.35       57.40       56.80       56.80           436300.00
02/17/2015       57.65       57.65       57.05       57.35           626740.00
02/16/2015       57.60       57.60       57.00       57.10           585160.00
02/13/2015       58.00       58.00       57.10       57.80          1577400.00
02/12/2015       57.90       57.90       57.05       57.90          1375590.00
02/11/2015       58.00       58.00       56.40       57.90           784050.00
02/10/2015       57.00       58.00       57.00       57.90          5567260.00
02/09/2015       58.00       58.00       56.80       57.10           754390.00
02/06/2015       58.00       58.05       57.50       58.00          4209330.00
02/05/2015       58.00       58.00       56.50       57.50          2556050.00
02/04/2015       57.90       58.00       57.60       58.00          3089970.00
02/03/2015       57.90       57.90       56.00       57.55          1075370.00
02/02/2015       56.60       58.50       56.60       57.80          2288870.00
01/30/2015       56.70       56.85       56.45       56.60          2083570.00
01/29/2015       56.75       57.90       56.50       56.85          2143010.00
01/28/2015       56.20       56.70       56.20       56.55          6038820.00
01/27/2015       55.75       56.35       55.75       56.00          1688840.00
01/26/2015       55.45       55.75       55.35       55.75          1234830.00
01/23/2015       55.10       55.50       55.10       55.45          2780920.00
01/22/2015       55.00       55.20       54.85       55.00          1950290.00
01/21/2015       55.00       55.20       54.90       55.00          1972500.00
01/20/2015       54.40       54.60       54.00       54.40          6114520.00
01/19/2015       54.65       54.95       53.80       54.40           311970.00
01/14/2015       54.40       55.00       54.40       54.95          2552900.00
01/13/2015       54.30       54.45       54.20       54.40          3033140.00
01/12/2015       54.20       54.20       53.20       54.20          1277170.00
01/09/2015       54.15       54.25       54.15       54.20          3601290.00
01/08/2015       53.05       54.10       53.05       54.00          2228960.00
01/07/2015       53.00       53.70       52.65       53.55          2313510.00
01/06/2015       53.65       53.75       52.40       53.75          1917280.00
01/05/2015       53.70       53.70       53.45       53.65          1128190.00
