AGI  1216

12/27/2019       11.54       11.76       11.54       11.66         17493801.00
12/26/2019       11.52       11.64       11.44       11.60          4679700.00
12/23/2019       11.50       11.54       11.42       11.46          1768900.00
12/20/2019       11.32       11.50       11.28       11.50         24543699.00
12/19/2019       11.36       11.50       11.30       11.32         19321500.00
12/18/2019       11.32       11.60       11.24       11.36         24237699.00
12/17/2019       11.40       11.44       11.22       11.32         20444900.00
12/16/2019       11.16       11.40       11.16       11.38         18540500.00
12/13/2019       11.16       11.26       11.10       11.16          7538000.00
12/12/2019       11.12       11.16       11.10       11.10          7520700.00
12/11/2019       11.12       11.26       11.06       11.10         12672800.00
12/10/2019       11.10       11.10       11.04       11.08         14118800.00
12/09/2019       11.08       11.20       11.08       11.08          4794200.00
12/06/2019       11.06       11.24       11.04       11.12          3764800.00
12/05/2019       11.04       11.12       11.04       11.06         16632100.00
12/04/2019       11.02       11.12       11.02       11.10          3866600.00
12/03/2019       10.94       11.16       10.94       11.06         22742301.00
12/02/2019       11.10       11.10       10.98       11.06          6179600.00
11/29/2019       11.06       11.18       11.04       11.06         20421100.00
11/28/2019       11.08       11.18       11.04       11.10         39623301.00
11/27/2019       10.92       11.28       10.88       11.18         40661199.00
11/26/2019       11.14       11.28       10.78       10.78        305565500.00
11/25/2019       11.18       11.26       11.00       11.14         19075500.00
11/22/2019       11.24       11.26       11.14       11.18         16579000.00
11/21/2019       11.30       11.36       11.12       11.22         12195100.00
11/20/2019       11.50       11.56       11.32       11.32          7913300.00
11/19/2019       11.38       11.52       11.34       11.40        209679906.00
11/18/2019       11.54       11.58       11.30       11.40          6499200.00
11/15/2019       11.58       11.66       11.40       11.54          6660800.00
11/14/2019       11.60       11.64       11.50       11.60         17835500.00
11/13/2019       11.70       11.72       11.50       11.62         17542100.00
11/12/2019       11.38       11.72       11.14       11.64         20756699.00
11/11/2019       10.60       11.28       10.60       11.28         35128898.00
11/08/2019       11.12       11.12       10.44       10.62         80092094.00
11/07/2019       11.66       11.66       11.06       11.30         16353700.00
11/06/2019       11.80       11.80       11.50       11.50         10149100.00
11/05/2019       11.62       11.74       11.54       11.74          6397100.00
11/04/2019       11.48       11.74       11.48       11.70          2169400.00
10/31/2019       11.52       11.60       11.34       11.48         13160000.00
10/30/2019       11.88       11.88       11.60       11.60         10920500.00
10/29/2019       11.60       11.96       11.58       11.96         21391600.00
10/28/2019       11.70       11.70       11.44       11.62          3959200.00
10/25/2019       11.90       11.90       11.30       11.70         11287900.00
10/24/2019       11.72       11.90       11.70       11.90          2778900.00
10/23/2019       11.98       12.06       11.70       11.70          4028700.00
10/22/2019       11.80       12.00       11.72       11.98          5332900.00
10/21/2019       11.70       11.82       11.66       11.82          5122800.00
10/18/2019       11.78       11.80       11.52       11.64         10588600.00
10/17/2019       11.72       11.78       11.52       11.78          2970600.00
10/16/2019       11.52       11.70       11.40       11.70          4203400.00
10/15/2019       11.20       11.66       11.18       11.48         17170301.00
10/14/2019       10.82       11.16       10.82       11.06          4288400.00
10/11/2019       10.78       10.90       10.74       10.78          3994700.00
10/10/2019       10.90       11.04       10.66       10.66         25137000.00
10/09/2019       10.62       10.98       10.52       10.90         12324100.00
10/08/2019       10.90       11.28       10.60       10.60         17923400.00
10/07/2019       11.10       11.10       10.82       10.90          7084900.00
10/04/2019       10.64       11.40       10.46       11.28         23908100.00
10/03/2019       10.78       10.78       10.34       10.46          7819800.00
10/02/2019       10.80       11.18       10.60       10.60          8839000.00
10/01/2019       10.92       11.00       10.76       10.80          8021500.00
09/30/2019       10.90       11.24       10.70       10.90         17928199.00
09/27/2019       11.30       11.36       10.74       10.90         15782500.00
09/26/2019       11.36       11.50       11.12       11.30         24402900.00
09/25/2019       11.80       11.80       11.22       11.30         12209800.00
09/24/2019       12.06       12.16       11.72       11.86          9331900.00
09/23/2019       12.44       12.44       12.06       12.06          4819100.00
09/20/2019       12.38       12.50       12.26       12.26         10024200.00
09/19/2019       12.56       12.58       12.18       12.38          5398000.00
09/18/2019       12.76       12.76       12.46       12.50          5452800.00
09/17/2019       12.70       12.70       12.44       12.56          1709600.00
09/16/2019       12.70       12.80       12.42       12.76          3173900.00
09/13/2019       12.78       12.78       12.58       12.68          2415600.00
09/12/2019       12.40       12.78       12.38       12.50          3844300.00
09/11/2019       12.38       12.38       12.28       12.38          4666800.00
09/10/2019       12.10       12.28       12.10       12.12          6105100.00
09/09/2019       12.44       12.44       12.12       12.20          4095600.00
09/06/2019       12.16       12.40       12.16       12.20          6690200.00
09/05/2019       12.48       12.50       12.06       12.10         11444000.00
09/04/2019       12.60       12.60       12.10       12.24          5334100.00
09/03/2019       12.90       12.90       12.44       12.44          7399300.00
09/02/2019       13.00       13.10       12.80       12.92          4372300.00
08/30/2019       12.98       13.16       12.60       12.70         11598500.00
08/29/2019       12.78       13.16       12.78       12.98          5030300.00
08/28/2019       12.34       12.88       12.26       12.76          8412500.00
08/27/2019       12.26       12.42       12.10       12.26         13485300.00
08/23/2019       12.76       12.80       12.06       12.26         19819301.00
08/22/2019       13.20       13.20       12.64       12.80         19390801.00
08/20/2019       13.30       13.38       13.08       13.20         10724000.00
08/19/2019       13.20       13.30       13.08       13.20         11098600.00
08/16/2019       12.88       13.10       12.84       13.02         14742400.00
08/15/2019       13.06       13.06       12.40       12.68         18355000.00
08/14/2019       14.00       14.00       13.30       13.30          9213800.00
08/13/2019       14.18       14.18       13.34       14.12          7329800.00
08/09/2019       14.46       14.48       14.18       14.18          2398100.00
08/08/2019       14.64       14.74       14.46       14.46          3319100.00
08/07/2019       14.64       14.90       14.64       14.80          6954000.00
08/06/2019       15.06       15.06       14.60       14.60          6000500.00
08/05/2019       15.50       15.50       15.16       15.22          5156400.00
08/02/2019       15.32       15.50       15.30       15.50          4427100.00
08/01/2019       15.50       15.62       15.22       15.62          3238800.00
07/31/2019       15.50       15.64       15.40       15.58          5602900.00
07/30/2019       15.70       15.80       15.54       15.60          3393100.00
07/29/2019       15.80       15.80       15.60       15.74          2204900.00
07/26/2019       15.78       15.90       15.50       15.80          7415900.00
07/25/2019       15.60       15.80       15.54       15.80          5246900.00
07/24/2019       15.72       15.72       15.46       15.60          3183700.00
07/23/2019       15.78       15.84       15.68       15.72          2866300.00
07/22/2019       15.68       15.74       15.52       15.74          2439300.00
07/19/2019       15.60       16.04       15.48       15.90          8617000.00
07/18/2019       15.64       15.74       15.48       15.58          3069300.00
07/17/2019       15.84       15.84       15.64       15.64          9960500.00
07/16/2019       15.74       16.20       15.74       15.82         16138500.00
07/15/2019       15.46       15.90       15.28       15.70          6189000.00
07/12/2019       15.74       15.74       15.50       15.50          5076700.00
07/11/2019       15.40       15.74       15.36       15.74          2055400.00
07/10/2019       15.22       15.48       15.22       15.40          5145900.00
07/09/2019       15.22       15.32       15.14       15.20          3753700.00
07/08/2019       15.40       15.62       15.14       15.30          6328400.00
07/05/2019       15.68       15.78       15.56       15.70          5698200.00
07/04/2019       15.72       15.92       15.68       15.70          4932600.00
07/03/2019       15.84       15.88       15.70       15.70          3564900.00
07/02/2019       15.44       15.96       15.44       15.86          8362000.00
07/01/2019       15.44       15.60       15.38       15.42          4111300.00
06/28/2019       15.46       15.70       15.28       15.44          5802300.00
06/27/2019       15.24       15.46       15.20       15.32          5658200.00
06/26/2019       15.40       15.40       15.12       15.24          6132700.00
06/25/2019       15.42       15.50       15.30       15.40          3503100.00
06/24/2019       15.18       15.36       15.18       15.20          1945500.00
06/21/2019       15.38       15.56       15.12       15.12          6582400.00
06/20/2019       15.22       15.50       15.22       15.30          7200800.00
06/19/2019       15.10       15.30       15.04       15.20          2281000.00
06/18/2019       15.40       15.40       15.08       15.10          3313300.00
06/17/2019       15.50       15.54       15.36       15.40          2494600.00
06/14/2019       15.58       15.70       15.44       15.50          6818200.00
06/13/2019       15.74       15.80       15.42       15.58          5522800.00
06/11/2019       15.96       16.08       15.70       15.80          4182200.00
06/10/2019       15.52       15.98       15.40       15.98          2719800.00
06/07/2019       15.56       15.60       15.40       15.52           901200.00
06/06/2019       15.80       15.84       15.46       15.60          5048200.00
06/04/2019       15.98       15.98       15.50       15.90          3761400.00
06/03/2019       15.56       16.08       15.32       16.00          9213900.00
05/31/2019       15.28       15.60       15.20       15.60         11671400.00
05/30/2019       15.10       15.46       15.10       15.28          5516400.00
05/29/2019       14.98       15.16       14.90       15.10          4631700.00
05/28/2019       14.54       15.00       14.50       15.00         15426100.00
05/27/2019       14.74       14.74       14.46       14.54          2449800.00
05/24/2019       14.66       14.74       14.28       14.70          2877000.00
05/23/2019       14.60       14.74       14.16       14.74          4160200.00
05/22/2019       14.70       14.74       14.50       14.60          4525900.00
05/21/2019       14.00       14.74       13.90       14.74          6861000.00
05/20/2019       13.90       13.90       13.50       13.80          5436100.00
05/17/2019       13.50       14.12       13.50       13.90         11236100.00
05/16/2019       13.60       13.82       13.44       13.60          8470200.00
05/15/2019       13.92       14.00       13.60       13.60          5080600.00
05/14/2019       13.36       13.90       13.12       13.88          6328400.00
05/10/2019       13.62       13.96       13.42       13.60         12240300.00
05/09/2019       14.30       14.34       13.58       13.58         13910500.00
05/08/2019       14.52       14.80       14.40       14.40         12025000.00
05/07/2019       14.96       14.98       14.78       14.84          5887900.00
05/06/2019       15.38       15.38       14.74       15.10          5671600.00
05/03/2019       15.56       15.56       15.32       15.32          2982300.00
05/02/2019       14.94       15.56       14.82       15.56          8756100.00
04/30/2019       15.18       15.18       14.80       14.96          3124500.00
04/29/2019       14.98       15.18       14.80       15.18          4348300.00
04/26/2019       14.94       15.00       14.82       14.96          3028800.00
04/25/2019       14.50       14.86       14.50       14.82          6762700.00
04/24/2019       14.50       14.78       14.40       14.50          8170900.00
04/23/2019       14.94       14.94       14.50       14.56          7906000.00
04/22/2019       15.10       15.16       14.96       15.00          4392200.00
04/17/2019       14.80       15.12       14.68       14.98         21679400.00
04/16/2019       14.84       14.92       14.60       14.66          6577800.00
04/15/2019       15.38       15.40       14.88       14.98         11692200.00
04/12/2019       15.70       15.70       15.38       15.40          8040500.00
04/11/2019       16.02       16.26       15.60       15.60         11593000.00
04/10/2019       16.14       16.38       15.84       16.32         34444602.00
04/08/2019       15.96       16.50       15.96       16.40         15595200.00
04/05/2019       16.00       16.10       15.84       15.96          7091900.00
04/04/2019       16.02       16.10       15.66       16.00          4753600.00
04/03/2019       16.00       16.16       15.94       16.16          2780000.00
04/02/2019       15.68       15.90       15.68       15.90          3816800.00
04/01/2019       16.12       16.12       15.60       15.66          5983300.00
03/29/2019       16.24       16.30       15.98       16.16          7062200.00
03/28/2019       16.00       16.18       15.92       16.18          8405300.00
03/27/2019       15.94       16.04       15.78       15.94          4667000.00
03/26/2019       15.92       16.24       15.92       16.06          5865100.00
03/25/2019       16.30       16.30       15.80       15.94          4578900.00
03/22/2019       15.74       16.30       15.74       16.30         18730699.00
03/21/2019       15.72       15.78       15.60       15.78          7015800.00
03/20/2019       15.48       15.74       15.42       15.72          6927800.00
03/19/2019       15.60       15.62       15.46       15.56          8345200.00
03/18/2019       15.50       15.60       15.32       15.58         12481800.00
03/15/2019       15.12       15.50       15.00       15.50         13736200.00
03/14/2019       14.90       15.20       14.80       15.10          8775300.00
03/13/2019       15.00       15.08       14.70       14.98          5764300.00
03/12/2019       15.00       15.16       14.96       15.00          9268100.00
03/11/2019       14.60       15.06       14.58       14.98         17669699.00
03/08/2019       14.62       14.62       14.44       14.62          3655100.00
03/07/2019       14.10       14.64       14.00       14.58         10369300.00
03/06/2019       14.06       14.18       13.92       14.18          7705400.00
03/05/2019       13.94       14.06       13.80       13.94          6360300.00
03/04/2019       13.70       13.98       13.66       13.90          3833500.00
03/01/2019       13.70       13.90       13.52       13.70          6901500.00
02/28/2019       14.10       14.20       13.70       13.70         12851600.00
02/27/2019       14.22       14.24       13.94       13.98         11483700.00
02/26/2019       14.04       14.28       14.02       14.20          7827700.00
02/22/2019       14.30       14.30       13.86       14.00          4124600.00
02/21/2019       14.24       14.30       14.08       14.30          7725300.00
02/20/2019       13.90       14.28       13.90       14.20         10395700.00
02/19/2019       13.88       13.88       13.66       13.82          6178200.00
02/18/2019       13.86       13.98       13.72       13.88          5783000.00
02/15/2019       13.86       14.02       13.80       13.86         11061600.00
02/14/2019       13.80       14.08       13.80       13.86          4507400.00
02/13/2019       14.30       14.30       13.66       13.66          6548900.00
02/12/2019       14.00       14.32       13.98       14.30          9980800.00
02/11/2019       13.78       14.20       13.78       13.96          4567600.00
02/08/2019       13.80       13.86       13.62       13.78          6829400.00
02/07/2019       13.82       13.88       13.78       13.86          1715700.00
02/06/2019       13.80       13.98       13.80       13.80          6405900.00
02/04/2019       13.90       14.18       13.80       13.80          2792400.00
02/01/2019       13.88       13.96       13.86       13.90          9995400.00
01/31/2019       13.64       13.94       13.64       13.70         13581800.00
01/30/2019       14.06       14.08       13.50       13.62          8805900.00
01/29/2019       14.30       14.36       13.96       14.08          4437300.00
01/28/2019       14.36       14.40       14.22       14.28          4767500.00
01/25/2019       14.24       14.40       14.20       14.38          6339900.00
01/24/2019       14.30       14.42       14.16       14.26          6270800.00
01/23/2019       14.14       14.30       14.00       14.20         11284300.00
01/22/2019       14.08       14.16       13.98       14.06         12669700.00
01/21/2019       14.14       14.26       13.98       14.08         15844500.00
01/18/2019       13.96       14.28       13.74       14.28         12213700.00
01/17/2019       13.50       14.10       13.46       13.96         22299500.00
01/16/2019       13.44       13.46       13.04       13.38          9529600.00
01/15/2019       12.98       13.48       12.98       13.40         10139900.00
01/14/2019       12.76       13.12       12.54       13.06          9712000.00
01/11/2019       12.82       12.82       12.62       12.78         19622400.00
01/10/2019       12.28       12.88       12.26       12.72         26274400.00
01/09/2019       11.90       12.22       11.80       12.18         14129700.00
01/08/2019       11.80       11.90       11.76       11.78          9119900.00
01/07/2019       11.96       11.96       11.74       11.80         12914500.00
01/04/2019       11.90       12.00       11.80       11.80          4427600.00
01/03/2019       11.90       12.00       11.88       11.90          5575900.00
01/02/2019       11.92       12.02       11.80       11.90          2535100.00
12/28/2018       11.98       12.00       11.74       11.90          3413200.00
12/27/2018       11.88       12.04       11.88       11.98          3969200.00
12/26/2018       12.20       12.20       11.68       11.74          4334000.00
12/21/2018       12.40       12.40       12.22       12.30          7213500.00
12/20/2018       12.28       12.46       12.18       12.46          3625500.00
12/19/2018       12.26       12.36       12.20       12.28          7492600.00
12/18/2018       12.38       12.40       12.16       12.26          6348100.00
12/17/2018       12.24       12.48       12.22       12.42          6413800.00
12/14/2018       12.16       12.24       12.10       12.24         14096000.00
12/13/2018       12.08       12.26       12.08       12.20         13187100.00
12/12/2018       11.82       12.02       11.80       11.90         17351699.00
12/11/2018       11.66       11.92       11.64       11.82          7284000.00
12/10/2018       11.82       11.82       11.58       11.66          1156700.00
12/07/2018       11.76       11.88       11.62       11.86          7171100.00
12/06/2018       11.92       11.92       11.74       11.88          4176200.00
12/05/2018       11.72       11.96       11.60       11.90          8134000.00
12/04/2018       11.54       11.84       11.52       11.84         24826801.00
12/03/2018       11.60       11.64       11.28       11.40         30395900.00
11/29/2018       11.30       11.58       11.16       11.42         35605500.00
11/28/2018       11.24       11.40       11.00       11.16          5225300.00
11/27/2018       11.22       11.40       11.22       11.24          4115500.00
11/26/2018       11.20       11.22       11.14       11.18         12146300.00
11/23/2018       11.10       11.24       11.04       11.14         11034000.00
11/22/2018       10.80       11.10       10.74       11.00         22110699.00
11/21/2018       10.86       10.88       10.60       10.74          5810600.00
11/20/2018       10.76       10.98       10.64       10.88          6987000.00
11/19/2018       10.80       10.82       10.60       10.76         16400100.00
11/16/2018       10.42       10.72       10.30       10.70         11630400.00
11/15/2018       10.54       10.74       10.18       10.28          9166800.00
11/14/2018       10.52       10.76       10.52       10.54         10828900.00
11/13/2018       10.60       10.62       10.36       10.50          7897100.00
11/12/2018       11.08       11.10       10.44       10.60         14000600.00
11/09/2018       11.48       11.62       11.12       11.12          8806800.00
11/08/2018       11.42       11.60       11.32       11.44          5311900.00
11/07/2018       11.64       11.88       11.34       11.42          6070600.00
11/06/2018       11.70       12.02       11.52       11.64          5203900.00
11/05/2018       11.58       11.88       11.50       11.80          8368300.00
10/31/2018       11.54       11.56       11.34       11.36          6127200.00
10/30/2018       11.70       11.70       11.32       11.32          7440700.00
10/29/2018       11.58       11.70       11.50       11.60          1085200.00
10/26/2018       11.50       11.76       11.42       11.50          2805700.00
10/25/2018       11.68       11.68       11.42       11.50          6117400.00
10/24/2018       11.80       12.00       11.70       11.70          1562300.00
10/23/2018       12.18       12.26       11.80       11.90          3035500.00
10/22/2018       11.98       12.20       11.80       12.10          6639700.00
10/19/2018       11.90       12.02       11.68       11.90          2856800.00
10/18/2018       11.68       11.94       11.68       11.94          3437100.00
10/17/2018       11.68       12.04       11.68       11.72          4663000.00
10/16/2018       11.62       11.80       11.48       11.68          5334200.00
10/15/2018       11.72       11.90       11.62       11.62          3890400.00
10/12/2018       11.50       11.84       11.40       11.72          3349600.00
10/11/2018       11.66       11.66       11.40       11.48          3841400.00
10/10/2018       12.08       12.08       11.64       11.70          9715600.00
10/09/2018       11.74       11.98       11.74       11.88           694600.00
10/08/2018       12.00       12.00       11.76       11.76          1773400.00
10/05/2018       11.90       11.98       11.78       11.78          1875800.00
10/04/2018       12.24       12.24       12.02       12.02          1013000.00
10/03/2018       12.20       12.24       12.08       12.24           566200.00
10/02/2018       12.48       12.48       12.06       12.14          3228000.00
10/01/2018       12.40       12.48       12.22       12.46          1692400.00
09/28/2018       12.60       12.64       12.40       12.48          2485200.00
09/27/2018       12.60       12.72       12.34       12.40          2656800.00
09/26/2018       12.70       12.70       12.44       12.60          1238800.00
09/25/2018       12.78       12.78       12.46       12.74           620400.00
09/24/2018       13.02       13.02       12.64       12.64          1897800.00
09/21/2018       12.40       13.00       12.28       13.00          5786500.00
09/20/2018       12.30       12.44       12.10       12.10          3108600.00
09/19/2018       12.36       12.44       12.26       12.34          1835200.00
09/18/2018       12.44       12.70       12.32       12.36          2597700.00
09/17/2018       12.72       12.84       12.40       12.44          3735600.00
09/14/2018       12.76       12.98       12.70       12.70          4913400.00
09/13/2018       12.78       13.02       12.70       12.76          9686200.00
09/12/2018       12.84       13.22       12.74       12.74          8250200.00
09/11/2018       13.10       13.12       12.84       12.84          3568300.00
09/10/2018       13.36       13.36       13.04       13.14          7594500.00
09/07/2018       13.48       13.82       13.18       13.36          3712000.00
09/06/2018       14.26       14.26       13.26       13.48          6817800.00
09/05/2018       14.68       14.68       14.28       14.40          4703300.00
09/04/2018       14.32       14.78       14.12       14.70          7335500.00
09/03/2018       13.78       14.32       13.52       14.32         96261906.00
08/31/2018       13.50       13.80       13.44       13.80         13290900.00
08/30/2018       13.44       13.70       13.40       13.58          6438400.00
08/29/2018       13.20       13.40       13.18       13.40          1297600.00
08/28/2018       13.18       13.40       13.16       13.40          6265600.00
08/24/2018       13.32       13.32       13.04       13.18          8769100.00
08/23/2018       12.64       13.42       12.40       13.42          8109300.00
08/22/2018       12.18       12.68       12.18       12.68          4417400.00
08/20/2018       12.40       12.40       12.12       12.16          2058200.00
08/17/2018       12.28       12.46       12.28       12.40          7247300.00
08/16/2018       12.36       12.36       12.12       12.28          4401200.00
08/15/2018       12.38       12.46       12.20       12.30          2259400.00
08/14/2018       12.30       12.44       12.08       12.38          4696100.00
08/13/2018       12.58       12.58       12.10       12.20          6775900.00
08/10/2018       12.42       12.66       12.30       12.58         12939300.00
08/09/2018       12.30       12.56       12.06       12.42         14222200.00
08/08/2018       11.98       12.26       11.96       12.26         11655900.00
08/07/2018       12.06       12.10       11.96       12.00          3005300.00
08/06/2018       12.16       12.30       11.98       12.04         10772300.00
08/03/2018       12.00       12.06       11.98       12.00          3402400.00
08/02/2018       12.10       12.10       11.92       12.00          4896500.00
08/01/2018       12.00       12.06       11.94       12.02         10454700.00
07/31/2018       12.00       12.20       11.92       11.92          7798800.00
07/30/2018       11.98       12.10       11.88       12.10          5099500.00
07/27/2018       11.90       11.94       11.82       11.90          9204200.00
07/26/2018       12.00       12.18       11.84       11.88          8169200.00
07/25/2018       11.84       12.12       11.80       11.94         14544800.00
07/24/2018       11.60       12.00       11.58       11.80          7852400.00
07/23/2018       11.84       11.88       11.64       11.66          1373100.00
07/20/2018       11.78       11.88       11.64       11.88           772600.00
07/19/2018       11.84       11.90       11.68       11.68          2619900.00
07/18/2018       11.72       12.00       11.64       11.82          2980300.00
07/17/2018       11.64       11.66       11.58       11.62          4823000.00
07/16/2018       11.66       11.74       11.60       11.64          3721800.00
07/13/2018       11.64       11.78       11.58       11.66          4965800.00
07/12/2018       11.60       11.66       11.60       11.60          3496100.00
07/11/2018       11.70       11.78       11.60       11.64          6132300.00
07/10/2018       11.64       11.70       11.58       11.64          6646400.00
07/09/2018       11.70       11.80       11.56       11.64          3921300.00
07/06/2018       11.84       11.84       11.60       11.70          6354800.00
07/05/2018       11.70       11.70       11.60       11.70          2973200.00
07/04/2018       11.62       11.74       11.60       11.70          3354200.00
07/03/2018       11.70       11.70       11.56       11.62          3205800.00
07/02/2018       11.66       11.72       11.60       11.62          4129600.00
06/29/2018       11.68       11.74       11.56       11.62         11940600.00
06/28/2018       11.62       11.70       11.56       11.60          7517600.00
06/27/2018       11.64       11.80       11.54       11.62         21581199.00
06/26/2018       12.06       12.06       11.52       11.62         12750400.00
06/25/2018       12.20       12.20       11.82       11.94         12011600.00
06/22/2018       12.32       12.32       11.92       12.00         13935600.00
06/21/2018       12.48       12.50       12.32       12.34         12895900.00
06/20/2018       12.48       12.60       12.42       12.50          4652900.00
06/19/2018       12.52       12.58       12.38       12.50          5324400.00
06/18/2018       12.54       12.66       12.50       12.64         19317500.00
06/14/2018       12.82       12.82       12.50       12.78         18896100.00
06/13/2018       12.96       12.96       12.76       12.84          6195900.00
06/11/2018       13.00       13.08       12.96       12.96          2382600.00
06/08/2018       13.20       13.20       12.94       12.98          3287000.00
06/07/2018       13.06       13.20       13.00       13.10          4882600.00
06/06/2018       13.20       13.20       13.04       13.08          3401900.00
06/05/2018       13.14       13.22       12.96       13.18         15055300.00
06/04/2018       13.04       13.12       12.98       13.00          5173200.00
06/01/2018       13.24       13.24       13.00       13.06          4530000.00
05/31/2018       13.16       13.30       12.94       13.30         21249600.00
05/30/2018       12.96       13.10       12.94       12.98          4745300.00
05/29/2018       13.06       13.16       12.98       13.02          1645800.00
05/28/2018       13.30       13.30       13.02       13.02          3444300.00
05/25/2018       13.22       13.22       13.00       13.10          2888100.00
05/24/2018       13.00       13.18       12.96       12.98          2484300.00
05/23/2018       13.10       13.12       12.96       12.98          5912400.00
05/22/2018       13.16       13.34       13.10       13.10          2608400.00
05/21/2018       13.10       13.22       13.10       13.16          1307500.00
05/18/2018       13.40       13.40       13.08       13.08          1189100.00
05/17/2018       13.46       13.60       13.16       13.16          7132100.00
05/16/2018       13.64       13.64       13.08       13.44          4749100.00
05/15/2018       13.62       13.76       13.52       13.64          9526100.00
05/11/2018       13.24       13.62       13.20       13.60          2333600.00
05/10/2018       13.06       13.20       13.04       13.04          2895600.00
05/09/2018       13.10       13.22       13.06       13.08          7513500.00
05/08/2018       13.20       13.32       13.04       13.04          4672700.00
05/07/2018       13.20       13.30       13.10       13.14          1596500.00
05/04/2018       13.14       13.22       13.04       13.20          8759000.00
05/03/2018       13.18       13.20       13.10       13.14         13531400.00
05/02/2018       13.04       13.28       13.00       13.20          6536900.00
04/30/2018       12.96       13.16       12.90       13.04         11319500.00
04/27/2018       12.88       13.02       12.86       12.96          3478300.00
04/26/2018       12.98       13.00       12.88       12.90          5264000.00
04/25/2018       13.20       13.20       12.90       13.00          7485800.00
04/24/2018       13.10       13.26       13.02       13.20         13140000.00
04/23/2018       13.16       13.30       12.90       13.04         11296100.00
04/20/2018       13.40       13.40       12.96       13.14         32376801.00
04/19/2018       13.80       14.10       12.76       13.50         26976301.00
04/18/2018       14.04       14.28       14.04       14.20          9197900.00
04/17/2018       14.50       14.50       14.04       14.20          5237200.00
04/16/2018       14.18       14.38       14.02       14.16          2001300.00
04/13/2018       14.20       14.44       14.04       14.18          2505200.00
04/12/2018       13.98       14.30       13.86       14.20         10857700.00
04/11/2018       13.82       14.00       13.66       14.00         12565800.00
04/10/2018       13.90       13.96       13.64       13.82          4246800.00
04/06/2018       13.90       13.96       13.50       13.66          9999000.00
04/05/2018       13.60       13.90       13.60       13.90          3361000.00
04/04/2018       13.70       13.88       13.60       13.60          2904700.00
04/03/2018       13.48       13.60       13.30       13.60          8564900.00
04/02/2018       13.30       13.56       13.24       13.50          2923900.00
03/28/2018       13.14       13.48       13.14       13.20         10198600.00
03/27/2018       13.06       13.16       12.98       13.08         12309000.00
03/26/2018       12.98       13.00       12.56       12.74         20657301.00
03/23/2018       13.12       13.18       12.90       12.98          5157200.00
03/22/2018       13.24       13.44       13.12       13.20          7695500.00
03/21/2018       14.00       14.00       13.40       13.42          8313500.00
03/20/2018       14.50       14.50       13.74       13.78          6713700.00
03/19/2018       14.38       14.60       14.32       14.38          2414700.00
03/16/2018       14.52       14.60       14.38       14.38          7088600.00
03/15/2018       14.38       14.68       14.34       14.52          1419100.00
03/14/2018       14.40       14.48       14.32       14.38          6268500.00
03/13/2018       14.46       14.66       14.40       14.44          4433500.00
03/12/2018       14.52       14.70       14.40       14.46          4861800.00
03/09/2018       14.64       14.70       14.50       14.58          6486700.00
03/08/2018       14.36       14.74       14.30       14.64          3198300.00
03/07/2018       14.44       14.50       14.16       14.48          7690900.00
03/06/2018       14.62       14.62       14.42       14.48          8222300.00
03/05/2018       14.86       14.86       14.56       14.62          1350200.00
03/02/2018       14.96       14.96       14.62       14.90          2669800.00
03/01/2018       14.90       15.26       14.86       15.00          9187500.00
02/28/2018       14.88       14.96       14.64       14.86          4886500.00
02/27/2018       14.40       14.98       14.40       14.98          9668100.00
02/26/2018       14.50       14.68       14.36       14.40          4239100.00
02/23/2018       14.62       14.64       14.36       14.50         10514500.00
02/22/2018       14.80       14.80       14.56       14.62          8570400.00
02/21/2018       14.88       15.00       14.70       14.86          8248900.00
02/20/2018       14.72       14.96       14.70       14.90          3131600.00
02/19/2018       14.70       14.98       14.50       14.72          8448000.00
02/15/2018       14.90       14.96       14.34       14.34         21149199.00
02/14/2018       15.30       15.30       14.80       15.16         11525200.00
02/13/2018       15.32       15.32       15.16       15.30          2454200.00
02/12/2018       15.24       15.50       15.18       15.38          2462800.00
02/09/2018       15.22       15.58       15.22       15.24          7822400.00
02/08/2018       15.58       15.64       15.38       15.50          7952700.00
02/07/2018       15.52       16.02       15.46       15.58         13059900.00
02/06/2018       15.06       15.48       15.06       15.48         15420700.00
02/05/2018       15.30       15.58       15.02       15.48         16758000.00
02/02/2018       15.24       15.60       15.24       15.60         13588400.00
02/01/2018       15.34       15.50       15.18       15.24          6902900.00
01/31/2018       15.30       15.48       15.04       15.34          8842300.00
01/30/2018       15.52       15.58       15.04       15.30         10604400.00
01/29/2018       15.86       15.98       15.50       15.50          7679700.00
01/26/2018       15.78       15.98       15.70       15.84          8485700.00
01/25/2018       15.98       15.98       15.76       15.80         21383199.00
01/24/2018       16.02       16.02       15.80       16.00          5898000.00
01/23/2018       15.90       16.08       15.88       16.02          6482500.00
01/22/2018       16.20       16.20       15.90       15.90          2936500.00
01/19/2018       16.00       16.20       15.90       16.20          7432400.00
01/18/2018       15.96       16.20       15.90       16.00          9776000.00
01/17/2018       16.00       16.08       15.88       15.98          8801200.00
01/16/2018       15.92       16.00       15.86       15.98         12894700.00
01/15/2018       16.10       16.10       15.76       15.98          4774600.00
01/12/2018       16.14       16.20       16.00       16.10          1506300.00
01/11/2018       16.24       16.26       15.94       16.14          4617400.00
01/10/2018       16.32       16.32       16.20       16.28          3221000.00
01/09/2018       16.26       16.44       16.24       16.32          5004500.00
01/08/2018       16.40       16.50       16.10       16.24          5038200.00
01/05/2018       16.46       16.46       16.36       16.40          6703600.00
01/04/2018       16.42       16.50       16.32       16.46          6978900.00
01/03/2018       16.00       16.50       16.00       16.42         12510900.00
12/29/2017       15.94       16.18       15.94       16.00          5619100.00
12/28/2017       15.88       16.12       15.88       15.94          4578700.00
12/27/2017       15.96       16.00       15.78       16.00          1562900.00
12/22/2017       15.88       15.94       15.76       15.94          2426900.00
12/21/2017       15.92       16.00       15.76       15.88          1531400.00
12/20/2017       16.08       16.10       15.90       15.94          1280800.00
12/19/2017       16.20       16.20       15.98       16.08          2149800.00
12/18/2017       15.96       16.24       15.88       16.20          3546500.00
12/15/2017       16.00       16.00       15.82       15.96          4630800.00
12/14/2017       16.08       16.22       15.92       16.00          7079300.00
12/13/2017       15.96       16.14       15.76       16.14          2025000.00
12/12/2017       15.94       16.12       15.76       15.80          3878600.00
12/11/2017       15.74       15.96       15.74       15.90          5955200.00
12/08/2017       15.58       15.72       15.54       15.72          4971600.00
12/07/2017       15.50       15.76       15.44       15.58          4954100.00
12/06/2017       15.74       15.74       15.52       15.62          5884700.00
12/05/2017       15.72       15.82       15.68       15.74         11468400.00
12/04/2017       15.76       15.76       15.40       15.72          4211300.00
12/01/2017       15.62       15.84       15.46       15.74          7752800.00
11/29/2017       15.50       15.64       15.44       15.64          6172800.00
11/28/2017       15.64       15.66       15.44       15.52          1829200.00
11/27/2017       15.54       15.70       15.36       15.70          4665900.00
11/24/2017       15.68       15.70       15.48       15.60          5442400.00
11/23/2017       15.78       15.78       15.68       15.68          2310800.00
11/22/2017       15.90       15.92       15.82       15.82          2514500.00
11/21/2017       15.58       15.98       15.50       15.90          6702300.00
11/20/2017       15.58       15.60       15.34       15.60          2260000.00
11/17/2017       15.46       15.50       15.28       15.50          6743800.00
11/16/2017       15.38       15.42       15.28       15.30          3362500.00
11/15/2017       15.56       15.60       15.40       15.42          4077300.00
11/14/2017       15.32       15.80       15.18       15.80          4137100.00
11/13/2017       15.30       15.56       15.20       15.32          2834900.00
11/10/2017       15.58       15.66       15.26       15.30          9601600.00
11/09/2017       15.80       15.80       15.56       15.58          5753800.00
11/08/2017       15.74       15.92       15.54       15.80          5914900.00
11/07/2017       16.00       16.00       15.68       15.96          5388700.00
11/06/2017       15.86       16.10       15.66       16.10          2198100.00
11/03/2017       15.88       16.12       15.80       15.86          9724100.00
11/02/2017       15.86       16.00       15.78       15.80          3477400.00
10/30/2017       16.00       16.00       15.62       16.00          3587100.00
10/27/2017       15.36       15.88       15.06       15.88          6561400.00
10/26/2017       15.46       15.46       15.20       15.20          6002600.00
10/25/2017       15.40       15.40       15.20       15.30          6927100.00
10/24/2017       15.20       15.30       15.06       15.16          7618100.00
10/23/2017       15.30       15.68       15.26       15.32          4397300.00
10/20/2017       15.48       15.54       15.18       15.26          7368500.00
10/19/2017       15.84       15.84       15.42       15.48          9196100.00
10/18/2017       16.38       16.38       15.82       15.86         11074700.00
10/17/2017       16.66       16.66       16.20       16.36          5179800.00
10/13/2017       16.86       16.86       16.44       16.44          4590600.00
10/12/2017       16.80       16.92       16.70       16.78          3094100.00
10/11/2017       16.70       17.08       16.64       16.68         18172900.00
10/10/2017       16.86       16.88       16.64       16.70         10930000.00
10/09/2017       16.96       17.00       16.80       16.90          2770700.00
10/06/2017       17.12       17.16       16.88       16.90          3176200.00
10/05/2017       17.02       17.18       16.80       17.18          4655800.00
10/04/2017       16.88       17.18       16.88       17.00          7110900.00
10/03/2017       16.50       17.00       16.50       16.84          9126600.00
10/02/2017       16.06       16.56       16.06       16.40         27545600.00
09/29/2017       16.00       16.26       15.96       16.04         10888100.00
09/28/2017       16.22       16.30       15.84       15.98         23944699.00
09/27/2017       16.40       16.40       16.14       16.30         10708300.00
09/26/2017       16.68       16.68       16.24       16.50          8108400.00
09/25/2017       16.82       17.18       16.66       16.80          8025000.00
09/22/2017       16.90       17.30       16.60       16.84         16224700.00
09/21/2017       15.78       16.96       15.76       16.90         26401699.00
09/20/2017       15.04       15.72       15.04       15.70         16874301.00
09/19/2017       14.80       15.16       14.70       15.04         18347801.00
09/18/2017       14.62       14.86       14.60       14.76          6759600.00
09/15/2017       14.90       14.96       14.58       14.58         14939700.00
09/14/2017       14.82       14.94       14.82       14.86          5634400.00
09/13/2017       14.94       15.04       14.76       14.80         17917699.00
09/11/2017       14.70       15.02       14.62       14.94          6051500.00
09/08/2017       14.24       14.70       14.22       14.70         15916500.00
09/07/2017       14.10       14.28       14.10       14.22          5070100.00
09/06/2017       14.20       14.20       13.98       14.00         11233400.00
09/05/2017       14.20       14.30       14.14       14.20         13191000.00
09/04/2017       14.00       14.10       13.92       14.04          5125600.00
08/31/2017       14.02       14.02       13.72       13.90         16829100.00
08/30/2017       13.68       13.90       13.50       13.90          3184800.00
08/29/2017       13.90       13.90       13.48       13.50         10265200.00
08/25/2017       13.72       13.72       13.60       13.70          2183500.00
08/24/2017       13.68       13.78       13.60       13.72          1237900.00
08/23/2017       13.40       13.68       13.40       13.60          5101000.00
08/22/2017       13.80       13.80       13.34       13.40          3498300.00
08/18/2017       13.82       13.88       13.06       13.60          3360200.00
08/17/2017       13.80       13.80       13.62       13.70          5349100.00
08/16/2017       13.60       13.64       13.50       13.60          5600800.00
08/15/2017       13.62       13.64       13.54       13.54          2661600.00
08/14/2017       13.70       13.80       13.56       13.60          5276600.00
08/11/2017       13.78       13.78       13.52       13.52          3229900.00
08/10/2017       14.00       14.02       13.70       13.78          3513500.00
08/09/2017       13.98       14.00       13.68       14.00          6205500.00
08/08/2017       14.16       14.20       13.92       13.92          5716600.00
08/07/2017       14.20       14.30       14.14       14.16          1793700.00
08/04/2017       14.38       14.40       14.16       14.20          3462400.00
08/03/2017       14.36       14.48       14.14       14.28          7681900.00
08/02/2017       14.34       14.52       14.32       14.32         15471100.00
08/01/2017       14.32       14.40       14.20       14.34          9600900.00
07/31/2017       14.30       14.36       14.20       14.36          7602800.00
07/28/2017       14.36       14.50       14.28       14.30          4007400.00
07/27/2017       14.34       14.54       14.22       14.36          7922400.00
07/26/2017       14.38       14.46       14.20       14.20         10521700.00
07/25/2017       14.06       14.38       14.06       14.24          6156800.00
07/24/2017       14.04       14.04       14.00       14.02          9409900.00
07/21/2017       14.18       14.18       13.92       14.00          7183300.00
07/20/2017       14.08       14.08       13.94       13.96         18937600.00
07/19/2017       14.04       14.04       13.92       13.98         10824100.00
07/18/2017       14.00       14.04       13.90       13.90          2218400.00
07/17/2017       14.00       14.06       13.94       13.98          3079100.00
07/14/2017       14.00       14.04       13.86       14.00          2179500.00
07/13/2017       14.10       14.16       13.96       14.00          6098100.00
07/12/2017       14.00       14.08       13.98       14.00         14398100.00
07/11/2017       14.04       14.12       14.00       14.00          5585000.00
07/10/2017       14.20       14.20       14.00       14.00          3054900.00
07/07/2017       14.20       14.22       14.12       14.16          2084900.00
07/06/2017       14.20       14.30       14.10       14.14          3001400.00
07/05/2017       14.32       14.32       14.10       14.18          5016600.00
07/04/2017       14.40       14.40       14.30       14.32          2800300.00
07/03/2017       14.30       14.40       14.28       14.40          1436900.00
06/30/2017       14.10       14.50       13.98       14.30          6447200.00
06/29/2017       14.56       14.56       13.90       14.00          4829000.00
06/28/2017       14.66       14.66       14.40       14.40          2625000.00
06/27/2017       14.60       14.66       14.48       14.66          5400100.00
06/23/2017       14.48       14.60       14.22       14.54          3949100.00
06/22/2017       14.34       14.48       14.12       14.40         10204200.00
06/21/2017       14.16       14.16       14.06       14.10          4608700.00
06/20/2017       14.30       14.32       14.00       14.06          4634800.00
06/19/2017       14.16       14.32       14.14       14.30          4075800.00
06/16/2017       14.20       14.36       14.08       14.14          6146500.00
06/15/2017       14.38       14.38       14.18       14.20          3666700.00
06/14/2017       13.96       14.40       13.78       14.40          6735100.00
06/13/2017       14.40       14.40       13.66       13.66          9750600.00
06/09/2017       14.48       14.52       14.40       14.44          5998200.00
06/08/2017       14.86       14.86       14.42       14.48          6688400.00
06/07/2017       14.40       14.68       14.40       14.68         11813300.00
06/06/2017       14.80       14.84       14.20       14.20         10422500.00
06/05/2017       14.72       14.84       14.40       14.80         17918500.00
06/02/2017       15.16       15.32       14.62       14.74         25915801.00
06/01/2017       15.42       15.42       15.22       15.32          6717800.00
05/31/2017       15.36       15.48       15.14       15.48        156836797.00
05/30/2017       15.30       15.40       15.14       15.20          5682100.00
05/29/2017       15.26       15.44       15.26       15.30         11044100.00
05/26/2017       15.10       15.34       15.10       15.30          7791200.00
05/25/2017       15.22       15.34       15.02       15.10          9131800.00
05/24/2017       15.02       15.22       14.90       15.22         11947800.00
05/23/2017       15.00       15.30       14.90       15.24         22704699.00
05/22/2017       14.72       15.00       14.72       14.98         11036600.00
05/19/2017       14.86       15.04       14.86       14.90          7489200.00
05/18/2017       15.00       15.00       14.78       14.86          9190800.00
05/17/2017       15.16       15.22       14.84       15.00         14598900.00
05/16/2017       15.10       15.16       14.98       15.16         47276102.00
05/15/2017       14.22       14.76       14.22       14.70         24027301.00
05/12/2017       14.14       14.20       14.00       14.12          8596200.00
05/11/2017       14.40       14.64       14.10       14.14         17148199.00
05/10/2017       14.78       14.80       14.26       14.26          9475500.00
05/09/2017       14.70       14.84       14.58       14.72          9493200.00
05/08/2017       14.30       14.74       14.30       14.70         13592200.00
05/05/2017       14.26       14.44       14.20       14.26          8782400.00
05/04/2017       14.12       14.40       14.04       14.26          9511500.00
05/03/2017       14.36       14.36       14.10       14.16          6265900.00
05/02/2017       14.60       14.80       14.18       14.32          8516100.00
04/27/2017       14.92       14.92       14.64       14.80          5466300.00
04/26/2017       14.64       14.92       14.62       14.92         11510100.00
04/25/2017       14.54       14.70       14.50       14.60          6247800.00
04/24/2017       14.78       14.78       14.54       14.56          1685500.00
04/21/2017       14.78       14.80       14.58       14.70          6593500.00
04/20/2017       14.54       14.80       14.40       14.78          6647200.00
04/19/2017       14.60       14.60       14.48       14.54          5671300.00
04/18/2017       14.20       14.60       14.20       14.60         22887199.00
04/17/2017       14.32       14.34       14.02       14.10          6891400.00
04/12/2017       13.92       14.32       13.84       14.32         11774300.00
04/11/2017       13.68       14.12       13.60       13.86         13934800.00
04/10/2017       13.60       13.84       13.60       13.68          7820900.00
04/07/2017       13.42       13.86       13.42       13.60         13937700.00
04/06/2017       13.00       13.40       13.00       13.40        149132703.00
04/05/2017       12.90       13.00       12.90       12.98          3956900.00
04/04/2017       12.90       12.98       12.88       12.90          3980100.00
04/03/2017       12.76       12.90       12.68       12.86          2246800.00
03/31/2017       12.46       12.68       12.46       12.68          1799500.00
03/30/2017       12.58       12.70       12.46       12.46          4069100.00
03/29/2017       12.80       12.80       12.44       12.44         11470200.00
03/28/2017       12.82       12.96       12.52       12.70          4981300.00
03/27/2017       12.92       13.00       12.84       12.86          3718600.00
03/24/2017       13.00       13.10       12.96       13.02          2901900.00
03/23/2017       12.94       13.08       12.90       13.00         18099199.00
03/22/2017       12.80       12.98       12.72       12.88          4063800.00
03/21/2017       12.70       12.86       12.68       12.78         13404700.00
03/20/2017       12.70       12.72       12.60       12.70          2271500.00
03/17/2017       12.46       12.68       12.34       12.68          9365200.00
03/16/2017       12.34       12.54       12.34       12.50          1300200.00
03/15/2017       12.56       12.70       12.20       12.34          8960100.00
03/14/2017       12.62       12.70       12.52       12.56          4962800.00
03/13/2017       12.40       12.60       12.34       12.50         33602398.00
03/10/2017       12.40       12.46       12.32       12.32          4614600.00
03/09/2017       12.46       12.54       12.34       12.36          4588100.00
03/08/2017       12.58       12.66       12.38       12.38          7447100.00
03/07/2017       12.66       12.70       12.58       12.58          4387800.00
03/06/2017       12.50       12.72       12.50       12.66         12615300.00
03/03/2017       12.68       12.68       12.46       12.50         11509000.00
03/02/2017       12.68       12.72       12.50       12.66          5538000.00
03/01/2017       12.70       12.88       12.50       12.68         63129602.00
02/28/2017       12.84       12.84       12.68       12.70         11839700.00
02/27/2017       12.78       12.90       12.78       12.80           988800.00
02/24/2017       12.82       12.94       12.76       12.78          5344600.00
02/23/2017       13.00       13.02       12.82       12.82          5821400.00
02/22/2017       12.88       12.98       12.88       12.96          6393600.00
02/21/2017       12.84       12.92       12.80       12.88          7895800.00
02/20/2017       12.82       12.94       12.82       12.84          7527800.00
02/17/2017       13.00       13.06       12.80       12.82         14973800.00
02/16/2017       13.00       13.02       12.94       12.98          5749800.00
02/15/2017       12.90       13.08       12.82       12.88         30952400.00
02/14/2017       12.82       12.88       12.70       12.88          5571300.00
02/13/2017       12.74       12.80       12.60       12.80          2288100.00
02/10/2017       12.80       12.80       12.58       12.70          4304300.00
02/09/2017       12.70       12.76       12.66       12.74          8580900.00
02/08/2017       12.56       12.70       12.50       12.62          4189400.00
02/07/2017       12.68       12.68       12.54       12.58          4160600.00
02/06/2017       12.68       12.74       12.66       12.66         10256300.00
02/03/2017       12.80       12.80       12.60       12.62          2941200.00
02/02/2017       12.60       12.82       12.60       12.80          4323600.00
02/01/2017       12.64       12.70       12.56       12.60          3326000.00
01/31/2017       12.72       12.84       12.54       12.54          4529400.00
01/30/2017       13.04       13.04       12.66       12.70          4872400.00
01/27/2017       12.86       13.02       12.80       12.86          8561200.00
01/26/2017       12.86       12.88       12.76       12.80          2677100.00
01/25/2017       12.96       13.02       12.78       12.86          2611400.00
01/24/2017       12.66       12.96       12.66       12.86          5839100.00
01/23/2017       12.76       12.76       12.60       12.60          9488100.00
01/20/2017       12.88       12.88       12.72       12.76          4391200.00
01/19/2017       12.90       13.10       12.82       12.88          3793100.00
01/18/2017       12.66       12.94       12.62       12.74          6056300.00
01/17/2017       13.00       13.00       12.60       12.74          3659100.00
01/16/2017       13.12       13.12       12.90       12.98          6335600.00
01/13/2017       13.40       13.56       13.14       13.20          2970400.00
01/12/2017       13.40       13.60       13.24       13.30          2467600.00
01/11/2017       13.68       13.90       13.38       13.38          5067500.00
01/10/2017       13.40       13.90       13.38       13.70          6695800.00
01/09/2017       13.40       13.40       13.28       13.38          2263100.00
01/06/2017       13.20       13.54       13.04       13.40         11806800.00
01/05/2017       13.22       13.36       13.08       13.10          7882100.00
01/04/2017       12.80       13.30       12.80       13.20          7388200.00
01/03/2017       12.64       12.80       12.62       12.80          2034900.00
12/29/2016       12.70       12.88       12.52       12.78          3461100.00
12/28/2016       12.50       12.72       12.50       12.72          3068400.00
12/27/2016       12.30       12.50       12.22       12.50           717300.00
12/23/2016       12.62       12.62       12.20       12.30          3577300.00
12/22/2016       12.70       12.70       12.52       12.60          5067400.00
12/21/2016       12.74       12.80       12.60       12.64          3839100.00
12/20/2016       12.66       12.68       12.60       12.64          6668500.00
12/19/2016       12.90       12.90       12.62       12.66          6656200.00
12/16/2016       12.80       12.90       12.64       12.90          4871600.00
12/15/2016       12.62       12.76       12.52       12.70          3162400.00
12/14/2016       12.66       12.78       12.58       12.76          6422500.00
12/13/2016       12.90       12.90       12.56       12.64          4156700.00
12/12/2016       13.26       13.26       12.72       12.88          2386500.00
12/09/2016       13.20       13.28       13.08       13.26          5486600.00
12/08/2016       13.04       13.14       12.88       13.14          4344300.00
12/07/2016       12.96       13.06       12.88       13.00           931800.00
12/06/2016       12.90       12.98       12.80       12.92          2070500.00
12/05/2016       13.08       13.08       12.86       12.88          4801800.00
12/02/2016       13.20       13.24       12.66       13.02          5793100.00
12/01/2016       13.10       13.26       13.00       13.10          5317200.00
11/29/2016       13.10       13.10       12.60       13.00         11836000.00
11/28/2016       13.26       13.26       12.70       13.10          4315200.00
11/25/2016       13.12       13.30       13.04       13.10          5184800.00
11/24/2016       12.94       13.12       12.92       13.00          6168700.00
11/23/2016       12.80       12.98       12.80       12.94          3432500.00
11/22/2016       12.70       12.86       12.52       12.76         23904801.00
11/21/2016       12.90       12.90       12.40       12.70          3295600.00
11/18/2016       12.96       13.08       12.90       12.90          3053400.00
11/17/2016       12.84       13.14       12.78       12.90          3342300.00
11/16/2016       12.62       13.10       12.62       12.70          2864700.00
11/15/2016       12.80       13.10       12.50       12.50          5073100.00
11/14/2016       12.80       12.80       12.22       12.80          8557900.00
11/11/2016       13.50       13.60       12.82       12.84          8147200.00
11/10/2016       13.50       13.60       13.36       13.60          3606500.00
11/09/2016       13.80       13.80       13.20       13.40          2706900.00
11/08/2016       13.52       13.90       13.46       13.90          4836100.00
11/07/2016       13.64       13.70       13.40       13.40          4538700.00
11/04/2016       13.66       13.74       13.50       13.58          8903300.00
11/03/2016       13.90       13.90       13.40       13.82         10250700.00
11/02/2016       14.58       14.58       13.96       13.98          5214200.00
10/28/2016       14.20       14.26       14.04       14.26          6454000.00
10/27/2016       14.60       14.60       14.20       14.20          6526600.00
10/26/2016       15.20       15.20       14.52       14.60          8602700.00
10/25/2016       15.34       15.34       15.18       15.20          1868300.00
10/24/2016       15.28       15.28       15.14       15.28          2608400.00
10/21/2016       15.48       15.48       15.26       15.28          2561900.00
10/20/2016       15.28       15.40       15.26       15.36          3589700.00
10/19/2016       15.30       15.50       15.18       15.18          3561900.00
10/18/2016       15.00       15.28       14.98       15.24          7192900.00
10/17/2016       15.10       15.20       15.02       15.12          3371000.00
10/14/2016       15.22       15.38       15.00       15.00          3645600.00
10/13/2016       15.56       15.70       15.22       15.22          4094700.00
10/12/2016       15.78       15.80       15.58       15.64          4408000.00
10/11/2016       15.68       15.90       15.68       15.80          3029900.00
10/10/2016       15.80       15.80       15.64       15.68          2600300.00
10/07/2016       15.96       15.96       15.50       15.80          2737700.00
10/06/2016       15.76       15.98       15.76       15.92          1962100.00
10/05/2016       16.00       16.00       15.80       15.90          3477400.00
10/04/2016       15.98       16.00       15.90       16.00          4762300.00
10/03/2016       15.88       16.08       15.84       15.88          2898400.00
09/30/2016       16.02       16.02       15.84       15.90          4744000.00
09/29/2016       16.08       16.08       15.94       16.00          7441400.00
09/28/2016       15.90       16.10       15.76       16.10          1744100.00
09/27/2016       16.16       16.16       15.78       15.86          5700400.00
09/26/2016       16.42       16.42       16.04       16.20          3487900.00
09/23/2016       16.50       16.50       16.24       16.40          3316300.00
09/22/2016       16.22       16.50       16.22       16.50          2330400.00
09/21/2016       16.40       16.40       16.16       16.22          2460300.00
09/20/2016       16.40       16.44       16.20       16.36          7721700.00
09/19/2016       16.30       16.30       16.10       16.26          4444100.00
09/16/2016       16.20       16.30       16.10       16.20          6801500.00
09/15/2016       16.32       16.34       16.12       16.26          4501000.00
09/14/2016       16.44       16.44       16.14       16.32          3090300.00
09/13/2016       16.50       16.50       16.30       16.44          2628900.00
09/09/2016       16.70       16.70       16.30       16.30          3218000.00
09/08/2016       16.22       16.70       16.00       16.70          4547600.00
09/07/2016       16.82       16.82       16.30       16.30          6055800.00
09/06/2016       16.80       17.00       16.60       16.82          9907500.00
09/05/2016       16.42       16.80       16.34       16.80          3769600.00
09/02/2016       16.18       16.54       16.18       16.40          5510900.00
09/01/2016       16.20       16.30       16.10       16.18          6694300.00
08/31/2016       16.32       16.40       16.00       16.30          6514900.00
08/30/2016       16.40       16.42       16.16       16.42          3709300.00
08/26/2016       16.36       16.82       16.36       16.40          7452800.00
08/25/2016       16.20       16.28       16.10       16.20          2574800.00
08/24/2016       16.44       16.46       16.10       16.28          1939000.00
08/23/2016       16.28       16.46       16.06       16.46          4759200.00
08/22/2016       16.04       16.28       16.04       16.28          4277900.00
08/19/2016       16.28       16.28       16.00       16.04          3191300.00
08/18/2016       16.00       16.30       15.90       16.30          3446200.00
08/17/2016       15.90       16.00       15.66       16.00          4147400.00
08/16/2016       16.02       16.12       15.78       15.92          4776500.00
08/15/2016       16.00       16.00       15.78       16.00          3941700.00
08/12/2016       16.20       16.22       15.78       16.00          5803100.00
08/11/2016       16.42       16.42       15.98       16.00          4274300.00
08/10/2016       16.40       16.44       16.28       16.40          1981100.00
08/09/2016       16.22       16.42       16.20       16.40          4356300.00
08/08/2016       16.00       16.22       15.98       16.20          2053600.00
08/05/2016       15.84       16.08       15.84       16.00          2865400.00
08/04/2016       15.80       16.00       15.80       15.84          2618300.00
08/03/2016       16.26       16.26       15.70       15.84          4575700.00
08/02/2016       16.26       16.26       16.10       16.26          2482400.00
08/01/2016       16.26       16.26       16.02       16.26          3731500.00
07/29/2016       16.14       16.38       16.08       16.16          4087900.00
07/28/2016       16.44       16.44       16.10       16.14          4869100.00
07/27/2016       16.40       16.40       16.20       16.30          3922400.00
07/26/2016       16.60       16.62       16.16       16.40          7555800.00
07/25/2016       16.60       16.64       16.50       16.56          9439200.00
07/22/2016       16.30       16.76       16.30       16.58         11623300.00
07/21/2016       16.24       16.34       16.22       16.28          4661500.00
07/20/2016       16.32       16.32       16.14       16.22          1804500.00
07/19/2016       16.16       16.36       16.10       16.32          9992100.00
07/18/2016       16.38       16.38       15.84       16.04          7156400.00
07/15/2016       16.12       16.38       16.12       16.30          7434700.00
07/14/2016       15.70       16.24       15.56       16.00         13099200.00
07/13/2016       15.30       15.74       15.30       15.60          6111000.00
07/12/2016       15.28       15.44       15.22       15.28          5100800.00
07/11/2016       15.30       15.30       15.20       15.26          3877800.00
07/08/2016       15.22       15.28       15.14       15.26          2028400.00
07/07/2016       15.30       15.34       15.08       15.28          2835100.00
07/05/2016       15.20       15.40       15.16       15.30          2804300.00
07/04/2016       15.22       15.32       15.12       15.20          4634900.00
07/01/2016       14.94       15.28       14.94       15.20          4460800.00
06/30/2016       15.22       15.50       14.80       14.80          6630600.00
06/29/2016       15.20       15.36       15.16       15.20          7730600.00
06/28/2016       15.38       15.40       15.12       15.18          8892800.00
06/27/2016       15.40       15.60       15.04       15.38          6329700.00
06/24/2016       15.70       15.78       15.42       15.60          3557800.00
06/23/2016       15.80       15.80       15.62       15.80          1787900.00
06/22/2016       15.90       15.90       15.76       15.80          9239200.00
06/21/2016       15.80       15.88       15.76       15.80         13711800.00
06/20/2016       15.88       15.88       15.70       15.70          4346200.00
06/17/2016       16.00       16.04       15.90       15.90          5523600.00
06/16/2016       15.84       16.00       15.84       15.90          5430000.00
06/15/2016       15.90       15.96       15.80       15.96          1566900.00
06/14/2016       15.94       16.00       15.60       16.00          3880000.00
06/13/2016       15.94       16.00       15.48       16.00          4656500.00
06/10/2016       15.50       15.98       15.50       15.98          4118100.00
06/09/2016       16.10       16.10       15.50       15.50          1671900.00
06/08/2016       15.70       16.12       15.70       16.10         10898800.00
06/07/2016       15.54       15.92       15.52       15.56          5323900.00
06/06/2016       15.78       15.80       15.42       15.42          2918100.00
06/03/2016       15.50       15.68       15.46       15.68          7148300.00
06/02/2016       15.50       15.54       15.40       15.50          4072500.00
06/01/2016       15.22       15.54       15.22       15.40          6650800.00
05/31/2016       15.70       15.70       15.22       15.22         13497500.00
05/30/2016       15.32       15.80       15.24       15.50          6309900.00
05/27/2016       15.10       15.38       15.10       15.30          7044400.00
05/26/2016       14.80       15.14       14.76       15.00         10671300.00
05/25/2016       14.66       14.78       14.52       14.76          9222300.00
05/24/2016       14.50       14.68       14.40       14.58          9605800.00
05/23/2016       14.44       14.44       14.28       14.36          3331700.00
05/20/2016       14.56       14.56       14.04       14.22          4571400.00
05/19/2016       14.58       14.70       14.54       14.56          9676200.00
05/18/2016       14.26       14.66       14.26       14.58         21166100.00
05/17/2016       14.30       14.38       14.14       14.24         14474700.00
05/16/2016       14.60       14.60       14.22       14.26          6122800.00
05/13/2016       14.66       14.80       14.48       14.60          9349200.00
05/12/2016       14.52       14.68       14.40       14.46          5211900.00
05/11/2016       14.42       14.80       14.42       14.46         23614699.00
05/10/2016       14.20       14.36       13.98       14.36          9252600.00
05/06/2016       14.30       14.36       14.12       14.36          5426400.00
05/05/2016       14.52       14.52       14.22       14.36          2275600.00
05/04/2016       14.78       14.78       14.42       14.70          1365500.00
05/03/2016       14.60       14.86       14.42       14.86          3275700.00
05/02/2016       14.50       14.52       14.10       14.36          3303600.00
04/29/2016       14.78       14.78       14.50       14.50         15045900.00
04/28/2016       15.10       15.30       14.50       14.50          5944500.00
04/27/2016       15.70       15.70       15.16       15.24          5002900.00
04/26/2016       16.00       16.00       15.70       15.84          3969300.00
04/25/2016       16.42       16.42       15.94       16.00          5411600.00
04/22/2016       16.44       16.60       16.42       16.46          6436200.00
04/21/2016       16.40       16.68       16.34       16.68          6281300.00
04/20/2016       16.36       16.46       16.34       16.38          2898300.00
04/19/2016       16.24       16.42       16.24       16.36          7060000.00
04/18/2016       16.52       16.52       16.20       16.20          1702500.00
04/15/2016       16.72       16.72       16.42       16.52          2061500.00
04/14/2016       16.80       16.82       16.70       16.70          4493700.00
04/13/2016       16.82       16.82       16.62       16.70          3642300.00
04/12/2016       16.88       16.90       16.70       16.78          3136200.00
04/11/2016       16.98       16.98       16.76       16.90           824300.00
04/08/2016       17.00       17.00       16.68       16.76          6150200.00
04/07/2016       16.72       17.00       16.60       17.00          5695300.00
04/06/2016       16.58       16.70       16.42       16.64          5155300.00
04/05/2016       16.50       16.60       16.42       16.60          2534400.00
04/04/2016       16.50       16.68       16.40       16.54          1696500.00
04/01/2016       16.52       16.90       16.28       16.48          7961000.00
03/31/2016       17.02       17.12       16.50       16.50          6444100.00
03/30/2016       16.92       17.20       16.92       17.02          3690700.00
03/29/2016       17.22       17.42       16.88       16.90          6539200.00
03/28/2016       16.96       17.36       16.78       17.22          8883700.00
03/23/2016       16.20       16.98       16.20       16.94         14751900.00
03/22/2016       16.00       16.10       15.98       16.06         13367700.00
03/21/2016       16.00       16.16       15.98       16.00          5453900.00
03/18/2016       16.00       16.08       15.88       15.88          8190400.00
03/17/2016       16.00       16.00       15.92       16.00          3463500.00
03/16/2016       16.00       16.10       15.80       15.84          6698500.00
03/15/2016       16.00       16.10       15.88       16.00          9316400.00
03/14/2016       16.28       16.30       15.86       15.86          4474900.00
03/11/2016       15.62       16.10       15.62       16.00          8271200.00
03/10/2016       15.40       16.20       15.40       16.10         13112100.00
03/09/2016       15.28       15.40       15.24       15.40         14788800.00
03/08/2016       15.48       15.48       15.18       15.28          7278200.00
03/07/2016       15.40       15.60       15.38       15.46          7318100.00
03/04/2016       15.30       15.50       15.20       15.30          6029500.00
03/03/2016       14.80       15.50       14.80       15.30         10392600.00
03/02/2016       14.38       14.80       14.38       14.80          2934000.00
03/01/2016       14.12       14.50       14.12       14.38          2550400.00
02/29/2016       14.50       14.56       14.20       14.40         10109400.00
02/26/2016       14.56       14.56       14.46       14.50          9162900.00
02/24/2016       14.58       14.58       14.44       14.58          3520500.00
02/23/2016       14.36       14.62       14.36       14.58         10103300.00
02/22/2016       14.60       14.78       14.28       14.32          3970000.00
02/19/2016       14.66       14.80       14.60       14.60          9470800.00
02/18/2016       14.50       14.68       14.50       14.62          2964400.00
02/17/2016       14.50       14.60       14.34       14.48          7764000.00
02/16/2016       14.28       14.50       14.28       14.40          7144000.00
02/15/2016       14.28       14.40       14.16       14.20          1437600.00
02/12/2016       14.24       14.28       14.20       14.24          2065600.00
02/11/2016       14.20       14.34       14.12       14.24          5984500.00
02/10/2016       14.20       14.34       13.96       14.00          5400400.00
02/09/2016       14.66       14.66       14.36       14.38          2290900.00
02/05/2016       14.32       14.76       14.32       14.70          6187100.00
02/04/2016       14.36       14.56       14.36       14.46          6150100.00
02/03/2016       14.52       14.62       14.20       14.50          5826000.00
02/02/2016       14.78       14.78       14.50       14.62          8089000.00
02/01/2016       14.80       14.82       14.70       14.78         11487300.00
01/29/2016       14.50       14.80       14.40       14.80          8349200.00
01/28/2016       14.00       14.50       13.70       14.50         15223200.00
01/27/2016       13.80       14.20       13.70       14.00          9218700.00
01/26/2016       13.80       14.14       13.62       13.70          5409500.00
01/25/2016       13.56       14.10       13.56       14.00          8428700.00
01/22/2016       13.00       13.30       12.68       13.20          8480300.00
01/21/2016       13.80       14.00       12.60       12.70         10973300.00
01/20/2016       13.92       14.20       13.80       13.80          6780500.00
01/19/2016       13.94       14.20       13.94       14.06          2538700.00
01/18/2016       14.42       14.42       13.76       13.92          8254500.00
01/15/2016       14.80       14.82       14.56       14.62          3203000.00
01/14/2016       14.78       14.78       14.56       14.60          2585100.00
01/13/2016       15.02       15.14       14.90       14.90          3099900.00
01/12/2016       14.62       15.34       14.62       14.78          6929700.00
01/11/2016       15.20       15.20       14.56       14.60          7074400.00
01/08/2016       15.30       15.60       15.20       15.20          3819900.00
01/07/2016       16.00       16.04       15.40       15.40          2923200.00
01/06/2016       15.94       16.18       15.94       16.04          3998200.00
01/05/2016       15.98       16.04       15.94       16.00          8207000.00
01/04/2016       16.16       16.50       15.96       15.98          7784000.00
12/29/2015       16.86       16.92       16.10       16.10          3919300.00
12/28/2015       16.88       16.88       16.72       16.80          3207100.00
12/23/2015       16.60       16.90       16.58       16.72          5877300.00
12/22/2015       16.26       16.62       16.22       16.52          3318200.00
12/21/2015       16.30       16.34       16.00       16.26          1862800.00
12/18/2015       16.20       16.26       16.04       16.26          4499100.00
12/17/2015       16.00       16.56       16.00       16.40          9279200.00
12/16/2015       15.76       16.08       15.64       16.00         10168000.00
12/15/2015       15.50       15.68       15.50       15.58         14121700.00
12/14/2015       15.60       15.60       15.16       15.30          7308400.00
12/11/2015       16.22       16.50       15.60       15.60          9401900.00
12/10/2015       16.68       16.70       16.00       16.22         15373600.00
12/09/2015       16.50       16.82       16.38       16.70          1949700.00
12/08/2015       17.20       17.20       16.46       16.50          2298800.00
12/07/2015       17.10       17.20       17.08       17.10          3073300.00
12/04/2015       17.30       17.32       17.10       17.10          2653900.00
12/03/2015       17.82       17.82       17.50       17.50          2418200.00
12/02/2015       17.90       17.90       17.80       17.90           773700.00
12/01/2015       17.70       18.10       17.70       17.80         14734500.00
11/27/2015       17.96       18.20       17.70       17.70          7448000.00
11/26/2015       18.14       18.14       17.80       17.98          9245800.00
11/25/2015       18.16       18.16       17.82       17.84          6478300.00
11/24/2015       18.16       18.16       17.60       18.00          3955000.00
11/23/2015       17.90       18.20       17.50       17.90          2013900.00
11/20/2015       17.80       17.96       17.02       17.90          3491100.00
11/17/2015       17.78       17.96       17.68       17.76          3039000.00
11/16/2015       17.30       17.78       17.20       17.78          2449900.00
11/13/2015       17.82       18.00       17.20       17.82          7543500.00
11/12/2015       18.10       18.40       17.82       17.82          2640200.00
11/11/2015       18.06       18.46       18.02       18.20          3278300.00
11/10/2015       18.20       18.44       18.10       18.34          1128700.00
11/09/2015       18.48       18.58       18.12       18.58          1297100.00
11/06/2015       18.68       18.68       18.18       18.52          6105400.00
11/05/2015       18.60       18.80       18.60       18.68          3472200.00
11/04/2015       18.58       18.86       18.44       18.60          4476000.00
11/03/2015       18.50       18.60       18.40       18.50          2621200.00
11/02/2015       18.40       18.50       18.10       18.50          2163000.00
10/30/2015       18.56       18.58       18.00       18.24          5110500.00
10/29/2015       18.90       19.00       18.46       18.52          5057500.00
10/28/2015       18.80       18.90       18.52       18.88          4389700.00
10/27/2015       18.50       18.80       18.36       18.74          5670900.00
10/26/2015       18.40       18.60       18.40       18.50         10042800.00
10/23/2015       18.18       18.30       17.98       18.00          7429200.00
10/22/2015       17.90       18.10       17.90       18.00          5467900.00
10/21/2015       18.08       18.18       17.84       18.00          5661900.00
10/20/2015       18.20       18.36       17.94       18.06          2480100.00
10/19/2015       18.30       18.40       18.18       18.20          7286400.00
10/16/2015       18.10       18.40       18.10       18.26          8365600.00
10/15/2015       17.80       18.10       17.80       18.06          3940000.00
10/14/2015       18.40       18.40       17.50       17.80          9239100.00
10/13/2015       18.50       18.80       18.30       18.30         12479200.00
10/12/2015       18.54       18.76       18.18       18.50          9575700.00
10/09/2015       17.24       18.46       17.16       18.46         12781600.00
10/08/2015       17.12       17.44       16.94       17.14          8678200.00
10/07/2015       16.36       17.00       16.30       17.00          9812000.00
10/06/2015       16.18       16.52       16.18       16.36         12562300.00
10/05/2015       16.00       16.30       15.88       16.08         20269100.00
10/02/2015       16.50       16.50       16.10       16.18         16920801.00
10/01/2015       15.70       16.40       15.66       16.12         11490500.00
09/30/2015       16.46       16.46       15.16       15.32         18565199.00
09/29/2015       16.92       16.92       16.18       16.46         10187600.00
09/28/2015       18.20       18.20       16.54       16.96         15907500.00
09/24/2015       18.90       19.00       18.12       18.14         12598200.00
09/23/2015       19.60       19.60       18.88       19.00          6544800.00
09/22/2015       19.72       19.84       19.56       19.60          4294600.00
09/21/2015       19.90       19.90       19.54       19.72         19369699.00
09/18/2015       20.35       20.45       19.80       19.90          6923000.00
09/17/2015       20.40       20.45       20.25       20.35         11683400.00
09/16/2015       20.10       20.45       20.00       20.15          6643300.00
09/15/2015       19.92       20.40       19.90       20.25          5735700.00
09/14/2015       19.92       20.10       19.90       20.00          2882000.00
09/11/2015       19.90       19.98       19.88       19.90          3177300.00
09/10/2015       19.80       20.15       19.78       19.88          7255400.00
09/09/2015       19.98       20.10       19.80       19.80          4717600.00
09/08/2015       20.00       20.10       19.52       19.98          2586000.00
09/07/2015       20.25       20.30       19.50       20.10          3812900.00
09/04/2015       20.25       20.25       20.10       20.25          6563800.00
09/03/2015       20.30       20.30       20.00       20.30          7886900.00
09/02/2015       19.74       20.20       19.48       20.20          5401000.00
09/01/2015       19.60       20.50       19.60       19.92          9076500.00
08/28/2015       20.00       20.35       19.80       19.80          8941100.00
08/27/2015       19.48       20.00       19.48       19.80         36473301.00
08/26/2015       19.32       19.44       18.90       19.30          8626200.00
08/25/2015       18.20       19.66       18.04       19.32          8435200.00
08/24/2015       19.70       19.70       18.42       18.90         13205200.00
08/20/2015       20.25       20.60       20.00       20.15         18452600.00
08/19/2015       21.60       21.65       20.25       20.25         16051000.00
08/18/2015       22.25       22.25       21.60       21.60          8412900.00
08/17/2015       22.50       22.50       22.20       22.30          6606900.00
08/14/2015       22.70       22.70       22.10       22.30          5559700.00
08/13/2015       22.30       22.60       22.20       22.30          3886600.00
08/12/2015       22.10       22.45       22.10       22.30         11763100.00
08/11/2015       22.20       22.55       22.20       22.55          5416500.00
08/10/2015       22.85       22.90       22.20       22.20          3099700.00
08/07/2015       22.85       22.95       22.70       22.95          5830700.00
08/06/2015       23.00       23.30       22.85       22.85         11138100.00
08/05/2015       22.55       23.20       22.50       23.05          5334400.00
08/04/2015       22.50       22.60       22.35       22.55          8206500.00
08/03/2015       22.60       22.60       22.30       22.35          5244600.00
07/31/2015       22.60       22.60       22.20       22.60          5653500.00
07/30/2015       22.40       22.60       22.25       22.25         11643100.00
07/29/2015       22.00       22.85       22.00       22.30          1936200.00
07/28/2015       22.75       22.75       22.00       22.00          2948800.00
07/27/2015       23.30       23.30       22.80       22.80          3573000.00
07/24/2015       23.70       23.70       23.30       23.50          1495500.00
07/23/2015       23.40       23.80       23.15       23.70         13672500.00
07/22/2015       23.30       23.50       23.10       23.50         13390700.00
07/21/2015       22.55       23.45       22.55       23.40          8541400.00
07/20/2015       22.90       22.90       22.40       22.50          3106000.00
07/16/2015       22.40       23.05       22.30       22.90          3466800.00
07/15/2015       22.30       22.65       22.10       22.45         33157602.00
07/14/2015       22.00       22.30       22.00       22.30          3311100.00
07/13/2015       21.90       22.10       21.85       21.95          6150500.00
07/10/2015       22.15       22.15       21.85       22.00         12795100.00
07/09/2015       21.85       22.50       21.50       22.00         12521800.00
07/08/2015       21.80       22.15       21.75       22.00         15053100.00
07/07/2015       21.80       22.20       21.70       21.80          7249500.00
07/06/2015       22.05       22.05       21.75       21.80          8971300.00
07/03/2015       22.65       22.65       22.05       22.15          1316600.00
07/02/2015       22.45       22.90       22.30       22.30          7390700.00
07/01/2015       21.80       22.30       21.80       22.30         10546500.00
06/30/2015       22.25       22.50       21.70       21.70         14587900.00
06/29/2015       22.80       22.80       21.90       22.50          3407900.00
06/26/2015       22.80       23.00       22.65       23.00          1025400.00
06/25/2015       22.95       23.00       22.60       22.80          4679800.00
06/24/2015       22.95       23.05       22.70       23.00          4504000.00
06/23/2015       22.95       23.05       22.50       22.50          9136300.00
06/22/2015       22.90       23.05       22.75       23.05          1627200.00
06/19/2015       23.15       23.30       22.40       23.10          5142800.00
06/18/2015       22.55       23.20       22.55       23.05          5102600.00
06/17/2015       22.55       22.70       22.40       22.45         33315602.00
06/16/2015       22.50       22.50       22.40       22.50          9173000.00
06/15/2015       22.50       22.70       22.45       22.50          6922200.00
06/11/2015       21.90       22.50       21.90       22.45          9598900.00
06/10/2015       21.50       22.00       21.50       21.90          7137300.00
06/09/2015       22.20       22.55       21.50       21.55         17153000.00
06/08/2015       22.50       22.50       22.25       22.30         11071400.00
06/05/2015       22.55       22.55       22.40       22.55          4306600.00
06/04/2015       22.50       22.70       22.40       22.55          6193900.00
06/03/2015       22.50       22.80       22.50       22.55          4947500.00
06/02/2015       23.30       23.30       22.50       22.50          7104300.00
06/01/2015       23.00       23.40       22.70       23.35          2242800.00
05/29/2015       23.10       23.50       22.95       22.95         10634900.00
05/28/2015       22.70       23.30       22.50       23.30          4609600.00
05/27/2015       22.65       22.75       22.30       22.65         29354900.00
05/26/2015       22.80       22.80       22.35       22.60          4113900.00
05/25/2015       22.80       23.05       22.60       22.75          4914600.00
05/22/2015       22.85       22.95       22.65       22.70         16349300.00
05/21/2015       24.10       24.25       22.55       22.55         41948199.00
05/20/2015       25.00       25.00       24.15       24.30         12822300.00
05/19/2015       24.95       25.00       24.70       24.80         15259400.00
05/18/2015       24.45       24.90       24.45       24.90         13551800.00
05/15/2015       24.20       24.60       24.20       24.40         12165300.00
05/14/2015       24.55       24.80       24.00       24.05          7239800.00
05/13/2015       25.30       25.35       24.50       24.50          4994300.00
05/12/2015       24.85       25.40       24.70       25.25         10382100.00
05/11/2015       24.70       25.00       24.55       24.80          8177300.00
05/08/2015       24.75       25.00       24.30       24.50          6021500.00
05/07/2015       24.85       25.00       24.45       24.50         21179500.00
05/06/2015       25.65       25.65       24.90       25.10          9920800.00
05/05/2015       25.65       25.80       25.50       25.65         13107000.00
05/04/2015       25.75       26.00       24.90       25.45         10964800.00
04/30/2015       26.45       26.50       25.40       25.40         32030000.00
04/29/2015       26.40       26.75       25.90       26.35          5895000.00
04/28/2015       26.90       26.95       26.45       26.75          4496300.00
04/27/2015       26.20       27.10       26.00       26.85         13792600.00
04/24/2015       26.05       26.30       25.85       26.20          3186300.00
04/23/2015       25.55       26.15       25.05       25.80          7767800.00
04/22/2015       24.70       25.50       24.70       25.50          7429000.00
04/21/2015       24.70       24.80       24.30       24.65         11181900.00
04/20/2015       25.50       25.50       24.10       24.15         15246600.00
04/17/2015       26.05       26.20       25.40       25.55         12306600.00
04/16/2015       26.10       26.30       25.50       25.60         12032200.00
04/15/2015       27.25       27.25       25.80       26.00         14769100.00
04/14/2015       27.00       27.25       26.40       27.25          4512600.00
04/13/2015       27.10       27.70       26.65       27.00         10247500.00
04/10/2015       26.90       27.95       26.90       27.10         12629700.00
04/08/2015       27.00       27.15       26.70       26.90          8324800.00
04/07/2015       27.00       27.60       26.90       27.00         11569700.00
04/06/2015       27.00       27.20       26.80       27.00          5824600.00
04/01/2015       26.70       27.15       26.40       27.00         11020400.00
03/31/2015       27.00       27.00       26.20       26.50         11214300.00
03/30/2015       27.40       27.45       26.50       26.50          6758700.00
03/27/2015       26.90       27.30       26.80       26.95         10123700.00
03/26/2015       26.60       27.25       26.60       27.25          5927100.00
03/25/2015       26.80       27.40       26.30       27.30         12195300.00
03/24/2015       26.80       26.80       26.55       26.80         14405300.00
03/23/2015       26.90       27.10       26.80       26.90          9847100.00
03/20/2015       27.30       27.30       26.65       26.90         10235900.00
03/19/2015       26.70       27.40       26.65       27.25         24538400.00
03/18/2015       26.30       26.70       26.25       26.65         12249400.00
03/17/2015       25.95       26.45       25.90       26.30          8705400.00
03/16/2015       26.10       26.15       25.70       25.95          5771900.00
03/13/2015       25.75       26.15       25.70       26.10         10779200.00
03/12/2015       25.10       25.90       25.00       25.90         22566900.00
03/11/2015       24.70       25.20       24.40       25.20         13901500.00
03/10/2015       24.45       24.70       24.30       24.70         16115000.00
03/09/2015       23.90       24.40       23.90       24.35          7473400.00
03/06/2015       23.85       24.00       23.80       24.00         15822700.00
03/05/2015       24.35       24.40       23.85       23.85          4843800.00
03/04/2015       23.75       24.30       23.65       24.10         10045200.00
03/03/2015       23.45       23.75       23.45       23.65          8550600.00
03/02/2015       24.00       24.00       23.15       23.30         11669400.00
02/27/2015       24.35       24.50       23.75       23.80          5190800.00
02/26/2015       24.65       24.65       24.20       24.35         12256600.00
02/25/2015       24.45       25.00       24.45       24.65          2323900.00
02/24/2015       24.90       24.95       24.50       24.70          8315400.00
02/23/2015       24.85       24.95       24.65       24.85          3918200.00
02/20/2015       25.15       25.20       24.95       25.20          4858600.00
02/18/2015       24.45       25.20       24.45       25.05         10024700.00
02/17/2015       24.00       24.45       23.90       24.40          4326500.00
02/16/2015       24.00       24.15       23.90       24.00          4835800.00
02/13/2015       23.70       24.05       23.65       23.75         11836900.00
02/12/2015       23.95       24.50       23.60       23.60          9739400.00
02/11/2015       24.30       24.40       23.85       23.85         10554800.00
02/10/2015       24.50       24.50       23.95       24.00          6930000.00
02/09/2015       24.75       24.75       23.80       23.95         11273700.00
02/06/2015       25.05       25.40       24.70       24.70          6530000.00
02/05/2015       25.15       25.15       24.90       25.00          4233800.00
02/04/2015       25.50       25.60       24.95       25.15          6607900.00
02/03/2015       25.55       25.80       25.00       25.50         13555000.00
02/02/2015       25.05       25.80       25.05       25.50         10958200.00
01/30/2015       24.45       25.10       24.40       25.05         12318500.00
01/29/2015       25.05       25.30       24.50       24.50          9216600.00
01/28/2015       25.50       25.55       25.15       25.20          4679500.00
01/27/2015       25.30       25.70       25.25       25.60          9562400.00
01/26/2015       24.40       25.30       24.20       25.30         10989600.00
01/23/2015       23.95       24.40       23.85       24.40          6478800.00
01/22/2015       23.40       23.80       23.30       23.70         12033200.00
01/21/2015       23.50       23.50       22.85       23.20          5763600.00
01/20/2015       24.25       24.25       23.05       23.45          9778100.00
01/19/2015       24.25       24.25       23.85       24.00          4109400.00
01/14/2015       24.00       24.25       23.80       23.80          5505000.00
01/13/2015       24.10       24.30       23.95       23.95          3894700.00
01/12/2015       23.90       24.15       23.65       24.10         10575600.00
01/09/2015       24.25       24.25       23.60       23.80          5436800.00
01/08/2015       24.50       24.55       24.00       24.10         10609400.00
01/07/2015       23.80       24.55       23.75       24.30          9724900.00
01/06/2015       23.00       23.90       22.75       23.90         10445300.00
01/05/2015       22.55       23.30       22.55       23.30         10444700.00
