ALI  1216

12/27/2019       46.30       46.55       45.50       45.50         10432800.00
12/26/2019       46.50       47.00       46.20       46.40          3843700.00
12/23/2019       45.10       47.25       45.10       47.25          9842900.00
12/20/2019       45.40       46.00       43.70       46.00         17863301.00
12/19/2019       46.60       46.60       45.00       45.40          8737300.00
12/18/2019       46.50       46.50       45.60       45.75         10987000.00
12/17/2019       46.40       47.00       45.25       45.75         17599500.00
12/16/2019       47.00       47.90       45.75       45.75         11468500.00
12/13/2019       45.80       47.00       45.00       46.90          8712500.00
12/12/2019       45.00       45.50       44.55       45.00          5887500.00
12/11/2019       44.80       45.90       44.65       45.45          5165800.00
12/10/2019       44.80       45.40       44.30       45.25          6292400.00
12/09/2019       45.50       45.70       44.70       44.70         11827800.00
12/06/2019       45.40       45.70       45.00       45.50          5186200.00
12/05/2019       45.45       45.75       45.45       45.50         19353699.00
12/04/2019       46.30       46.45       45.95       46.00         13214100.00
12/03/2019       46.75       47.25       46.00       47.25         11096000.00
12/02/2019       45.45       47.00       45.10       47.00          5839400.00
11/29/2019       44.70       45.50       44.70       45.50          7226900.00
11/28/2019       44.05       44.70       44.05       44.70          9193300.00
11/27/2019       43.40       44.65       43.10       44.50         15035300.00
11/26/2019       43.95       44.20       42.55       42.55         37427398.00
11/25/2019       44.50       44.90       43.75       43.90         14704200.00
11/22/2019       44.65       44.80       43.85       44.50         13217800.00
11/21/2019       45.70       45.70       44.15       45.20         13189200.00
11/20/2019       45.00       45.70       44.65       45.70         11103300.00
11/19/2019       44.90       45.50       44.80       45.00         10232500.00
11/18/2019       45.95       46.00       44.80       44.90          9939500.00
11/15/2019       46.80       46.80       45.95       45.95          6893400.00
11/14/2019       46.20       47.00       45.90       47.00          5224700.00
11/13/2019       46.50       46.95       46.00       46.95          6290200.00
11/12/2019       46.80       46.85       46.25       46.50          4686800.00
11/11/2019       47.50       47.50       46.50       46.80          7175500.00
11/08/2019       47.05       47.10       46.35       47.00          7780900.00
11/07/2019       47.55       47.55       46.90       47.00          8608800.00
11/06/2019       49.00       49.00       46.75       47.00         13879600.00
11/05/2019       48.90       49.65       48.70       49.00         10078500.00
11/04/2019       49.40       49.90       48.90       49.00          8138000.00
10/31/2019       49.50       49.50       48.55       48.55          5560800.00
10/30/2019       49.00       49.55       48.80       49.55          5324000.00
10/29/2019       48.80       49.00       48.50       49.00          5701900.00
10/28/2019       48.50       48.80       48.10       48.80          5076900.00
10/25/2019       49.20       49.20       48.50       48.50          2815900.00
10/24/2019       48.65       49.05       48.65       48.95          6667200.00
10/23/2019       48.65       49.00       48.65       49.00          4139400.00
10/22/2019       48.80       49.00       48.65       48.80          8801700.00
10/21/2019       48.65       49.05       48.60       48.85          4310600.00
10/18/2019       49.20       49.20       48.90       49.00          4277500.00
10/17/2019       49.10       49.20       48.50       49.20          4017900.00
10/16/2019       48.05       49.20       48.00       49.10          6759600.00
10/15/2019       48.05       48.15       47.90       48.00          5128100.00
10/14/2019       47.90       48.20       47.75       48.00          3923000.00
10/11/2019       46.90       47.95       46.70       47.95          2754900.00
10/10/2019       46.95       47.20       46.55       46.80          3506700.00
10/09/2019       46.35       46.60       46.00       46.50          2011000.00
10/08/2019       46.50       46.90       46.20       46.50          7806600.00
10/07/2019       46.25       46.55       46.00       46.50          5971300.00
10/04/2019       45.65       46.35       45.30       46.20          4536400.00
10/03/2019       46.55       46.55       45.00       45.00         15387000.00
10/02/2019       48.15       48.15       47.00       47.00          9208500.00
10/01/2019       49.70       49.70       48.15       48.15          6863500.00
09/30/2019       49.65       49.70       49.10       49.45         12910500.00
09/27/2019       49.60       49.65       49.20       49.30         12529100.00
09/26/2019       49.20       49.65       49.05       49.35         10941400.00
09/25/2019       48.70       49.20       48.00       49.20          7921900.00
09/24/2019       48.40       48.95       47.25       48.95          3952600.00
09/23/2019       47.95       48.65       47.80       48.65          2947500.00
09/20/2019       48.60       48.80       47.90       47.90         16266000.00
09/19/2019       48.10       49.00       48.10       49.00          8494900.00
09/18/2019       48.80       49.10       48.05       48.05          8554600.00
09/17/2019       49.30       49.40       48.80       48.80         14082600.00
09/16/2019       49.90       49.90       48.85       49.90          7923900.00
09/13/2019       49.40       49.90       48.85       49.90          4671900.00
09/12/2019       49.50       49.50       49.05       49.30          6708360.00
09/11/2019       49.00       50.00       48.70       50.00          7999700.00
09/10/2019       49.10       49.20       48.40       49.00          7122300.00
09/09/2019       49.50       49.70       49.00       49.60          8360200.00
09/06/2019       48.80       49.60       48.70       49.50         12984700.00
09/05/2019       47.95       48.50       47.30       48.50          5748900.00
09/04/2019       47.70       47.80       47.05       47.40          9375400.00
09/03/2019       47.50       47.80       47.10       47.30         10370000.00
09/02/2019       47.35       47.80       47.35       47.40          6942800.00
08/30/2019       48.05       48.20       47.30       47.30         25166000.00
08/29/2019       48.00       48.00       47.40       47.70         12162700.00
08/28/2019       47.75       48.00       47.25       47.75         11207300.00
08/27/2019       48.05       48.30       47.25       47.25         30254801.00
08/23/2019       48.45       49.00       47.75       48.90         12861400.00
08/22/2019       49.00       49.15       48.35       49.15         15526900.00
08/20/2019       48.60       49.50       48.50       49.50          7877600.00
08/19/2019       48.50       49.40       48.20       49.40         12304900.00
08/16/2019       48.50       49.25       48.45       49.25         17231900.00
08/15/2019       47.40       49.00       47.00       48.85         17971500.00
08/14/2019       47.40       49.20       47.40       48.90         18209600.00
08/13/2019       48.40       48.40       46.30       47.25         25680900.00
08/09/2019       48.55       49.05       48.55       48.65          9555100.00
08/08/2019       49.00       49.40       48.70       48.90          8562600.00
08/07/2019       48.15       48.85       48.15       48.50         14069000.00
08/06/2019       48.40       48.40       47.55       48.05         22532500.00
08/05/2019       50.05       50.70       49.15       49.15          6635510.00
08/02/2019       50.00       51.00       49.45       51.00          5717040.00
08/01/2019       49.75       50.05       49.40       50.05          8275400.00
07/31/2019       50.80       51.00       49.75       49.80         11400370.00
07/30/2019       51.55       51.55       50.95       51.10          3898780.00
07/29/2019       51.40       51.65       50.95       51.30          2742030.00
07/26/2019       51.65       51.95       51.35       51.35          4935900.00
07/25/2019       51.55       52.55       51.50       52.55          3269150.00
07/24/2019       52.10       52.15       51.40       52.00          9303770.00
07/23/2019       52.00       52.45       51.90       52.10          5278510.00
07/22/2019       51.40       52.20       51.40       51.95          4289060.00
07/19/2019       52.50       52.85       52.00       52.00          8880370.00
07/18/2019       52.20       52.50       52.10       52.35         10337980.00
07/17/2019       52.00       52.75       52.00       52.20         10579870.00
07/16/2019       53.50       53.85       51.80       51.80         15736830.00
07/15/2019       53.00       53.60       52.80       53.50          9744540.00
07/12/2019       52.60       53.00       52.30       53.00         11368580.00
07/11/2019       51.80       53.00       51.55       53.00         10327970.00
07/10/2019       51.55       51.60       51.00       51.25          6420600.00
07/09/2019       52.05       52.40       51.25       51.45          8054490.00
07/08/2019       51.85       52.65       51.80       52.10         18957551.00
07/05/2019       51.50       52.45       51.50       52.20         12579070.00
07/04/2019       51.55       51.95       51.40       51.40          6029720.00
07/03/2019       51.75       52.35       51.55       51.75          8364750.00
07/02/2019       51.55       51.70       51.05       51.45          9924340.00
07/01/2019       50.95       51.70       50.70       51.70          5484330.00
06/28/2019       50.70       50.80       50.40       50.80         10811670.00
06/27/2019       50.65       50.90       50.45       50.60         10739880.00
06/26/2019       50.60       51.00       50.40       51.00         10266840.00
06/25/2019       51.80       51.90       50.50       50.55          9625940.00
06/24/2019       50.50       52.00       50.50       51.80         11312640.00
06/21/2019       50.70       51.20       50.55       50.75         15389290.00
06/20/2019       50.40       50.80       50.35       50.55          9349280.00
06/19/2019       50.50       51.00       50.40       51.00          6188500.00
06/18/2019       50.05       50.85       49.90       49.90          9667740.00
06/17/2019       50.55       50.95       50.00       50.50          6289810.00
06/14/2019       51.15       51.15       50.05       50.50         14160300.00
06/13/2019       51.15       51.50       49.75       51.50         15622940.00
06/11/2019       50.65       51.35       50.45       51.00          9236680.00
06/10/2019       49.85       50.70       49.70       50.65         13988300.00
06/07/2019       50.10       50.75       49.70       49.80          8418480.00
06/06/2019       51.00       51.25       50.00       50.00         22628230.00
06/04/2019       51.70       51.95       50.20       50.50         13833060.00
06/03/2019       49.75       52.50       49.65       52.45         26167400.00
05/31/2019       48.60       49.60       48.50       49.50         27118400.00
05/30/2019       48.50       49.45       48.20       48.20         11443900.00
05/29/2019       48.60       48.70       48.40       48.50          8398400.00
05/28/2019       48.10       48.65       47.40       48.65         27116699.00
05/27/2019       47.15       48.30       47.15       48.10         13000200.00
05/24/2019       48.45       48.45       47.40       47.70          8521800.00
05/23/2019       48.00       48.50       48.00       48.50         10520300.00
05/22/2019       47.75       48.30       47.60       48.00          9664900.00
05/21/2019       47.50       48.00       46.80       47.90          9615700.00
05/20/2019       46.75       47.60       46.75       47.50          4448100.00
05/17/2019       46.30       47.80       46.30       46.75         10989800.00
05/16/2019       47.00       47.85       46.40       46.60         12575700.00
05/15/2019       47.95       47.95       47.00       47.00         10143000.00
05/14/2019       47.20       48.30       47.00       47.95         20830600.00
05/10/2019       47.00       47.50       46.10       47.00         11832700.00
05/09/2019       46.00       46.95       46.00       46.80         12875700.00
05/08/2019       46.90       47.00       45.95       47.00         21210699.00
05/07/2019       46.30       47.50       46.30       46.95          9516200.00
05/06/2019       47.40       47.40       46.30       46.80         21637100.00
05/03/2019       48.00       48.05       47.40       47.40         12052600.00
05/02/2019       49.10       49.40       48.00       48.00         16279800.00
04/30/2019       48.50       48.95       48.40       48.95         10638500.00
04/29/2019       48.15       48.80       48.00       48.50         23440400.00
04/26/2019       49.50       49.60       48.00       48.50         20647000.00
04/25/2019       48.00       49.50       47.95       49.50         18473500.00
04/24/2019       47.40       48.10       47.10       48.00         19145699.00
04/23/2019       46.95       47.00       46.35       47.00         13110000.00
04/22/2019       46.60       47.10       46.60       47.00         14978400.00
04/17/2019       46.95       47.20       46.80       47.00         19386600.00
04/16/2019       46.70       47.45       46.70       47.30         24760301.00
04/15/2019       46.40       46.90       46.40       46.80         25336301.00
04/12/2019       46.70       46.75       46.40       46.60         14220900.00
04/11/2019       45.50       46.95       45.50       46.70         22570301.00
04/10/2019       45.10       45.50       44.95       45.35         41430398.00
04/08/2019       45.00       45.00       44.85       45.00          9190300.00
04/05/2019       44.50       45.10       44.50       45.00          7025000.00
04/04/2019       44.60       44.75       44.40       44.50         11193000.00
04/03/2019       44.60       44.85       44.50       44.60          4761300.00
04/02/2019       45.00       45.00       44.80       44.95         11397100.00
04/01/2019       44.85       45.15       44.70       45.00         17106900.00
03/29/2019       44.40       44.90       44.00       44.90         14318300.00
03/28/2019       44.55       44.60       43.70       44.00         15297400.00
03/27/2019       44.80       44.90       43.55       43.55         11748200.00
03/26/2019       44.40       44.95       44.00       44.50         12287800.00
03/25/2019       44.85       44.85       43.60       43.85          6083600.00
03/22/2019       44.70       45.75       44.70       45.00         18796301.00
03/21/2019       44.00       44.70       43.85       44.70         13282700.00
03/20/2019       43.25       43.70       43.25       43.70         12432300.00
03/19/2019       43.10       43.45       43.00       43.25         12974100.00
03/18/2019       43.10       43.45       43.10       43.45          8801200.00
03/15/2019       42.80       43.15       42.60       43.10         13077100.00
03/14/2019       42.85       43.45       42.65       42.80          9923800.00
03/13/2019       42.80       43.00       42.60       42.85          8636800.00
03/12/2019       43.15       43.55       42.80       42.90          6182100.00
03/11/2019       43.60       43.80       42.90       43.15          5778100.00
03/08/2019       43.10       43.85       43.00       43.00          7222600.00
03/07/2019       43.65       43.85       43.30       43.40          8307500.00
03/06/2019       43.30       44.40       43.25       44.25          8415100.00
03/05/2019       43.00       43.55       43.00       43.25         19086400.00
03/04/2019       43.20       43.65       42.80       42.90          7216400.00
03/01/2019       43.80       44.10       43.00       43.20          9124800.00
02/28/2019       44.65       44.90       44.00       44.00         14014800.00
02/27/2019       44.65       44.90       44.15       44.65          8828100.00
02/26/2019       44.00       45.00       44.00       44.95         17597900.00
02/22/2019       44.00       44.50       43.90       44.50          7967400.00
02/21/2019       43.90       44.05       43.60       44.00         17149000.00
02/20/2019       43.10       43.90       43.10       43.90         12209300.00
02/19/2019       44.65       44.90       42.50       43.00         17025600.00
02/18/2019       44.60       44.95       44.40       44.65          8435200.00
02/15/2019       44.95       44.95       44.20       44.50          6612900.00
02/14/2019       44.50       45.00       44.45       45.00          6798400.00
02/13/2019       44.85       44.90       43.90       44.40         13515400.00
02/12/2019       44.90       45.00       44.45       44.80          6118700.00
02/11/2019       45.00       45.20       44.80       44.90          5238400.00
02/08/2019       45.20       45.25       44.85       45.00         10289800.00
02/07/2019       45.00       45.25       44.85       45.25         12189700.00
02/06/2019       44.90       45.15       44.75       45.00         10605900.00
02/04/2019       44.55       44.95       44.55       44.85          2473700.00
02/01/2019       44.70       45.25       44.50       44.95         22515801.00
01/31/2019       43.75       44.75       43.75       44.40         20312100.00
01/30/2019       43.10       44.20       43.10       43.75         17467400.00
01/29/2019       44.20       44.45       42.85       43.10         25127000.00
01/28/2019       44.60       44.80       43.85       44.20         15793200.00
01/25/2019       44.35       44.90       44.20       44.60          8118100.00
01/24/2019       44.10       44.95       44.10       44.35          7146700.00
01/23/2019       44.05       44.50       43.85       44.10         11115000.00
01/22/2019       45.25       45.25       44.40       44.70         10702600.00
01/21/2019       44.60       45.75       44.15       45.30          7445000.00
01/18/2019       44.65       45.15       44.20       45.00         11539200.00
01/17/2019       43.30       45.00       43.25       45.00         25486100.00
01/16/2019       44.75       44.75       43.10       43.10         11804800.00
01/15/2019       44.00       45.10       43.95       45.00         14994800.00
01/14/2019       44.00       44.55       42.70       44.55         12455600.00
01/11/2019       45.00       45.05       44.20       44.35         16485000.00
01/10/2019       44.80       45.25       43.70       45.00         22832199.00
01/09/2019       43.90       45.00       43.90       45.00         20331600.00
01/08/2019       44.80       44.80       43.50       43.90         11078100.00
01/07/2019       43.80       45.00       43.80       44.80         16911801.00
01/04/2019       42.35       44.35       42.35       43.70         27004801.00
01/03/2019       41.25       42.50       40.75       42.45         14316500.00
01/02/2019       40.60       41.95       40.60       41.30          4850600.00
12/28/2018       41.10       42.00       40.60       40.60         11717100.00
12/27/2018       41.20       42.10       40.60       40.60          8096700.00
12/26/2018       40.90       41.25       40.70       41.25          4393400.00
12/21/2018       42.05       42.70       41.10       41.30         14895700.00
12/20/2018       42.50       42.90       41.75       42.05          9558300.00
12/19/2018       42.45       43.20       42.15       43.20          8144400.00
12/18/2018       41.90       42.50       41.55       42.50          4487500.00
12/17/2018       42.00       42.60       41.80       42.50          7611500.00
12/14/2018       42.30       42.50       41.60       42.30          7179500.00
12/13/2018       42.00       42.35       41.90       42.35         11485100.00
12/12/2018       41.90       42.20       41.35       41.80         14689900.00
12/11/2018       40.55       42.00       40.55       42.00          6822000.00
12/10/2018       40.75       41.20       40.10       40.30          7844400.00
12/07/2018       41.55       41.95       40.15       40.75         10825500.00
12/06/2018       42.45       42.45       41.55       41.90          8969300.00
12/05/2018       42.10       42.50       41.00       42.50         11548500.00
12/04/2018       41.80       42.65       41.15       42.65         21121301.00
12/03/2018       42.20       42.85       41.30       41.90         15998700.00
11/29/2018       41.00       41.75       40.70       41.65         27201699.00
11/28/2018       40.90       40.90       40.25       40.25          5826700.00
11/27/2018       41.45       41.50       40.50       40.90         10360500.00
11/26/2018       41.50       42.00       41.20       41.50         10524300.00
11/23/2018       40.00       41.50       39.90       41.50         11888600.00
11/22/2018       39.90       40.10       39.65       40.00          3159400.00
11/21/2018       40.05       40.05       39.50       40.00          7884800.00
11/20/2018       39.80       40.25       38.65       40.10         11868800.00
11/19/2018       39.35       39.90       39.30       39.90         12157000.00
11/16/2018       39.00       39.70       39.00       39.35         16213200.00
11/15/2018       38.80       39.25       38.30       38.50          9783500.00
11/14/2018       38.55       39.30       38.55       38.80          6012600.00
11/13/2018       38.55       38.95       38.05       38.50          9065100.00
11/12/2018       38.00       39.00       38.00       38.60         28139199.00
11/09/2018       38.50       38.60       38.00       38.00          7158200.00
11/08/2018       38.10       39.20       38.05       38.50         15168200.00
11/07/2018       38.35       38.85       38.00       38.00         15290300.00
11/06/2018       40.00       40.10       38.00       38.00         14767300.00
11/05/2018       39.80       40.00       39.00       40.00         14154500.00
10/31/2018       38.25       39.65       38.25       39.65         14799300.00
10/30/2018       38.35       39.00       38.30       38.30          7908500.00
10/29/2018       38.75       38.90       38.20       38.70          5718300.00
10/26/2018       38.30       38.85       38.30       38.75          6384500.00
10/25/2018       39.00       39.05       38.00       38.00         17933500.00
10/24/2018       40.05       40.20       39.10       39.10          9440400.00
10/23/2018       41.15       41.35       40.00       40.60          6853900.00
10/22/2018       40.90       41.40       40.80       41.15          9223600.00
10/19/2018       40.10       40.95       39.80       40.90          4918700.00
10/18/2018       40.95       40.95       40.20       40.60          4918100.00
10/17/2018       40.40       41.00       40.40       40.80          5888500.00
10/16/2018       39.40       40.20       39.20       40.20          7399000.00
10/15/2018       40.00       40.35       39.20       39.20         10730800.00
10/12/2018       38.10       39.50       38.00       39.30         10216900.00
10/11/2018       38.80       38.90       38.10       38.50         10250600.00
10/10/2018       39.70       39.70       38.45       39.50          6192700.00
10/09/2018       39.45       39.70       39.00       39.70          3197800.00
10/08/2018       39.00       39.50       39.00       39.00          9817000.00
10/05/2018       38.90       39.30       38.75       39.00          8894300.00
10/04/2018       40.00       40.10       38.60       38.60          8641500.00
10/03/2018       39.15       40.50       39.00       40.50          4483800.00
10/02/2018       40.60       40.60       39.00       39.30         11436200.00
10/01/2018       39.95       40.60       39.40       40.60          3343900.00
09/28/2018       40.65       41.25       40.00       40.05          9919200.00
09/27/2018       40.05       41.30       39.95       41.30          3588400.00
09/26/2018       40.00       40.45       40.00       40.45          4521200.00
09/25/2018       41.00       41.20       39.85       39.85          8418600.00
09/24/2018       41.15       41.85       40.60       40.90          4448800.00
09/21/2018       39.90       41.75       39.90       41.75         11311800.00
09/20/2018       40.50       40.65       39.80       39.80          9641700.00
09/19/2018       40.50       41.20       39.90       40.00          7033900.00
09/18/2018       41.40       41.55       40.05       40.50         11743000.00
09/17/2018       41.00       41.95       41.00       41.60          3996500.00
09/14/2018       42.00       42.00       41.00       41.00          7868000.00
09/13/2018       41.65       42.00       41.00       42.00          5948200.00
09/12/2018       41.60       42.00       41.60       41.75          6741000.00
09/11/2018       41.90       42.10       41.70       41.85          7072700.00
09/10/2018       42.10       42.80       41.50       42.00         12866000.00
09/07/2018       42.40       43.40       41.00       42.20         12822100.00
09/06/2018       43.40       43.40       42.35       43.10          9504000.00
09/05/2018       44.20       44.20       43.15       43.40         11636800.00
09/04/2018       43.90       44.40       43.75       44.20          8746500.00
09/03/2018       44.50       44.50       43.45       43.95          2772800.00
08/31/2018       44.05       44.50       43.90       44.50         12338700.00
08/30/2018       44.10       45.00       44.10       44.70         10569700.00
08/29/2018       43.75       44.80       43.70       44.80         18582801.00
08/28/2018       43.90       44.50       43.55       44.00         16531900.00
08/24/2018       43.80       44.05       43.60       43.90         13727700.00
08/23/2018       43.20       44.45       43.10       44.30         23261801.00
08/22/2018       42.20       43.15       42.20       43.10         15136500.00
08/20/2018       42.50       43.00       42.00       42.20          5692700.00
08/17/2018       41.15       42.50       41.15       42.50          6720900.00
08/16/2018       41.10       41.40       40.60       41.40          2435700.00
08/15/2018       40.50       41.35       40.50       41.10          5649600.00
08/14/2018       41.00       41.10       40.35       40.45          9994300.00
08/13/2018       42.35       42.35       41.05       41.25         10319700.00
08/10/2018       42.20       42.75       42.20       42.60          7886200.00
08/09/2018       42.95       43.20       41.60       42.90         11417400.00
08/08/2018       42.20       42.80       42.00       42.65         17054199.00
08/07/2018       41.90       42.00       41.60       42.00         27877500.00
08/06/2018       40.65       41.95       40.60       41.95          9404400.00
08/03/2018       40.85       41.25       40.40       40.50          9024200.00
08/02/2018       41.80       41.85       41.00       41.25          7692000.00
08/01/2018       40.80       41.95       40.75       41.95         13680700.00
07/31/2018       41.75       42.20       40.55       40.85         21267400.00
07/30/2018       41.20       42.20       40.90       42.20          9884400.00
07/27/2018       40.90       41.35       40.55       41.35         10536100.00
07/26/2018       40.60       41.20       40.40       40.85         21502699.00
07/25/2018       39.10       41.00       39.10       40.50         21175500.00
07/24/2018       38.75       39.10       38.60       39.10          7716100.00
07/23/2018       38.80       38.90       38.30       38.80          8337000.00
07/20/2018       38.70       38.90       38.10       38.90          4324300.00
07/19/2018       38.50       38.75       38.20       38.50          4808300.00
07/18/2018       37.70       38.50       37.50       38.50          7790700.00
07/17/2018       37.25       37.65       37.10       37.40          7792500.00
07/16/2018       37.20       37.50       36.95       37.10          4100100.00
07/13/2018       38.00       38.05       37.45       37.65          7883100.00
07/12/2018       37.05       38.25       37.05       37.50          7831000.00
07/11/2018       36.75       37.40       36.75       37.30         11230800.00
07/10/2018       37.00       37.15       36.55       36.55         12823100.00
07/09/2018       37.00       37.65       36.80       37.00          5250500.00
07/06/2018       37.40       37.40       36.70       36.70         10950300.00
07/05/2018       38.20       38.20       37.50       37.60         15923200.00
07/04/2018       38.00       38.40       37.70       38.20          6245900.00
07/03/2018       38.40       38.40       37.65       38.00          7991300.00
07/02/2018       37.90       38.75       37.85       38.00         14869000.00
06/29/2018       37.00       38.00       37.00       37.90         16840400.00
06/28/2018       37.40       37.45       36.90       37.00          9486600.00
06/27/2018       36.70       37.95       36.70       37.60         20511900.00
06/26/2018       36.30       36.85       36.25       36.60         12469000.00
06/25/2018       38.00       38.00       36.30       36.30         19976400.00
06/22/2018       37.05       38.00       36.05       37.55         16253800.00
06/21/2018       38.25       38.25       37.00       37.05         20689301.00
06/20/2018       38.45       38.75       38.15       38.25         14257400.00
06/19/2018       38.40       38.65       38.00       38.40         10940300.00
06/18/2018       39.05       39.10       38.30       38.60         12295700.00
06/14/2018       40.20       40.25       39.15       39.15         28545301.00
06/13/2018       40.60       40.80       40.15       40.15          9966100.00
06/11/2018       41.00       41.15       40.55       40.80          4461800.00
06/08/2018       41.60       41.65       40.80       40.80          5100200.00
06/07/2018       41.10       42.00       41.05       41.80          7595700.00
06/06/2018       40.40       41.40       40.40       40.90         13565200.00
06/05/2018       41.00       41.00       40.00       40.30          9805100.00
06/04/2018       40.65       41.15       40.20       41.00          5681600.00
06/01/2018       40.00       41.20       40.00       40.55          6500000.00
05/31/2018       40.60       41.00       39.80       39.80         28431500.00
05/30/2018       40.80       41.05       40.15       40.20         10633900.00
05/29/2018       41.20       41.50       41.00       41.00          7711100.00
05/28/2018       41.25       41.35       41.00       41.20          7396900.00
05/25/2018       42.00       42.00       41.00       41.30          4470700.00
05/24/2018       41.50       42.00       41.45       41.90          3834500.00
05/23/2018       41.90       42.00       41.10       41.50          6213100.00
05/22/2018       42.00       42.00       41.10       41.95          4611200.00
05/21/2018       42.00       42.35       41.90       41.90          3199600.00
05/18/2018       41.70       42.35       41.20       42.00          3545100.00
05/17/2018       42.90       43.10       41.70       41.70         10874100.00
05/16/2018       42.30       43.35       41.75       43.30         12606900.00
05/15/2018       41.00       42.30       40.55       42.25         17944600.00
05/11/2018       40.20       41.00       40.05       41.00         10095800.00
05/10/2018       40.00       40.50       39.95       39.95          6240500.00
05/09/2018       40.35       40.50       39.95       39.95          4370500.00
05/08/2018       40.00       41.05       40.00       40.10          9231700.00
05/07/2018       40.15       40.45       39.85       40.00          5362700.00
05/04/2018       40.75       40.80       40.05       40.15          5848200.00
05/03/2018       41.50       41.50       40.60       40.75          8901800.00
05/02/2018       41.00       41.55       40.80       40.85         11760500.00
04/30/2018       41.15       41.20       40.70       40.80         12208800.00
04/27/2018       40.80       41.20       40.60       41.00          9084900.00
04/26/2018       39.70       41.00       39.60       41.00          7088100.00
04/25/2018       40.10       40.40       39.70       39.80          8932500.00
04/24/2018       41.25       41.35       40.05       40.05          7793600.00
04/23/2018       41.35       41.35       40.60       41.25          6528700.00
04/20/2018       40.40       41.40       40.20       41.10         12296700.00
04/19/2018       40.50       40.95       39.50       40.10         24761600.00
04/18/2018       39.80       41.00       39.80       41.00         12264100.00
04/17/2018       40.15       40.15       39.00       39.75         10755700.00
04/16/2018       40.05       40.30       39.90       40.00          5661700.00
04/13/2018       40.65       40.85       39.80       39.90         14171300.00
04/12/2018       40.50       40.90       40.25       40.80          7016400.00
04/11/2018       41.25       41.55       40.30       40.50         10064600.00
04/10/2018       41.10       41.45       40.00       41.25         13894900.00
04/06/2018       41.65       41.75       40.45       41.00          5370200.00
04/05/2018       41.75       41.75       41.25       41.75          3838000.00
04/04/2018       41.75       41.85       41.20       41.60         10820700.00
04/03/2018       40.30       41.80       40.30       41.60          8699200.00
04/02/2018       41.00       41.15       40.25       41.00          5811400.00
03/28/2018       40.95       41.10       40.50       41.10         17430301.00
03/27/2018       40.30       41.15       40.30       41.10         13615400.00
03/26/2018       39.90       40.35       39.80       40.10         12468900.00
03/23/2018       40.50       41.00       40.00       40.35         20754199.00
03/22/2018       39.80       41.95       39.75       41.95         17057500.00
03/21/2018       41.30       41.30       39.75       39.75         20396000.00
03/20/2018       41.20       41.20       40.20       41.00         24845500.00
03/19/2018       41.00       41.50       40.85       41.50         14074200.00
03/16/2018       40.40       41.35       40.40       41.00         41936898.00
03/15/2018       41.55       41.55       40.30       40.30         15248700.00
03/14/2018       41.95       41.95       40.80       41.45          8404100.00
03/13/2018       42.00       42.20       41.55       41.55          6625600.00
03/12/2018       42.00       42.75       41.50       42.00         11630200.00
03/09/2018       41.50       41.90       41.50       41.75          9678300.00
03/08/2018       41.95       41.95       41.30       41.50          7557800.00
03/07/2018       41.50       41.55       41.35       41.45         18266100.00
03/06/2018       41.70       42.30       41.15       41.20         20631500.00
03/05/2018       41.45       41.85       41.30       41.65         11685900.00
03/02/2018       42.00       42.05       41.20       41.50         12627100.00
03/01/2018       41.40       42.85       41.40       42.20         17922000.00
02/28/2018       42.50       42.60       41.10       41.10         24035000.00
02/27/2018       42.65       42.90       42.45       42.50         23537699.00
02/26/2018       43.25       43.50       42.50       42.50         22452801.00
02/23/2018       44.25       44.30       43.70       43.90         11734800.00
02/22/2018       44.95       44.95       43.75       44.25         13163700.00
02/21/2018       45.80       45.80       44.70       45.00         11385100.00
02/20/2018       45.55       46.00       44.90       46.00          9788400.00
02/19/2018       44.50       45.60       44.00       45.60          6557400.00
02/15/2018       45.60       45.70       43.50       44.60          5949500.00
02/14/2018       43.70       45.20       43.10       45.10         12596600.00
02/13/2018       44.00       44.10       43.10       43.70          7501200.00
02/12/2018       44.00       44.45       43.55       43.55          8219600.00
02/09/2018       44.50       44.50       43.75       43.95         11284100.00
02/08/2018       45.30       45.40       44.70       45.20          8698200.00
02/07/2018       44.20       45.20       44.15       45.20         14773700.00
02/06/2018       44.40       44.45       43.50       44.00         22597900.00
02/05/2018       45.00       45.25       44.50       44.80         13541500.00
02/02/2018       45.50       45.85       45.00       45.85          9582700.00
02/01/2018       44.25       45.50       44.25       45.35         12665400.00
01/31/2018       44.80       45.40       44.25       44.25         22132500.00
01/30/2018       46.50       46.50       44.90       45.60         18764000.00
01/29/2018       47.50       47.50       46.15       46.50         12918900.00
01/26/2018       47.00       47.50       46.95       47.50          8978000.00
01/25/2018       46.25       47.30       46.25       47.00         16623301.00
01/24/2018       45.60       46.30       45.40       46.25         13342800.00
01/23/2018       45.30       45.90       45.20       45.60         14236500.00
01/22/2018       44.90       45.50       44.90       45.20          6698800.00
01/19/2018       44.90       44.95       44.45       44.90          9958900.00
01/18/2018       44.50       45.20       44.45       45.00         11166800.00
01/17/2018       45.25       45.25       44.40       44.60         12363800.00
01/16/2018       44.80       45.50       44.80       45.05          9383000.00
01/15/2018       44.35       45.50       44.30       44.80          4998200.00
01/12/2018       44.35       44.65       44.10       44.35         12227500.00
01/11/2018       45.40       45.40       44.00       44.35         23354699.00
01/10/2018       46.35       46.35       45.40       45.65         10036600.00
01/09/2018       45.20       46.40       45.20       46.40         14713900.00
01/08/2018       45.55       45.70       45.20       45.20          8511000.00
01/05/2018       44.40       45.60       44.40       45.50         11091100.00
01/04/2018       45.50       45.55       44.10       44.25          9590900.00
01/03/2018       44.70       45.50       44.60       45.50         10030500.00
12/29/2017       44.60       44.65       44.00       44.60          8039500.00
12/28/2017       43.80       44.80       43.80       44.65         14305700.00
12/27/2017       43.20       43.80       42.95       43.80          3929400.00
12/22/2017       43.00       43.25       42.85       43.25          6973700.00
12/21/2017       43.40       43.40       42.55       43.00          5558900.00
12/20/2017       43.60       43.65       43.05       43.30          2476800.00
12/19/2017       43.40       43.85       43.10       43.60          8946700.00
12/18/2017       42.85       43.30       42.50       43.30          7139600.00
12/15/2017       43.30       43.30       42.25       42.40         23136400.00
12/14/2017       43.90       43.90       43.05       43.30         10947300.00
12/13/2017       44.00       44.15       43.70       43.95          7221000.00
12/12/2017       43.25       44.35       43.25       44.15         13310700.00
12/11/2017       43.00       43.50       43.00       43.50          4521300.00
12/08/2017       42.40       43.05       42.30       43.00          7597800.00
12/07/2017       42.60       42.65       42.10       42.10          5628000.00
12/06/2017       42.65       43.15       42.50       42.60          7957300.00
12/05/2017       41.90       42.55       41.70       42.50          4444100.00
12/04/2017       42.10       42.30       41.70       41.75         10401800.00
12/01/2017       42.75       43.10       42.10       42.20         15202300.00
11/29/2017       43.95       43.95       42.80       42.80         23322100.00
11/28/2017       44.00       44.00       43.10       44.00          3600100.00
11/27/2017       44.50       44.55       43.65       44.00          6873900.00
11/24/2017       42.80       44.70       42.75       44.50         13550000.00
11/23/2017       42.70       43.00       42.65       42.90          3585500.00
11/22/2017       42.75       43.30       42.65       42.70         10400200.00
11/21/2017       42.90       42.90       41.90       42.05          7141900.00
11/20/2017       42.80       42.95       42.60       42.80          4637600.00
11/17/2017       41.90       42.75       41.90       42.75          7393300.00
11/16/2017       42.05       42.95       41.55       41.55         11441600.00
11/15/2017       42.60       43.00       42.15       42.20          6777100.00
11/14/2017       42.60       43.00       41.90       42.50         14194900.00
11/13/2017       43.85       44.50       42.50       42.50         14615800.00
11/10/2017       44.50       44.70       43.80       43.80          6282400.00
11/09/2017       44.45       45.00       44.30       44.40          5925200.00
11/08/2017       46.00       46.00       44.30       44.30          8485900.00
11/07/2017       45.00       45.80       44.70       45.60          8278800.00
11/06/2017       44.15       45.00       44.15       45.00          7484200.00
11/03/2017       44.45       45.20       43.90       44.00         16327600.00
11/02/2017       43.20       44.20       43.15       44.00         13770400.00
10/30/2017       43.75       43.75       43.00       43.20          5253900.00
10/27/2017       42.45       43.35       42.00       43.35          8532700.00
10/26/2017       43.00       43.30       42.40       42.80          7460300.00
10/25/2017       44.00       44.00       42.65       43.30          8650300.00
10/24/2017       44.05       44.45       43.90       44.00          7604500.00
10/23/2017       43.15       44.05       43.05       43.90         17393100.00
10/20/2017       43.35       43.35       42.70       43.15          8833500.00
10/19/2017       42.30       43.45       41.65       43.35         10952400.00
10/18/2017       43.20       43.20       41.00       42.45         21481000.00
10/17/2017       43.90       44.00       42.50       42.50         24146000.00
10/13/2017       42.85       43.60       42.85       43.35         15029700.00
10/12/2017       42.50       43.15       42.35       42.80         12152800.00
10/11/2017       43.45       43.45       42.30       42.50         30088900.00
10/10/2017       43.30       43.50       42.85       43.30         14737400.00
10/09/2017       42.90       43.45       42.90       43.30         10814700.00
10/06/2017       43.55       43.55       42.90       42.90         18604900.00
10/05/2017       43.90       43.90       43.15       43.15         13420700.00
10/04/2017       44.25       44.45       43.95       43.95          7775700.00
10/03/2017       43.40       44.40       43.40       43.80          9441300.00
10/02/2017       43.70       43.85       43.35       43.40          9823400.00
09/29/2017       43.60       43.80       43.35       43.50         16578801.00
09/28/2017       43.65       44.05       43.20       43.20         17768301.00
09/27/2017       43.50       43.90       43.10       43.60         15296600.00
09/26/2017       44.50       44.50       43.30       43.45         15811400.00
09/25/2017       45.05       45.05       44.25       44.50          9110700.00
09/22/2017       45.50       45.55       45.05       45.15          6417600.00
09/21/2017       45.50       46.00       45.40       45.50         16527199.00
09/20/2017       45.50       45.70       45.20       45.50          8414900.00
09/19/2017       46.00       46.05       45.05       45.05          9421500.00
09/18/2017       45.00       46.10       44.75       46.00         12354100.00
09/15/2017       44.25       45.00       44.10       45.00         21489600.00
09/14/2017       43.70       44.75       43.70       44.15         22951699.00
09/13/2017       43.70       43.80       43.45       43.65         12732700.00
09/11/2017       43.20       43.30       43.00       43.20          6378200.00
09/08/2017       42.90       43.50       42.90       43.20         10405000.00
09/07/2017       42.70       42.90       42.50       42.90          7140200.00
09/06/2017       42.80       42.90       42.60       42.75          9608000.00
09/05/2017       42.60       42.80       42.50       42.80          5814200.00
09/04/2017       42.80       42.95       42.65       42.80         10809700.00
08/31/2017       42.40       42.90       42.00       42.00          9539600.00
08/30/2017       42.45       42.45       41.85       42.00          5754100.00
08/29/2017       42.85       42.85       41.85       42.00          8519600.00
08/25/2017       42.60       42.80       42.30       42.60          4569600.00
08/24/2017       42.50       42.60       42.00       42.60          4048700.00
08/23/2017       42.95       42.95       42.20       42.20          4004400.00
08/22/2017       43.40       43.40       42.10       42.60          7727000.00
08/18/2017       42.90       43.00       42.60       42.95          2646400.00
08/17/2017       42.95       43.35       42.40       43.25          7189500.00
08/16/2017       42.40       43.25       42.10       42.50         11215400.00
08/15/2017       42.30       42.45       41.80       42.40          5675600.00
08/14/2017       41.95       42.30       41.95       42.20          4525000.00
08/11/2017       42.45       42.45       41.60       41.95          6117000.00
08/10/2017       42.95       42.95       42.10       42.50          2792800.00
08/09/2017       43.00       43.20       42.30       42.60          2590500.00
08/08/2017       42.25       43.40       42.20       43.00         16068300.00
08/07/2017       41.90       42.10       41.60       41.85          5681500.00
08/04/2017       42.00       42.15       41.70       41.90          8121000.00
08/03/2017       41.90       42.25       41.55       41.85          5505000.00
08/02/2017       41.00       42.20       40.95       41.90          7309300.00
08/01/2017       42.00       42.00       41.00       41.00         17967000.00
07/31/2017       42.85       43.00       41.80       42.00         12685700.00
07/28/2017       43.70       43.90       42.85       43.00          9408000.00
07/27/2017       44.40       44.60       43.30       43.30          9426600.00
07/26/2017       43.50       44.00       43.40       43.95          9531200.00
07/25/2017       43.00       43.30       42.85       43.20          8869900.00
07/24/2017       42.30       43.00       41.95       42.65         16882100.00
07/21/2017       41.95       42.15       41.80       42.15         13779500.00
07/20/2017       42.00       42.00       41.80       41.90          5984800.00
07/19/2017       41.90       42.00       41.55       41.70          7306300.00
07/18/2017       41.45       41.75       41.45       41.75          8692600.00
07/17/2017       41.20       41.60       41.20       41.45          5659900.00
07/14/2017       41.55       41.85       40.95       41.20          6753000.00
07/13/2017       42.00       42.00       41.05       41.55         11415900.00
07/12/2017       40.70       41.90       40.70       41.55         12411900.00
07/11/2017       40.00       40.60       39.95       40.40          8906400.00
07/10/2017       39.85       40.15       39.80       39.90          6289000.00
07/07/2017       40.00       40.05       39.80       40.00          9750900.00
07/06/2017       39.70       40.15       39.70       39.95          7228300.00
07/05/2017       39.95       40.10       39.60       39.90          5902300.00
07/04/2017       40.15       40.15       39.75       39.95          3895800.00
07/03/2017       39.60       40.40       39.10       40.40          5476700.00
06/30/2017       39.00       39.75       38.45       39.75         11355200.00
06/29/2017       40.00       40.05       38.85       39.00         10385400.00
06/28/2017       40.05       40.40       39.80       39.90          9315900.00
06/27/2017       39.50       40.15       39.50       40.05         10153500.00
06/23/2017       39.85       39.95       39.20       39.45          6720700.00
06/22/2017       40.50       40.50       39.65       40.00         11787800.00
06/21/2017       41.10       41.10       40.20       40.50          9394700.00
06/20/2017       41.50       41.50       41.05       41.10         11038000.00
06/19/2017       40.70       41.50       40.50       41.50          9958600.00
06/16/2017       40.90       41.15       40.30       41.15        185756609.00
06/15/2017       40.45       41.45       40.45       40.95         16356100.00
06/14/2017       41.00       41.20       40.10       40.45         20821199.00
06/13/2017       41.90       41.90       40.55       40.85         20088801.00
06/09/2017       41.90       42.15       41.30       41.90         15304000.00
06/08/2017       41.90       42.40       41.45       41.90         17371199.00
06/07/2017       41.00       41.95       40.95       41.95         15505600.00
06/06/2017       41.00       41.30       40.10       40.70         14462900.00
06/05/2017       41.00       41.20       40.85       40.90         13319500.00
06/02/2017       40.60       41.40       40.55       41.30         25367600.00
06/01/2017       39.50       40.70       39.50       40.55         21266801.00
05/31/2017       40.00       40.00       39.20       39.40         19201500.00
05/30/2017       40.40       40.45       40.05       40.15          8675900.00
05/29/2017       40.05       40.95       40.05       40.60         11417600.00
05/26/2017       39.90       40.15       39.80       40.00         16864500.00
05/25/2017       38.80       39.90       38.65       39.90         12025600.00
05/24/2017       37.85       38.95       37.60       38.95          7538600.00
05/23/2017       38.50       38.50       37.85       38.10          7757200.00
05/22/2017       37.55       38.25       37.55       38.10         13565700.00
05/19/2017       37.60       37.75       37.30       37.40         11699600.00
05/18/2017       38.30       38.30       37.50       37.55         17303500.00
05/17/2017       39.00       39.00       38.45       38.60          9451000.00
05/16/2017       38.20       39.00       38.05       38.90         11907200.00
05/15/2017       39.00       39.75       37.45       37.45         13964100.00
05/12/2017       39.00       39.00       38.45       39.00         18858801.00
05/11/2017       38.60       39.90       38.35       39.40         24586801.00
05/10/2017       38.35       38.75       38.25       38.60         20662801.00
05/09/2017       38.45       38.85       38.05       38.40         23907400.00
05/08/2017       36.40       38.45       36.40       38.40         23702500.00
05/05/2017       35.95       37.00       35.90       36.70         23233199.00
05/04/2017       36.00       36.10       35.50       35.90         18460301.00
05/03/2017       35.50       35.65       35.40       35.50         20158500.00
05/02/2017       35.30       35.65       35.25       35.40          8897200.00
04/27/2017       35.75       35.75       35.30       35.30         12417100.00
04/26/2017       35.55       36.20       35.55       35.80         12238700.00
04/25/2017       35.20       35.65       35.20       35.55         13094700.00
04/24/2017       35.60       35.60       35.10       35.20          4189500.00
04/21/2017       35.30       35.65       35.30       35.60          6704800.00
04/20/2017       34.85       35.30       34.80       35.20          4725000.00
04/19/2017       35.00       35.15       34.80       35.00          4622300.00
04/18/2017       34.85       35.45       34.85       35.30          3316500.00
04/17/2017       35.00       35.25       34.85       34.85          2906300.00
04/12/2017       35.40       35.40       34.85       35.00          7267700.00
04/11/2017       35.50       35.60       35.25       35.40          6340100.00
04/10/2017       35.40       35.90       35.35       35.60          5061300.00
04/07/2017       35.10       35.70       34.60       35.40          7417500.00
04/06/2017       35.70       35.70       34.95       35.00          9341000.00
04/05/2017       34.30       35.95       34.25       35.95         14179000.00
04/04/2017       33.55       34.25       33.35       34.00          7575600.00
04/03/2017       33.60       33.75       33.15       33.15          4329200.00
03/31/2017       33.80       33.80       33.05       33.05         12644500.00
03/30/2017       33.90       34.20       33.40       33.85         11427400.00
03/29/2017       34.05       34.30       33.50       33.80          6498800.00
03/28/2017       34.00       34.80       33.90       34.00          7111600.00
03/27/2017       34.70       34.80       33.90       34.00         28484199.00
03/24/2017       35.55       35.55       34.50       34.50          5197200.00
03/23/2017       35.70       35.75       35.30       35.55          7162800.00
03/22/2017       35.85       35.95       34.65       35.55         16857500.00
03/21/2017       35.95       36.40       35.85       36.00          6755600.00
03/20/2017       36.45       36.45       35.95       35.95          4283600.00
03/17/2017       36.30       36.60       35.85       36.55         44118898.00
03/16/2017       36.00       36.45       35.85       35.90          3589500.00
03/15/2017       36.05       36.30       35.40       35.70          7415300.00
03/14/2017       36.20       36.35       35.80       36.00          4527900.00
03/13/2017       35.65       36.20       35.50       36.20          5194100.00
03/10/2017       35.95       36.10       35.50       35.50          5354000.00
03/09/2017       36.00       36.25       35.80       35.85          2017800.00
03/08/2017       36.15       36.25       35.60       36.00          2375400.00
03/07/2017       36.00       36.35       35.60       35.90         27342100.00
03/06/2017       35.80       36.15       35.75       36.00         34765301.00
03/03/2017       36.10       36.10       35.30       35.80         11757400.00
03/02/2017       35.60       36.15       35.50       36.15         11473200.00
03/01/2017       35.10       35.75       35.10       35.55          3518100.00
02/28/2017       36.00       36.15       35.00       35.30         10065000.00
02/27/2017       36.05       36.40       35.80       36.00          6915000.00
02/24/2017       36.80       36.85       36.05       36.05          7782400.00
02/23/2017       37.45       37.95       36.85       36.95         16121300.00
02/22/2017       36.20       37.60       36.10       37.60         16481400.00
02/21/2017       36.30       36.45       35.90       36.35         13675300.00
02/20/2017       36.25       36.40       36.05       36.20         11723500.00
02/17/2017       36.45       36.75       36.20       36.25         13813900.00
02/16/2017       36.00       36.55       36.00       36.40         17341400.00
02/15/2017       35.80       36.20       35.80       36.00         13163300.00
02/14/2017       36.15       36.30       35.50       35.60         11148700.00
02/13/2017       36.20       36.40       36.00       36.20         13475400.00
02/10/2017       35.75       36.30       35.05       36.30          5128900.00
02/09/2017       35.25       35.80       35.10       35.75          7791900.00
02/08/2017       35.85       35.95       35.25       35.25          6726200.00
02/07/2017       35.60       36.00       35.35       35.85          7543900.00
02/06/2017       35.20       35.70       35.20       35.70         11116400.00
02/03/2017       35.30       35.40       34.90       35.15          5586400.00
02/02/2017       35.15       35.55       35.15       35.30          8065100.00
02/01/2017       35.50       35.50       34.80       35.05          7690900.00
01/31/2017       35.85       35.85       35.55       35.55          8208000.00
01/30/2017       35.40       35.95       35.40       35.85          6298200.00
01/27/2017       35.90       35.95       35.35       35.35          6298400.00
01/26/2017       35.90       36.10       35.60       35.90          7321900.00
01/25/2017       36.00       36.25       35.90       35.90          5537800.00
01/24/2017       36.10       36.20       35.30       35.95         10006500.00
01/23/2017       35.20       36.50       35.00       36.50          8211900.00
01/20/2017       34.80       35.20       34.35       35.20         12258100.00
01/19/2017       33.95       34.90       33.75       34.90          9213600.00
01/18/2017       33.75       34.00       33.65       33.90          4805300.00
01/17/2017       34.40       34.50       33.70       33.80          7713200.00
01/16/2017       34.00       34.60       33.80       34.30          5560900.00
01/13/2017       33.90       34.00       33.60       34.00          3922900.00
01/12/2017       34.20       34.40       33.75       34.00          4538100.00
01/11/2017       34.40       35.30       34.00       34.20          9239800.00
01/10/2017       34.00       34.50       33.95       34.40          8183600.00
01/09/2017       34.40       34.45       33.95       33.95          9267900.00
01/06/2017       34.30       34.80       34.00       34.50         15326500.00
01/05/2017       33.30       34.85       32.95       34.15         17414301.00
01/04/2017       32.15       33.30       32.10       33.30          7582000.00
01/03/2017       32.00       32.00       31.25       32.00          2362200.00
12/29/2016       31.65       32.00       31.30       32.00         10400700.00
12/28/2016       30.80       31.70       30.30       31.70          8059700.00
12/27/2016       30.20       30.70       30.15       30.15          3845100.00
12/23/2016       30.20       30.50       30.05       30.05          5647700.00
12/22/2016       31.45       31.45       30.10       30.20          9598100.00
12/21/2016       31.35       31.75       30.75       31.00          7499500.00
12/20/2016       31.20       31.40       30.30       31.30         11242100.00
12/19/2016       31.80       32.00       30.80       31.20         11127500.00
12/16/2016       31.85       32.25       31.55       31.55         41287898.00
12/15/2016       32.05       32.05       31.60       31.75          9495300.00
12/14/2016       32.60       32.85       32.00       32.35         12241200.00
12/13/2016       33.20       33.25       32.25       32.50         20688199.00
12/12/2016       34.80       34.80       32.95       33.00         19240400.00
12/09/2016       34.45       34.95       34.25       34.95         11954100.00
12/08/2016       32.95       34.45       32.95       34.45         13936800.00
12/07/2016       32.60       32.90       32.45       32.80         12359700.00
12/06/2016       32.10       32.90       31.60       32.90          7564600.00
12/05/2016       33.00       33.40       31.80       31.80         12414700.00
12/02/2016       33.35       33.35       32.40       33.00         10553700.00
12/01/2016       33.00       33.70       32.90       33.40         26799699.00
11/29/2016       32.60       32.90       31.85       32.90         18119000.00
11/28/2016       32.50       33.15       32.00       32.60         19758699.00
11/25/2016       31.25       32.40       31.25       32.35         19236301.00
11/24/2016       30.65       31.15       30.65       31.00         26866100.00
11/23/2016       31.75       31.75       30.20       30.60         22973000.00
11/22/2016       33.00       33.00       31.60       31.60         15945300.00
11/21/2016       34.00       34.00       32.35       33.00         12026100.00
11/18/2016       33.95       34.20       33.40       34.00          8982500.00
11/17/2016       33.10       33.95       33.10       33.95         14481800.00
11/16/2016       31.75       33.20       31.75       33.00         10400800.00
11/15/2016       32.15       32.75       31.15       31.50         16348400.00
11/14/2016       32.60       32.65       31.90       31.95         13867100.00
11/11/2016       34.00       34.00       32.60       32.80         25718199.00
11/10/2016       34.60       35.00       33.80       33.85         15647300.00
11/09/2016       35.80       35.95       33.75       34.00         22660801.00
11/08/2016       35.80       36.00       35.40       35.70          8067500.00
11/07/2016       34.85       35.75       34.85       35.30         11357300.00
11/04/2016       34.90       35.30       34.70       34.80         16729301.00
11/03/2016       35.95       36.05       34.90       34.90         19982000.00
11/02/2016       36.00       36.25       35.60       35.90         14886700.00
10/28/2016       37.00       37.10       36.00       36.25         18053000.00
10/27/2016       37.00       37.00       36.75       37.00         10340800.00
10/26/2016       37.60       37.60       36.80       37.00         17463301.00
10/25/2016       37.70       38.10       37.15       37.60         12626500.00
10/24/2016       37.70       38.10       37.35       37.70          9040500.00
10/21/2016       38.10       38.10       37.65       37.75          6830800.00
10/20/2016       37.95       38.25       37.65       38.15          9687100.00
10/19/2016       37.40       38.10       37.35       38.10         24229400.00
10/18/2016       36.20       37.35       36.15       37.25         15122200.00
10/17/2016       36.80       36.85       36.10       36.20         28734699.00
10/14/2016       36.45       37.10       36.45       36.85         23825900.00
10/13/2016       37.30       37.45       36.40       36.40         26663801.00
10/12/2016       37.90       38.00       37.25       38.00         25061100.00
10/11/2016       38.20       38.45       38.15       38.30          8930800.00
10/10/2016       38.20       38.30       38.00       38.20          9883000.00
10/07/2016       38.70       38.70       38.00       38.10         13612600.00
10/06/2016       39.10       39.35       38.55       38.75         19399400.00
10/05/2016       39.50       39.75       39.10       39.75         12872200.00
10/04/2016       39.15       39.50       39.05       39.50          6106000.00
10/03/2016       39.30       39.40       39.05       39.40          1453900.00
09/30/2016       39.85       39.85       38.85       39.25          9398700.00
09/29/2016       38.85       39.80       38.75       39.80         11299100.00
09/28/2016       38.25       38.80       38.20       38.70          2809200.00
09/27/2016       38.15       38.40       37.85       38.25          6579900.00
09/26/2016       38.65       38.80       37.90       38.25         14379100.00
09/23/2016       39.05       39.10       38.20       39.00         12427300.00
09/22/2016       38.90       39.30       38.75       39.00          9472000.00
09/21/2016       38.00       38.85       37.90       38.75         10709600.00
09/20/2016       37.80       38.00       37.75       38.00          9319600.00
09/19/2016       37.40       37.75       37.05       37.75          8736600.00
09/16/2016       37.80       37.95       36.65       37.05         80398094.00
09/15/2016       37.15       38.00       37.00       38.00         20957699.00
09/14/2016       37.60       37.65       37.10       37.15         26867199.00
09/13/2016       38.00       39.00       37.80       37.80         20968500.00
09/09/2016       38.60       38.95       38.00       38.00         13384600.00
09/08/2016       38.20       38.95       37.65       38.60         14233600.00
09/07/2016       39.05       39.20       38.25       38.35         10985100.00
09/06/2016       39.50       39.50       38.75       39.25         10239500.00
09/05/2016       39.10       39.65       38.60       39.50          5485000.00
09/02/2016       38.40       39.65       38.40       39.50          6891800.00
09/01/2016       38.85       39.00       38.00       38.40         14071900.00
08/31/2016       38.60       39.20       38.30       38.50         16172700.00
08/30/2016       38.95       38.95       38.20       38.50         16854000.00
08/26/2016       39.00       39.10       38.55       38.70         13760200.00
08/25/2016       39.80       39.85       39.25       39.30         11206300.00
08/24/2016       41.00       41.10       39.50       40.00         16153900.00
08/23/2016       41.10       41.15       40.55       40.80          5114100.00
08/22/2016       41.00       41.20       40.85       41.20          4295700.00
08/19/2016       41.20       41.20       41.00       41.10          6278900.00
08/18/2016       41.20       41.85       41.05       41.20          4879300.00
08/17/2016       42.00       42.15       41.20       41.20          7174500.00
08/16/2016       41.90       41.90       41.50       41.60          8312900.00
08/15/2016       41.20       42.00       41.10       42.00          8919200.00
08/12/2016       41.20       41.25       40.85       41.20          8370900.00
08/11/2016       41.20       41.20       40.90       41.05          7974400.00
08/10/2016       40.95       41.25       40.55       41.15          6109500.00
08/09/2016       40.20       41.30       40.20       41.05         23431000.00
08/08/2016       40.50       40.50       39.55       40.20          5161300.00
08/05/2016       40.70       40.70       40.35       40.50          4604600.00
08/04/2016       40.00       40.60       39.90       40.60          7983400.00
08/03/2016       40.40       40.40       39.60       39.85         12072100.00
08/02/2016       40.00       40.20       39.75       40.15          5603100.00
08/01/2016       39.55       40.10       39.50       40.00          6001100.00
07/29/2016       39.95       40.65       39.50       39.50         11642800.00
07/28/2016       40.95       40.95       39.85       40.00          9779800.00
07/27/2016       40.20       41.00       40.15       41.00         11022500.00
07/26/2016       40.05       40.40       39.90       40.20          8534600.00
07/25/2016       40.00       40.05       39.80       39.95         18026400.00
07/22/2016       40.00       40.40       39.80       39.80          7214800.00
07/21/2016       40.05       40.10       39.70       40.00         17016301.00
07/20/2016       40.00       40.10       39.85       40.05         18162400.00
07/19/2016       40.10       40.20       39.90       40.05         12608100.00
07/18/2016       40.50       40.60       40.10       40.25         16230900.00
07/15/2016       40.05       40.80       40.00       40.70         30442100.00
07/14/2016       40.10       40.10       39.70       40.00         16794600.00
07/13/2016       39.70       40.25       39.70       40.00         28023000.00
07/12/2016       39.15       39.70       39.15       39.70         15195900.00
07/11/2016       38.90       39.20       38.90       39.10         11443800.00
07/08/2016       37.85       38.35       37.60       38.20         29325500.00
07/07/2016       38.85       38.95       37.90       37.90         14986000.00
07/05/2016       39.10       39.35       38.95       39.00          5956900.00
07/04/2016       39.15       39.50       38.90       38.95          9396400.00
07/01/2016       38.80       39.65       38.80       39.00          4506100.00
06/30/2016       39.00       40.60       38.80       38.80         22861600.00
06/29/2016       39.10       39.35       38.70       38.70          6775000.00
06/28/2016       39.35       39.35       38.60       38.80          9665400.00
06/27/2016       38.15       39.40       37.65       39.40          7998300.00
06/24/2016       39.65       39.65       37.60       38.20         23581500.00
06/23/2016       39.50       39.55       38.80       38.95          8545900.00
06/22/2016       39.60       39.70       39.35       39.60          9549500.00
06/21/2016       39.55       40.30       39.50       39.60         15632300.00
06/20/2016       38.35       40.10       38.35       39.55         19404400.00
06/17/2016       38.00       38.60       37.55       38.35         23707000.00
06/16/2016       37.80       38.05       37.55       37.85          9002500.00
06/15/2016       37.05       37.95       37.00       37.95          7527700.00
06/14/2016       37.00       37.10       36.50       37.10          7829700.00
06/13/2016       37.30       37.30       36.40       37.00         10640500.00
06/10/2016       37.50       38.00       37.10       37.10         13074100.00
06/09/2016       38.30       38.50       37.05       37.05          8143800.00
06/08/2016       39.00       39.30       38.05       38.05         12791900.00
06/07/2016       37.95       39.30       37.90       38.95         16991400.00
06/06/2016       36.50       37.90       36.50       37.90         10324400.00
06/03/2016       36.90       37.15       36.50       36.50          8478900.00
06/02/2016       36.50       37.40       36.45       36.90          5842900.00
06/01/2016       36.10       37.50       36.10       36.70          8604100.00
05/31/2016       37.00       37.05       35.70       35.70         31437699.00
05/30/2016       36.80       37.10       36.65       36.80          6766900.00
05/27/2016       36.90       37.05       36.50       36.85         11239300.00
05/26/2016       37.50       37.80       36.50       36.90         14135000.00
05/25/2016       36.10       37.20       36.05       37.20         20330100.00
05/24/2016       34.90       36.15       34.90       35.80         12497300.00
05/23/2016       35.10       35.50       34.80       35.00         15771000.00
05/20/2016       35.30       35.90       34.85       34.90         12668800.00
05/19/2016       36.70       36.70       35.35       36.00         14857000.00
05/18/2016       36.50       36.70       36.10       36.30         21259400.00
05/17/2016       36.00       36.80       36.00       36.50         23552000.00
05/16/2016       35.30       36.45       35.10       35.85         13228800.00
05/13/2016       35.25       36.80       35.15       35.50         22126301.00
05/12/2016       35.25       35.40       34.80       35.25         13353600.00
05/11/2016       35.00       35.55       35.00       35.25         20752801.00
05/10/2016       33.85       34.40       33.85       34.35         24180100.00
05/06/2016       33.75       33.95       33.75       33.85         17950500.00
05/05/2016       33.70       34.00       33.65       33.80         11833600.00
05/04/2016       33.75       33.85       33.60       33.75         13643100.00
05/03/2016       33.85       34.00       33.75       33.75          8397900.00
05/02/2016       34.10       34.15       33.55       33.80         11577600.00
04/29/2016       34.25       34.65       34.10       34.65          9887000.00
04/28/2016       34.40       34.95       34.20       34.25          6407800.00
04/27/2016       34.30       34.35       34.10       34.20         10203300.00
04/26/2016       34.10       34.40       34.05       34.20          6463700.00
04/25/2016       34.65       34.70       34.10       34.15         10545200.00
04/22/2016       34.90       34.90       34.60       34.70          5904100.00
04/21/2016       34.00       35.00       34.00       35.00          7580900.00
04/20/2016       34.45       34.50       33.80       34.00         10473900.00
04/19/2016       34.90       35.05       34.25       34.45         17981000.00
04/18/2016       35.55       35.55       34.75       34.95          8832500.00
04/15/2016       35.85       35.85       35.30       35.50         16247000.00
04/14/2016       35.75       35.95       35.65       35.95         10854100.00
04/13/2016       35.80       36.00       35.60       35.70         10470400.00
04/12/2016       36.20       36.25       35.50       35.75          8594600.00
04/11/2016       36.00       36.50       35.95       36.15         14061800.00
04/08/2016       35.60       36.00       35.35       36.00         16912699.00
04/07/2016       35.10       35.85       35.10       35.85          3352100.00
04/06/2016       35.00       35.15       34.80       35.00          8516200.00
04/05/2016       35.40       35.45       34.90       35.00          6532000.00
04/04/2016       35.50       35.75       35.15       35.40          6317500.00
04/01/2016       35.50       35.70       34.65       35.40          5863800.00
03/31/2016       35.50       35.80       34.85       35.25         15675800.00
03/30/2016       34.80       35.70       34.80       35.20         14490800.00
03/29/2016       35.10       35.10       34.65       34.75         10741000.00
03/28/2016       36.00       36.00       34.95       35.00         12798200.00
03/23/2016       36.00       36.05       35.65       35.85          6727600.00
03/22/2016       36.80       36.85       35.65       36.20         11795800.00
03/21/2016       37.60       37.85       36.85       36.95         16132800.00
03/18/2016       35.15       36.80       35.15       36.60         26961199.00
03/17/2016       34.20       35.15       34.20       34.85         14927300.00
03/16/2016       35.10       35.10       34.00       34.00          9834100.00
03/15/2016       35.80       35.80       35.05       35.25         10959800.00
03/14/2016       35.95       36.00       35.65       35.65          9179500.00
03/11/2016       35.05       36.00       34.90       35.30         11236800.00
03/10/2016       33.80       35.00       33.75       34.95          6607400.00
03/09/2016       33.90       34.35       33.65       34.20         12983600.00
03/08/2016       33.95       34.05       33.30       33.70          6399100.00
03/07/2016       34.10       34.20       33.95       34.20          7149200.00
03/04/2016       33.70       34.15       33.70       34.00         12165400.00
03/03/2016       33.90       34.40       33.80       34.00         14130100.00
03/02/2016       32.85       33.85       32.80       33.80         15912700.00
03/01/2016       32.40       32.80       32.40       32.70          6872400.00
02/29/2016       32.25       32.80       32.10       32.80         11283000.00
02/26/2016       32.00       32.40       31.90       32.05         15295800.00
02/24/2016       32.85       32.85       32.20       32.50          6006000.00
02/23/2016       32.10       33.10       32.05       33.00          9341500.00
02/22/2016       31.55       32.05       31.50       31.90          8580100.00
02/19/2016       31.90       31.90       31.15       31.35          7551100.00
02/18/2016       31.95       32.05       31.50       32.00          8579200.00
02/17/2016       32.00       32.10       31.20       31.45         10360700.00
02/16/2016       31.40       32.20       31.40       31.75          8176400.00
02/15/2016       31.15       31.40       31.00       31.15          2807300.00
02/12/2016       30.85       31.45       30.80       31.00          5536900.00
02/11/2016       31.60       31.60       30.85       31.00          4218600.00
02/10/2016       31.10       31.50       31.00       31.50          1818700.00
02/09/2016       31.95       31.95       31.00       31.00          7281900.00
02/05/2016       32.20       32.40       32.05       32.15          7718700.00
02/04/2016       31.35       32.15       31.35       32.00         20308801.00
02/03/2016       31.40       31.50       31.10       31.25          9676600.00
02/02/2016       31.45       32.00       31.40       31.90         12156200.00
02/01/2016       31.60       31.90       31.15       31.40         15044200.00
01/29/2016       30.90       31.40       30.75       31.40         18207900.00
01/28/2016       30.30       30.85       30.05       30.50          9506400.00
01/27/2016       30.60       30.70       30.25       30.30         13603900.00
01/26/2016       30.35       30.85       29.55       30.20         15274200.00
01/25/2016       29.20       30.75       29.15       30.75         23656801.00
01/22/2016       27.50       29.00       27.20       28.60         13035200.00
01/21/2016       28.45       28.65       27.20       27.20         25974301.00
01/20/2016       29.90       29.90       28.45       28.50         15135700.00
01/19/2016       29.90       30.30       29.90       29.95          8195700.00
01/18/2016       29.95       30.00       29.45       29.90         13539900.00
01/15/2016       30.85       31.20       30.60       30.75          8953100.00
01/14/2016       30.00       30.50       30.00       30.30         15821500.00
01/13/2016       30.65       31.10       30.25       30.60         19714000.00
01/12/2016       30.50       31.20       30.00       30.00         14117500.00
01/11/2016       31.40       31.40       30.00       30.00         23486000.00
01/08/2016       32.15       32.55       31.65       31.75         19741699.00
01/07/2016       33.05       33.10       31.60       32.25         24189100.00
01/06/2016       33.85       34.10       33.10       33.10         14576500.00
01/05/2016       34.00       34.35       33.80       33.95          5335000.00
01/04/2016       34.50       34.55       33.95       34.10          4823200.00
12/29/2015       34.55       34.80       34.20       34.45          4251700.00
12/28/2015       34.85       35.60       34.50       34.55          5106400.00
12/23/2015       35.85       35.90       35.15       35.70          6318900.00
12/22/2015       35.40       35.90       35.05       35.80          5096900.00
12/21/2015       34.45       35.60       34.10       35.60          5132800.00
12/18/2015       34.80       34.95       33.85       34.55         15329900.00
12/17/2015       36.00       36.20       34.90       34.90         17814500.00
12/16/2015       35.10       36.00       35.10       35.90         14415800.00
12/15/2015       34.05       35.45       34.05       34.85          5314400.00
12/14/2015       34.70       34.85       33.80       34.35          7633200.00
12/11/2015       34.65       35.50       34.25       35.50         19140500.00
12/10/2015       33.80       34.80       33.80       34.60         21705400.00
12/09/2015       33.60       34.00       33.60       33.80          7178200.00
12/08/2015       33.95       33.95       33.60       33.85          5632800.00
12/07/2015       34.10       34.50       33.80       33.95          6000100.00
12/04/2015       34.50       34.70       33.90       34.10          4196700.00
12/03/2015       34.50       34.65       34.10       34.65          5022800.00
12/02/2015       34.70       35.05       34.35       34.80         32910398.00
12/01/2015       33.20       34.70       33.10       34.70         17090400.00
11/27/2015       34.65       34.65       33.70       33.85         26958801.00
11/26/2015       35.00       35.15       34.50       34.65          5337800.00
11/25/2015       35.00       35.10       34.60       35.00          7033900.00
11/24/2015       35.20       35.20       34.65       35.00          4522600.00
11/23/2015       35.00       35.25       34.80       35.10          4175400.00
11/20/2015       34.25       35.20       34.20       35.20          5101100.00
11/17/2015       33.80       34.60       33.80       33.95          6638700.00
11/16/2015       33.35       34.25       32.80       33.60          6643300.00
11/13/2015       34.00       34.20       33.30       33.40          8337300.00
11/12/2015       35.40       35.50       33.85       33.85          4099000.00
11/11/2015       35.00       35.10       34.70       34.80         22711801.00
11/10/2015       35.55       35.55       35.05       35.15         13427000.00
11/09/2015       36.60       36.60       35.55       35.85          2942500.00
11/06/2015       36.50       36.90       36.25       36.65          7311800.00
11/05/2015       36.50       37.00       36.05       36.50          7599600.00
11/04/2015       36.50       36.55       35.85       36.55          8164100.00
11/03/2015       35.95       36.50       35.90       36.50         10404400.00
11/02/2015       35.90       36.10       35.65       35.95          8318000.00
10/30/2015       35.80       36.15       35.35       35.85          9122100.00
10/29/2015       36.55       36.80       35.55       35.70         10227500.00
10/28/2015       37.15       37.15       36.15       36.60         17063801.00
10/27/2015       36.50       37.25       35.80       37.25          7110800.00
10/26/2015       36.00       36.90       36.00       36.55         14197000.00
10/23/2015       35.20       35.50       35.00       35.30         31276000.00
10/22/2015       35.15       35.15       34.85       35.00          7686400.00
10/21/2015       34.80       35.30       34.80       35.15          5582000.00
10/20/2015       35.45       35.75       34.85       34.85          8410900.00
10/19/2015       35.70       35.75       35.35       35.40          5303100.00
10/16/2015       36.00       36.15       35.15       35.70         10181500.00
10/15/2015       35.75       35.95       35.10       35.95          4997700.00
10/14/2015       36.20       36.20       35.00       35.00          4742500.00
10/13/2015       36.65       36.80       35.90       36.20         15316300.00
10/12/2015       37.55       37.55       36.40       36.80          6192100.00
10/09/2015       36.45       37.60       36.40       37.60         15520600.00
10/08/2015       36.00       36.50       35.55       36.35          9616600.00
10/07/2015       35.20       35.95       35.00       35.95          9707400.00
10/06/2015       34.90       35.00       34.50       35.00         11142200.00
10/05/2015       33.50       34.80       33.20       34.10         15180300.00
10/02/2015       34.05       34.05       33.40       33.70          5400300.00
10/01/2015       33.95       34.30       33.70       34.05          6138000.00
09/30/2015       33.25       34.00       33.00       34.00         16427100.00
09/29/2015       33.10       33.70       32.40       33.60         10633500.00
09/28/2015       34.00       34.65       33.15       33.15          7425900.00
09/24/2015       33.80       34.00       33.75       34.00          8618100.00
09/23/2015       34.00       34.15       33.80       34.00         15422800.00
09/22/2015       34.30       34.30       33.80       34.15          7688700.00
09/21/2015       35.00       35.00       33.95       34.25         13661300.00
09/18/2015       35.00       35.30       34.85       35.05         22691500.00
09/17/2015       35.40       35.40       34.25       34.50         15215300.00
09/16/2015       36.00       36.50       34.90       35.20         16607100.00
09/15/2015       35.85       36.15       35.45       35.90          7065800.00
09/14/2015       34.60       35.95       34.15       35.95          8648000.00
09/11/2015       33.80       34.50       33.80       34.30          4952600.00
09/10/2015       34.20       34.20       33.20       33.65         15143300.00
09/09/2015       34.75       35.05       34.00       34.20         14542200.00
09/08/2015       34.75       34.85       34.05       34.35          7584800.00
09/07/2015       35.50       35.55       34.40       34.65          5588800.00
09/04/2015       36.00       36.10       35.00       35.80         11307600.00
09/03/2015       36.40       36.80       35.85       36.00          4828500.00
09/02/2015       35.90       36.60       35.10       36.40         12726800.00
09/01/2015       36.00       36.95       36.00       36.65         20553900.00
08/28/2015       35.40       36.25       35.40       35.95         17835600.00
08/27/2015       35.20       35.70       34.60       34.80         28771900.00
08/26/2015       33.80       34.95       33.50       34.40         25731500.00
08/25/2015       33.50       35.20       33.20       33.50         26389600.00
08/24/2015       36.00       36.00       32.50       33.75         34368000.00
08/20/2015       37.80       37.80       37.10       37.10         15253800.00
08/19/2015       37.85       37.85       37.55       37.80          6804500.00
08/18/2015       37.65       38.10       37.55       38.00          5555200.00
08/17/2015       37.50       38.00       37.40       37.65          4730300.00
08/14/2015       38.00       38.05       37.50       37.50          9127200.00
08/13/2015       38.50       38.55       37.60       38.00         10846500.00
08/12/2015       39.00       39.00       38.30       38.30          8534800.00
08/11/2015       38.30       39.30       38.20       39.00         12440000.00
08/10/2015       38.50       38.65       38.15       38.15          3158800.00
08/07/2015       38.10       38.70       37.50       38.70          7633300.00
08/06/2015       38.00       38.65       37.95       38.15          9224700.00
08/05/2015       36.80       38.25       36.75       37.90         10623800.00
08/04/2015       37.05       37.20       36.75       36.85         16223100.00
08/03/2015       37.55       37.55       36.90       37.05         13085700.00
07/31/2015       37.50       37.50       36.80       37.40         14248600.00
07/30/2015       37.30       37.80       37.05       37.20          7583400.00
07/29/2015       37.50       38.00       37.00       37.00          6825300.00
07/28/2015       37.75       37.85       37.30       37.45          8263900.00
07/27/2015       38.90       38.90       37.80       37.80          7025600.00
07/24/2015       38.50       39.05       38.10       38.90          5009900.00
07/23/2015       38.05       38.90       38.05       38.50          5876700.00
07/22/2015       38.50       39.00       38.35       38.90          4798700.00
07/21/2015       38.00       38.50       37.80       38.50         11788800.00
07/20/2015       38.20       38.30       37.85       38.00          3347000.00
07/16/2015       38.30       38.35       38.00       38.30          9208200.00
07/15/2015       38.50       38.50       37.95       38.30          5564800.00
07/14/2015       38.20       38.50       38.00       38.30          7187800.00
07/13/2015       36.85       38.15       36.40       38.15          6659000.00
07/10/2015       36.90       37.05       36.60       36.85          4118900.00
07/09/2015       36.00       36.80       35.70       36.55         17596500.00
07/08/2015       36.30       36.40       36.00       36.40         13350000.00
07/07/2015       36.30       36.80       36.30       36.40          7229400.00
07/06/2015       36.80       36.90       36.20       36.30          9955900.00
07/03/2015       37.60       37.70       36.80       36.80         12070200.00
07/02/2015       37.20       38.30       37.20       37.65         14527100.00
07/01/2015       37.20       37.30       37.00       37.10          8862100.00
06/30/2015       37.30       37.80       37.20       37.30         13358200.00
06/29/2015       37.75       37.90       37.45       37.65          5361500.00
06/26/2015       37.90       38.10       37.80       37.95          5108700.00
06/25/2015       38.00       38.00       37.70       37.90          7621600.00
06/24/2015       37.85       38.05       37.70       38.00         12121100.00
06/23/2015       38.10       38.60       37.85       37.85          7178500.00
06/22/2015       38.25       38.50       37.80       38.00         12522100.00
06/19/2015       39.10       39.20       38.25       38.25         10176200.00
06/18/2015       38.95       39.05       38.85       38.90          3757800.00
06/17/2015       38.90       38.95       38.05       38.60         10006800.00
06/16/2015       38.80       38.90       38.50       38.85          6598900.00
06/15/2015       38.95       39.20       38.65       38.95          6970100.00
06/11/2015       37.60       39.00       37.60       39.00          8349200.00
06/10/2015       36.90       37.75       36.80       37.50          9193400.00
06/09/2015       38.65       38.65       36.50       37.00         18582000.00
06/08/2015       38.75       39.05       38.70       38.75          7722300.00
06/05/2015       38.90       39.10       38.80       38.80         10332300.00
06/04/2015       39.05       39.40       38.90       39.20         13883400.00
06/03/2015       39.00       39.50       39.00       39.35          5317300.00
06/02/2015       39.90       39.90       39.20       39.50         14622400.00
06/01/2015       40.00       40.50       39.35       40.30          6323800.00
05/29/2015       38.75       40.20       38.55       40.05         16184800.00
05/28/2015       39.25       39.30       38.00       38.70         14817300.00
05/27/2015       39.90       39.90       38.60       39.25         13237300.00
05/26/2015       39.65       40.30       39.20       40.30          3917500.00
05/25/2015       40.00       40.00       39.40       39.65          5554100.00
05/22/2015       40.80       40.85       39.65       40.00          6941900.00
05/21/2015       40.95       41.10       40.05       40.20          9098800.00
05/20/2015       40.50       41.20       40.40       40.95          3549200.00
05/19/2015       41.00       41.00       40.20       40.65          5406600.00
05/18/2015       40.80       41.40       40.80       41.00          5913500.00
05/15/2015       40.50       40.80       40.20       40.70          6424200.00
05/14/2015       40.10       40.45       39.95       40.20          7167200.00
05/13/2015       39.70       40.15       39.70       40.05          7374000.00
05/12/2015       39.65       40.50       39.65       40.35          2968400.00
05/11/2015       40.00       40.40       39.65       40.35          2933900.00
05/08/2015       40.40       40.40       39.55       39.80          5640000.00
05/07/2015       39.55       40.55       39.35       40.40          4591600.00
05/06/2015       40.30       40.30       39.80       40.00          4883800.00
05/05/2015       40.00       40.65       39.50       40.45          7730100.00
05/04/2015       38.75       40.05       38.55       40.00         14065800.00
04/30/2015       39.75       39.90       38.30       38.65         29616301.00
04/29/2015       39.55       39.75       39.00       39.70         10298600.00
04/28/2015       39.70       39.75       39.10       39.50          7862300.00
04/27/2015       39.50       39.90       39.45       39.70          9047400.00
04/24/2015       39.60       39.80       39.50       39.60         27481801.00
04/23/2015       39.60       39.70       39.50       39.70          4660100.00
04/22/2015       39.90       39.95       39.30       39.50         11790200.00
04/21/2015       39.70       40.00       39.55       39.90          5755000.00
04/20/2015       39.80       40.05       39.05       39.65          9764700.00
04/17/2015       40.25       40.25       39.75       40.00          4450300.00
04/16/2015       39.55       40.35       38.50       40.35         11450400.00
04/15/2015       40.70       40.70       39.00       39.45         16944801.00
04/14/2015       41.05       41.20       40.45       40.60         11979800.00
04/13/2015       40.80       41.40       40.10       40.60          8456400.00
04/10/2015       40.00       41.05       40.00       40.75         17755301.00
04/08/2015       39.90       40.10       39.40       40.00         12877400.00
04/07/2015       40.10       40.15       39.60       40.00         16597600.00
04/06/2015       39.70       40.20       39.00       39.65          4875700.00
04/01/2015       38.90       40.00       38.75       40.00         16007200.00
03/31/2015       38.35       38.85       37.80       38.50         19586699.00
03/30/2015       37.85       38.80       37.60       37.60         12711100.00
03/27/2015       37.20       37.80       37.20       37.60          7873400.00
03/26/2015       36.95       37.70       36.75       37.60          6841100.00
03/25/2015       37.15       37.25       36.65       36.95         14214600.00
03/24/2015       37.55       37.55       37.05       37.15         19535900.00
03/23/2015       37.85       37.95       37.50       37.60          3502800.00
03/20/2015       37.85       37.90       37.25       37.85         17985100.00
03/19/2015       37.60       38.10       37.60       38.10         21895301.00
03/18/2015       37.70       37.95       37.25       37.40         14523100.00
03/17/2015       37.10       37.95       37.10       37.95          9451000.00
03/16/2015       37.40       37.70       36.85       37.00         12456100.00
03/13/2015       38.60       38.60       37.45       37.45         15923200.00
03/12/2015       37.65       38.75       37.55       38.60         11422400.00
03/11/2015       37.20       37.75       37.20       37.75         11479300.00
03/10/2015       37.50       37.70       37.40       37.55          5372700.00
03/09/2015       38.00       38.05       37.30       37.50          7609000.00
03/06/2015       37.60       38.50       37.60       38.25          5819300.00
03/05/2015       38.00       38.05       37.00       37.70          4735100.00
03/04/2015       36.70       38.80       36.70       38.15         16940900.00
03/03/2015       37.00       37.00       36.65       36.70          4936800.00
03/02/2015       36.25       37.00       36.20       37.00          7739700.00
02/27/2015       37.10       37.10       36.10       36.25         17596301.00
02/26/2015       37.45       37.50       36.80       36.90          6757900.00
02/25/2015       37.10       37.70       37.10       37.65         15770700.00
02/24/2015       36.50       37.00       36.50       37.00         11778500.00
02/23/2015       36.10       36.95       35.95       36.50         23246900.00
02/20/2015       36.00       36.00       35.80       35.95          7307800.00
02/18/2015       35.55       35.90       35.55       35.60         28301000.00
02/17/2015       35.50       35.90       35.40       35.55          6197400.00
02/16/2015       35.30       35.65       35.10       35.35          6412400.00
02/13/2015       35.40       35.65       35.20       35.30          8024200.00
02/12/2015       35.95       35.95       35.35       35.40         14288300.00
02/11/2015       36.00       36.10       35.55       35.70          8318800.00
02/10/2015       36.40       36.40       35.45       35.50          4819300.00
02/09/2015       36.00       36.25       35.95       36.05          5529800.00
02/06/2015       35.70       36.00       35.65       36.00          9422900.00
02/05/2015       36.00       36.05       35.25       35.70         12667400.00
02/04/2015       35.90       36.35       35.90       36.00         19711301.00
02/03/2015       35.50       35.75       35.20       35.40          7938400.00
02/02/2015       36.10       36.10       35.15       35.95          6126200.00
01/30/2015       35.30       36.10       35.20       36.10         20657600.00
01/29/2015       35.10       36.50       35.10       35.20         12593600.00
01/28/2015       35.60       35.70       34.90       35.70         10592800.00
01/27/2015       35.00       35.60       34.80       35.50         12316700.00
01/26/2015       35.60       35.60       34.65       35.00         13168600.00
01/23/2015       35.10       35.65       35.10       35.65         17545100.00
01/22/2015       34.70       34.95       34.70       34.85         16437801.00
01/21/2015       34.60       35.15       34.60       34.95         10705900.00
01/20/2015       34.55       34.70       34.50       34.55         20547000.00
01/19/2015       35.05       35.20       34.25       34.50         16071700.00
01/14/2015       34.05       35.40       34.00       34.90         21095199.00
01/13/2015       34.10       34.20       33.75       34.15         24090900.00
01/12/2015       33.70       34.30       33.55       34.00         47085500.00
01/09/2015       35.25       35.65       35.00       35.00          9225200.00
01/08/2015       34.00       35.30       34.00       35.25         22669400.00
01/07/2015       33.50       34.10       33.50       33.75          7744600.00
01/06/2015       34.00       34.00       33.50       33.50         11225100.00
01/05/2015       34.00       34.15       33.70       34.00         20650400.00
