AP  1215

12/27/2019       33.85       34.80       33.55       34.20           798800.00
12/26/2019       33.95       33.95       33.20       33.85           827600.00
12/23/2019       34.00       34.00       33.20       33.50          1883000.00
12/20/2019       33.00       34.05       32.80       34.05          2841700.00
12/19/2019       33.50       33.50       33.00       33.10          1285800.00
12/18/2019       33.50       33.65       33.00       33.00          2854300.00
12/17/2019       33.00       33.35       31.95       33.00          2140100.00
12/16/2019       34.50       34.60       33.00       33.00           997300.00
12/13/2019       34.15       34.65       33.85       34.45           836700.00
12/12/2019       33.90       34.40       33.55       33.55           915100.00
12/11/2019       33.85       34.60       33.80       33.80           285300.00
12/10/2019       34.50       34.75       33.80       33.80          1117400.00
12/09/2019       34.70       34.85       34.50       34.50           605600.00
12/06/2019       34.50       34.95       34.15       34.60           349800.00
12/05/2019       34.50       34.65       34.15       34.50           754700.00
12/04/2019       34.60       34.80       34.10       34.55           960000.00
12/03/2019       34.90       35.00       34.20       34.20           698500.00
12/02/2019       34.45       34.85       34.10       34.80           583000.00
11/29/2019       34.05       34.55       34.00       34.45          1197100.00
11/28/2019       34.65       34.90       34.05       34.45          1820600.00
11/27/2019       34.20       34.95       33.75       34.60          5607600.00
11/26/2019       35.55       36.45       33.75       33.75         23524500.00
11/25/2019       34.75       35.55       34.50       35.55           987900.00
11/22/2019       35.20       35.40       34.40       34.75          1139100.00
11/21/2019       36.25       36.25       34.55       34.70          2116700.00
11/20/2019       36.40       36.45       35.65       35.70          1566400.00
11/19/2019       35.90       37.10       35.90       36.50           926900.00
11/18/2019       36.85       36.95       35.75       35.90          2463100.00
11/15/2019       36.70       37.35       36.70       36.95          1082100.00
11/14/2019       37.10       37.30       36.40       36.70          2141900.00
11/13/2019       37.75       37.75       37.00       37.10          1383800.00
11/12/2019       39.15       39.15       37.65       37.75          1953200.00
11/11/2019       38.60       39.20       38.55       38.75           884300.00
11/08/2019       38.80       39.60       38.50       39.60           905400.00
11/07/2019       39.00       39.05       38.50       38.80          2274400.00
11/06/2019       39.95       39.95       38.85       39.15          2753200.00
11/05/2019       40.00       40.40       39.85       40.40          1581900.00
11/04/2019       39.50       40.00       39.50       40.00           967800.00
10/31/2019       38.30       39.95       38.30       39.95          3457100.00
10/30/2019       39.00       39.00       38.05       38.80          1166400.00
10/29/2019       38.70       39.00       38.60       39.00           978200.00
10/28/2019       38.25       39.05       38.25       39.05           919500.00
10/25/2019       39.00       39.00       38.25       38.40           835600.00
10/24/2019       39.10       39.20       38.60       39.00           702100.00
10/23/2019       38.80       39.30       38.60       39.20           568600.00
10/22/2019       39.00       39.50       38.90       38.95           944500.00
10/21/2019       38.50       39.50       38.50       39.50           814600.00
10/18/2019       39.20       39.40       38.45       39.00          4844800.00
10/17/2019       38.50       39.50       38.50       39.40           763000.00
10/16/2019       38.60       39.30       38.00       39.30          1290500.00
10/15/2019       38.60       38.60       38.00       38.60           985800.00
10/14/2019       38.00       38.80       38.00       38.60           659000.00
10/11/2019       37.30       38.35       36.65       38.35          1289000.00
10/10/2019       37.20       37.30       36.45       37.20           402700.00
10/09/2019       37.55       37.55       36.55       37.00           883900.00
10/08/2019       36.50       37.50       36.00       37.40          2408800.00
10/07/2019       36.65       37.75       35.85       36.50          1063700.00
10/04/2019       37.00       37.60       36.50       36.65          1729000.00
10/03/2019       37.25       38.10       36.30       37.00           840000.00
10/02/2019       38.85       38.85       37.25       37.25           841200.00
10/01/2019       38.35       38.65       38.30       38.45           841000.00
09/30/2019       38.80       39.50       38.35       38.35          2488900.00
09/27/2019       39.20       39.30       38.75       38.75           634400.00
09/26/2019       39.50       40.00       39.20       39.30          2139500.00
09/25/2019       38.95       40.00       38.50       40.00          3057300.00
09/24/2019       39.95       39.95       38.90       39.00          2151300.00
09/23/2019       39.90       39.95       39.00       39.95           942200.00
09/20/2019       39.60       39.95       38.80       39.95          4037300.00
09/19/2019       39.30       39.70       39.25       39.50           449400.00
09/18/2019       39.90       39.90       38.80       39.80           513600.00
09/17/2019       40.00       40.15       39.35       40.00          1524200.00
09/16/2019       38.90       40.35       38.50       40.35          4495700.00
09/13/2019       38.50       38.95       38.20       38.95          1560300.00
09/12/2019       37.30       38.75       37.15       38.75          4275000.00
09/11/2019       36.90       37.80       36.25       37.80          2112000.00
09/10/2019       36.15       36.90       36.10       36.90           464900.00
09/09/2019       36.40       36.60       36.05       36.60           282500.00
09/06/2019       36.60       37.00       36.40       36.40           827900.00
09/05/2019       36.80       37.15       36.50       36.50           684700.00
09/04/2019       37.20       37.75       36.75       36.75           518700.00
09/03/2019       37.25       37.70       37.20       37.45           806400.00
09/02/2019       36.85       37.85       36.85       37.60          1315400.00
08/30/2019       37.55       38.00       37.55       38.00          3908500.00
08/29/2019       36.60       37.85       36.00       37.85          4156900.00
08/28/2019       36.00       36.45       35.25       36.40          1982900.00
08/27/2019       36.85       36.85       35.20       35.20          5439600.00
08/23/2019       35.95       37.00       35.40       37.00          1599200.00
08/22/2019       36.00       36.10       35.00       36.00          1186500.00
08/20/2019       36.30       36.30       34.55       36.00          1461100.00
08/19/2019       35.60       36.55       35.00       36.30          1408000.00
08/16/2019       35.00       35.60       34.20       35.50          1992200.00
08/15/2019       34.20       34.90       34.00       34.60          1007300.00
08/14/2019       34.10       35.00       34.10       34.20          1027100.00
08/13/2019       34.50       35.00       34.00       34.10          1259900.00
08/09/2019       35.25       35.30       34.50       34.50           695500.00
08/08/2019       36.00       36.00       35.25       35.25           690400.00
08/07/2019       35.40       36.00       34.90       35.95          1414500.00
08/06/2019       34.70       35.50       34.00       35.40          1854100.00
08/05/2019       34.95       35.15       34.50       34.70          1846700.00
08/02/2019       34.70       34.80       34.55       34.80          3227900.00
08/01/2019       35.00       35.00       34.60       34.60          3956000.00
07/31/2019       36.00       36.00       35.10       35.40          3697700.00
07/30/2019       36.50       36.50       36.20       36.20          1027600.00
07/29/2019       36.60       36.65       36.35       36.50           911100.00
07/26/2019       36.80       37.00       36.60       36.65           991900.00
07/25/2019       37.00       37.05       36.70       36.80          1473800.00
07/24/2019       37.40       37.40       36.90       37.00          1602200.00
07/23/2019       37.40       37.65       37.40       37.50          1719900.00
07/22/2019       36.50       37.40       36.50       37.40           704600.00
07/19/2019       37.50       37.50       36.65       37.00          2073400.00
07/18/2019       37.50       37.50       37.00       37.20          2596200.00
07/17/2019       37.80       38.00       37.30       37.50          1156700.00
07/16/2019       37.95       38.00       37.40       37.50          2628700.00
07/15/2019       36.40       38.00       36.20       38.00          1579400.00
07/12/2019       36.50       36.90       36.50       36.50          1052700.00
07/11/2019       36.75       36.90       36.70       36.75          2627800.00
07/10/2019       36.90       37.00       36.55       36.70          2278400.00
07/09/2019       37.10       37.10       36.70       36.80           764600.00
07/08/2019       37.00       37.20       36.60       37.10           551600.00
07/05/2019       37.00       37.00       36.60       37.00           378400.00
07/04/2019       37.50       37.50       36.00       36.90           981600.00
07/03/2019       36.55       37.50       36.40       37.50          1982400.00
07/02/2019       35.75       36.50       35.60       36.50          1415600.00
07/01/2019       35.00       35.75       34.85       35.75           974700.00
06/28/2019       35.20       35.50       34.80       34.80           686900.00
06/27/2019       35.20       35.20       34.95       35.00          1317000.00
06/26/2019       35.20       35.50       34.65       35.20          1026000.00
06/25/2019       35.30       35.70       34.00       35.00          1278500.00
06/24/2019       35.35       35.50       35.00       35.30           536600.00
06/21/2019       35.60       35.65       35.00       35.00          2103200.00
06/20/2019       35.00       35.60       34.95       35.60           381900.00
06/19/2019       34.85       35.40       34.85       35.00          1412000.00
06/18/2019       34.90       35.50       34.80       34.85          1021500.00
06/17/2019       35.10       35.50       34.85       34.90          1171300.00
06/14/2019       35.00       35.50       34.95       35.00          1005400.00
06/13/2019       35.35       35.35       35.00       35.00          2597600.00
06/11/2019       35.75       36.00       35.30       35.35          1366300.00
06/10/2019       35.15       35.95       35.00       35.00           545300.00
06/07/2019       35.50       36.00       35.05       35.10           759100.00
06/06/2019       35.80       36.00       35.50       35.50          1388600.00
06/04/2019       36.30       37.25       35.80       35.80           597400.00
06/03/2019       36.70       36.95       36.20       36.30          1631900.00
05/31/2019       35.30       36.70       35.30       36.50          3007900.00
05/30/2019       35.70       35.85       35.30       35.30          3457600.00
05/29/2019       35.95       35.95       35.50       35.70          2228000.00
05/28/2019       35.35       36.20       34.95       35.70          6176700.00
05/27/2019       35.60       35.90       35.35       35.35           761800.00
05/24/2019       36.00       36.30       35.30       35.60           610200.00
05/23/2019       36.70       36.70       36.00       36.35           579900.00
05/22/2019       36.05       36.70       35.85       36.70          2112200.00
05/21/2019       35.50       36.35       35.50       36.05           726700.00
05/20/2019       35.00       35.55       34.60       35.50           853200.00
05/17/2019       34.15       35.50       34.15       34.70          1355500.00
05/16/2019       34.50       34.60       33.10       34.15          2890400.00
05/15/2019       35.40       35.40       34.60       34.65          2103800.00
05/14/2019       35.15       35.60       34.65       35.00          1537800.00
05/10/2019       34.55       35.50       34.55       35.20          1800100.00
05/09/2019       35.60       35.60       34.50       34.50          2133500.00
05/08/2019       35.00       35.60       34.25       35.60          1653800.00
05/07/2019       36.05       36.50       35.00       35.00          1719100.00
05/06/2019       36.00       36.50       35.50       36.05           917500.00
05/03/2019       36.60       37.00       35.90       35.90           780000.00
05/02/2019       37.00       37.00       36.50       36.60          1638800.00
04/30/2019       37.50       37.70       36.85       37.70          1435600.00
04/29/2019       37.40       37.70       37.10       37.50          1011500.00
04/26/2019       37.80       37.80       37.05       37.40          1106800.00
04/25/2019       36.90       38.00       36.45       38.00          2119800.00
04/24/2019       36.65       36.90       36.45       36.90           747100.00
04/23/2019       36.00       36.65       35.90       36.65           839000.00
04/22/2019       35.95       36.15       35.80       36.00           998300.00
04/17/2019       36.00       36.55       35.85       35.95           661000.00
04/16/2019       35.80       36.20       35.50       35.95           767500.00
04/15/2019       36.30       36.30       35.50       35.50           642000.00
04/12/2019       36.40       36.55       36.20       36.30          1281900.00
04/11/2019       36.60       36.75       36.10       36.30          2462500.00
04/10/2019       36.25       36.95       35.90       36.60          1921100.00
04/08/2019       36.00       36.30       35.50       35.50           850000.00
04/05/2019       35.70       36.15       35.50       36.00          1011900.00
04/04/2019       35.50       35.70       35.10       35.70           709600.00
04/03/2019       35.25       35.50       34.60       35.10           581200.00
04/02/2019       35.20       35.60       35.10       35.60           470100.00
04/01/2019       35.40       35.40       34.70       35.20           555100.00
03/29/2019       35.15       35.40       34.85       35.40           683400.00
03/28/2019       34.05       35.20       34.05       35.20          1118300.00
03/27/2019       35.30       35.30       34.00       34.00           734700.00
03/26/2019       35.40       35.40       34.55       35.30           526500.00
03/25/2019       35.55       35.55       34.50       35.40           717800.00
03/22/2019       35.55       35.65       35.10       35.60           837700.00
03/21/2019       35.40       35.60       35.15       35.50          1510200.00
03/20/2019       34.50       35.40       34.50       35.40          1363800.00
03/19/2019       35.00       35.05       34.50       34.50           785700.00
03/18/2019       35.00       35.00       34.40       35.00          1147300.00
03/15/2019       35.55       35.55       35.15       35.50          2375800.00
03/14/2019       35.20       35.55       34.50       35.55          2451300.00
03/13/2019       35.10       35.45       35.10       35.45          2840300.00
03/12/2019       33.80       35.05       33.80       35.00          3548600.00
03/11/2019       34.20       34.70       33.60       33.70          1674100.00
03/08/2019       35.00       35.20       34.00       34.00          2368600.00
03/07/2019       34.60       35.10       34.50       34.75          1966900.00
03/06/2019       34.10       35.10       34.10       34.70          1938100.00
03/05/2019       35.00       35.20       34.25       34.25          2388100.00
03/04/2019       35.00       35.50       34.10       34.70          1495600.00
03/01/2019       34.90       35.50       33.10       35.00          2423300.00
02/28/2019       35.95       36.15       34.85       34.85          2620700.00
02/27/2019       36.95       37.00       35.80       35.95           816200.00
02/26/2019       37.20       37.20       36.15       36.95           872500.00
02/22/2019       36.95       37.00       35.90       36.90           949600.00
02/21/2019       36.25       36.95       36.00       36.95           772100.00
02/20/2019       35.10       36.30       35.10       35.90          1310400.00
02/19/2019       35.00       35.85       34.95       34.95           747500.00
02/18/2019       35.90       35.90       34.30       34.90           850700.00
02/15/2019       36.60       37.55       34.00       34.00          1310600.00
02/14/2019       36.65       36.65       35.80       36.00          1278100.00
02/13/2019       37.00       37.00       36.00       36.00          1256300.00
02/12/2019       37.65       38.00       37.00       37.00           985400.00
02/11/2019       37.90       38.00       37.10       37.55           763000.00
02/08/2019       38.10       38.20       37.70       37.75           752400.00
02/07/2019       37.70       38.55       37.65       37.70           667800.00
02/06/2019       38.20       38.95       37.70       37.70          1002200.00
02/04/2019       39.20       39.35       37.85       37.85           570100.00
02/01/2019       38.40       39.25       38.40       39.20           786800.00
01/31/2019       38.25       39.50       38.25       38.40          1867300.00
01/30/2019       38.10       38.50       37.50       38.20          1062500.00
01/29/2019       37.80       38.30       37.75       38.10          1371100.00
01/28/2019       37.70       38.40       37.50       38.40          1302100.00
01/25/2019       37.25       38.10       37.25       38.00          1615300.00
01/24/2019       37.50       38.10       37.00       38.10          1082300.00
01/23/2019       36.50       37.00       36.05       37.00           903100.00
01/22/2019       37.80       38.15       36.80       36.80          1369700.00
01/21/2019       37.95       38.20       37.45       37.45          1327200.00
01/18/2019       36.00       38.00       35.90       37.95          2921900.00
01/17/2019       36.75       36.85       35.40       36.05          1483200.00
01/16/2019       36.95       36.95       36.00       36.20           845400.00
01/15/2019       36.80       37.00       36.50       37.00          1527500.00
01/14/2019       35.80       37.10       35.75       37.00          2227400.00
01/11/2019       36.70       36.70       35.80       35.80          1915700.00
01/10/2019       34.80       36.90       34.80       36.90          2312400.00
01/09/2019       35.10       35.85       34.50       34.50          1857100.00
01/08/2019       36.00       36.00       35.00       35.00           624900.00
01/07/2019       35.80       36.00       35.50       35.60          1129000.00
01/04/2019       35.70       35.75       35.40       35.70          1005800.00
01/03/2019       35.00       35.70       35.00       35.65           967200.00
01/02/2019       35.10       35.25       34.65       35.00           205700.00
12/28/2018       35.45       35.55       34.75       35.10          2202200.00
12/27/2018       34.90       35.90       34.75       35.50          2180100.00
12/26/2018       34.85       34.90       33.90       34.90          1831900.00
12/21/2018       34.20       35.00       33.50       35.00          3219800.00
12/20/2018       33.00       34.40       33.00       34.35          1229100.00
12/19/2018       33.45       33.90       33.05       33.80          2447100.00
12/18/2018       33.55       34.00       33.10       33.20           964300.00
12/17/2018       33.00       34.50       33.00       33.50          1987400.00
12/14/2018       33.20       33.35       32.60       33.10          1495700.00
12/13/2018       33.00       33.30       32.60       33.00          1001600.00
12/12/2018       32.65       33.00       32.20       32.50           789100.00
12/11/2018       32.50       32.95       32.20       32.75           488800.00
12/10/2018       32.85       32.90       32.50       32.75           323900.00
12/07/2018       33.00       33.15       32.00       33.00           962300.00
12/06/2018       33.00       33.10       32.50       32.50          1602800.00
12/05/2018       33.30       33.30       32.80       33.00          1062600.00
12/04/2018       33.10       33.45       32.90       33.45          2732600.00
12/03/2018       32.50       33.30       32.00       33.10         16780301.00
11/29/2018       33.40       33.50       31.70       31.70          4328600.00
11/28/2018       33.40       33.50       33.00       33.40          1601400.00
11/27/2018       33.30       33.50       33.05       33.40          1006300.00
11/26/2018       32.85       33.40       32.80       32.90          1258700.00
11/23/2018       32.50       32.80       31.85       32.75           573000.00
11/22/2018       32.80       32.90       32.00       32.00           890200.00
11/21/2018       32.75       32.90       31.55       32.60           844500.00
11/20/2018       32.45       32.75       32.00       32.75          1625500.00
11/19/2018       31.60       32.50       31.40       32.50          1759900.00
11/16/2018       31.70       31.70       31.40       31.65          2650500.00
11/15/2018       31.40       32.00       31.20       31.25          2395200.00
11/14/2018       31.30       32.00       31.30       31.40          2232000.00
11/13/2018       32.00       32.45       31.20       31.20         24499000.00
11/12/2018       32.30       32.40       31.75       32.00          1210300.00
11/09/2018       32.70       33.00       31.75       32.50          1615600.00
11/08/2018       33.80       33.80       32.20       32.70           882200.00
11/07/2018       34.05       34.05       32.70       33.20           729200.00
11/06/2018       34.30       34.35       33.45       34.00          1667900.00
11/05/2018       33.75       34.55       33.75       34.30          2397100.00
10/31/2018       32.60       33.70       32.30       33.70          3371800.00
10/30/2018       33.00       33.00       31.95       32.20          2119300.00
10/29/2018       32.50       33.45       32.30       32.35          2233800.00
10/26/2018       33.00       33.00       32.45       32.50           466800.00
10/25/2018       33.70       33.70       32.50       33.00           566100.00
10/24/2018       34.50       34.50       33.65       33.65          2108700.00
10/23/2018       34.70       34.80       34.25       34.50          5476900.00
10/22/2018       35.10       35.10       34.65       34.70          2117100.00
10/19/2018       34.70       35.95       34.00       35.15          5085200.00
10/18/2018       34.75       34.90       34.00       34.80          1882700.00
10/17/2018       34.50       34.80       34.00       34.50          2853000.00
10/16/2018       33.60       34.50       33.60       34.50           540300.00
10/15/2018       34.00       34.40       33.60       33.60          1772400.00
10/12/2018       33.35       34.00       33.30       34.00           970100.00
10/11/2018       32.50       33.50       31.80       33.50          3009100.00
10/10/2018       34.00       34.00       32.55       32.60          7614300.00
10/09/2018       33.70       34.00       33.20       34.00           317100.00
10/08/2018       33.70       33.85       33.00       33.00          1090300.00
10/05/2018       34.20       34.30       33.50       33.60          1163300.00
10/04/2018       33.75       34.30       33.50       34.30          1845700.00
10/03/2018       33.95       34.35       33.50       34.35          1279300.00
10/02/2018       34.00       34.00       33.40       33.95          1840400.00
10/01/2018       33.45       33.95       33.45       33.60          2708300.00
09/28/2018       36.00       36.00       33.45       33.45          3383900.00
09/26/2018       36.20       36.20       35.00       35.00          2108800.00
09/25/2018       36.55       36.55       35.60       36.20          1385200.00
09/24/2018       36.70       36.70       35.35       36.60          1587300.00
09/21/2018       36.00       36.60       35.35       36.60          1709000.00
09/20/2018       35.90       35.90       35.40       35.40          1851100.00
09/19/2018       35.60       36.20       35.05       35.45          1902600.00
09/18/2018       36.95       36.95       35.90       35.90          1917500.00
09/17/2018       36.65       37.00       36.50       37.00           860100.00
09/14/2018       37.00       37.00       36.35       36.75          1507300.00
09/13/2018       37.00       37.00       36.25       36.90           793200.00
09/12/2018       36.00       37.00       36.00       37.00          1866200.00
09/11/2018       36.25       36.60       36.20       36.60          1144100.00
09/10/2018       37.00       37.00       36.05       36.25          1678500.00
09/07/2018       37.00       37.00       36.00       37.00          1597700.00
09/06/2018       36.70       36.85       35.80       36.85          1314900.00
09/05/2018       36.90       36.90       35.75       36.85          1583100.00
09/04/2018       36.70       36.90       36.40       36.90           950700.00
09/03/2018       36.40       36.90       35.85       36.70           743300.00
08/31/2018       36.45       37.00       35.55       37.00          3385400.00
08/30/2018       36.05       36.50       35.70       36.15          1525000.00
08/29/2018       37.15       37.15       35.80       36.50          1916600.00
08/28/2018       37.15       37.15       36.35       37.00          2646200.00
08/24/2018       36.90       37.20       36.05       36.90          1027900.00
08/23/2018       36.00       37.30       36.00       36.90          2160000.00
08/22/2018       36.40       36.75       35.60       36.70          1032000.00
08/20/2018       36.20       36.60       35.50       36.20           432200.00
08/17/2018       36.50       36.80       35.75       36.50           884200.00
08/16/2018       35.50       36.90       35.15       36.50          1069600.00
08/15/2018       35.65       35.70       35.25       35.65          1450400.00
08/14/2018       35.00       35.75       35.00       35.65           393100.00
08/13/2018       36.20       36.20       35.00       35.00           519900.00
08/10/2018       36.80       36.80       36.05       36.10          2051100.00
08/09/2018       37.00       37.35       36.60       36.80          1012800.00
08/08/2018       37.10       37.80       36.35       37.00          1030700.00
08/07/2018       37.50       37.80       36.80       37.00           769000.00
08/06/2018       37.65       38.00       37.10       37.50           786500.00
08/03/2018       38.00       38.20       37.20       38.20          1280500.00
08/02/2018       37.75       37.80       37.15       37.80           588400.00
08/01/2018       36.70       38.00       36.70       37.95          2663600.00
07/31/2018       37.00       37.20       36.50       37.20          1136200.00
07/30/2018       37.20       37.20       36.95       37.20          1219800.00
07/27/2018       36.60       37.00       36.10       37.00          1564200.00
07/26/2018       36.55       36.60       36.25       36.60          1411600.00
07/25/2018       36.80       36.85       35.15       35.15          1179600.00
07/24/2018       36.40       36.80       36.10       36.30           372100.00
07/23/2018       37.00       37.40       36.35       36.35           728600.00
07/20/2018       36.50       37.25       36.05       37.15          1348200.00
07/19/2018       36.55       36.70       36.25       36.40           726600.00
07/18/2018       36.50       37.00       36.50       37.00           436500.00
07/17/2018       36.45       36.95       36.20       36.95          1552300.00
07/16/2018       36.70       36.70       35.55       36.50           356800.00
07/13/2018       36.40       36.70       36.10       36.70          1137100.00
07/12/2018       35.60       36.50       35.45       36.20          2793100.00
07/11/2018       35.85       35.85       34.95       35.60           906400.00
07/10/2018       35.30       36.00       34.75       36.00           896900.00
07/09/2018       35.30       35.45       34.75       34.75           183300.00
07/06/2018       34.95       35.50       34.70       35.30           562400.00
07/05/2018       35.15       35.15       34.80       35.05           862500.00
07/04/2018       34.75       35.30       34.65       35.15          1537700.00
07/03/2018       34.80       34.85       34.65       34.75           699800.00
07/02/2018       34.75       35.00       34.45       34.80          1320500.00
06/29/2018       34.25       35.00       34.20       34.75          1501000.00
06/28/2018       35.50       35.50       34.10       34.25          1647000.00
06/27/2018       34.50       35.95       34.50       35.65          2000600.00
06/26/2018       35.50       35.50       33.05       34.90          1771200.00
06/25/2018       36.75       36.80       35.00       35.00          1296900.00
06/22/2018       36.00       36.40       35.55       35.70          1349900.00
06/21/2018       37.00       37.15       36.00       36.00          2315600.00
06/20/2018       37.30       37.60       37.00       37.00          1771700.00
06/19/2018       37.55       38.20       37.05       37.85          1558500.00
06/18/2018       37.30       38.30       37.15       38.30          2568500.00
06/14/2018       37.50       38.70       37.35       38.70          2270500.00
06/13/2018       38.45       38.65       37.45       37.50          1045000.00
06/11/2018       38.50       38.85       38.20       38.20           637000.00
06/08/2018       38.70       38.70       38.20       38.20          3088700.00
06/07/2018       39.00       39.00       38.35       38.35          3017000.00
06/06/2018       38.70       39.00       38.00       39.00          1035700.00
06/05/2018       38.95       39.25       38.50       38.50           991500.00
06/04/2018       39.00       39.00       38.50       38.80           495800.00
06/01/2018       38.90       39.00       38.20       38.95          1078600.00
05/31/2018       38.00       39.30       37.25       39.30          4620000.00
05/30/2018       38.30       38.30       37.70       38.00           920800.00
05/29/2018       38.00       38.35       37.80       38.35           530100.00
05/28/2018       38.30       38.30       37.75       38.00           287800.00
05/25/2018       38.30       38.30       37.75       38.30           595900.00
05/24/2018       38.00       38.35       37.75       37.75           486800.00
05/23/2018       38.30       38.50       37.65       37.65          1215600.00
05/22/2018       38.15       38.75       38.05       38.05           775300.00
05/21/2018       38.85       38.85       38.15       38.15           439800.00
05/18/2018       38.75       38.85       38.10       38.85           852800.00
05/17/2018       38.60       39.00       38.40       38.40          1036200.00
05/16/2018       39.00       39.00       38.40       38.40          1233900.00
05/15/2018       39.00       39.00       38.70       39.00          1207500.00
05/11/2018       38.80       39.00       38.75       38.95           933000.00
05/10/2018       38.40       38.60       38.00       38.40          3368700.00
05/09/2018       38.30       38.40       38.00       38.25           664100.00
05/08/2018       38.10       38.55       38.00       38.40           767600.00
05/07/2018       37.50       38.45       37.50       37.95          1422800.00
05/04/2018       37.75       38.30       37.50       37.50           556500.00
05/03/2018       38.70       38.80       37.60       37.60           471000.00
05/02/2018       38.20       38.80       38.20       38.70          1458200.00
04/30/2018       38.70       38.80       38.00       38.00          1407600.00
04/27/2018       38.80       39.10       38.40       38.70          1951700.00
04/26/2018       38.45       38.95       37.80       38.95           640300.00
04/25/2018       38.50       39.00       37.70       38.45          1907100.00
04/24/2018       39.50       39.50       38.00       38.00           698500.00
04/23/2018       39.70       39.70       38.55       39.65           811700.00
04/20/2018       37.85       39.95       37.85       39.70          1217300.00
04/19/2018       37.55       38.20       37.00       37.85          2789600.00
04/18/2018       37.90       38.25       37.70       38.20           878000.00
04/17/2018       37.90       38.00       37.45       37.65           942600.00
04/16/2018       37.75       38.50       37.45       37.45          1842500.00
04/13/2018       37.90       38.30       37.60       37.60          1199300.00
04/12/2018       37.60       38.20       37.50       37.50          1076600.00
04/11/2018       38.80       38.80       37.40       37.40          1291300.00
04/10/2018       38.85       38.85       38.15       38.80          1248900.00
04/06/2018       38.40       38.80       38.00       38.50          1098300.00
04/05/2018       38.75       38.75       38.40       38.40           434200.00
04/04/2018       38.80       38.80       38.00       38.00          1070300.00
04/03/2018       38.50       38.80       38.40       38.45           531500.00
04/02/2018       39.10       39.20       38.35       38.50           930200.00
03/28/2018       39.00       39.00       38.70       38.70          2475400.00
03/27/2018       38.90       39.15       38.80       39.00          1015700.00
03/26/2018       38.50       38.80       38.15       38.80           698500.00
03/23/2018       38.95       38.95       38.40       38.80           965900.00
03/22/2018       38.10       39.80       37.80       39.00          2821700.00
03/21/2018       38.50       38.50       37.50       37.50           874500.00
03/20/2018       39.00       39.00       38.00       38.00          1895100.00
03/19/2018       39.40       39.40       38.55       39.00           916000.00
03/16/2018       40.20       40.60       39.90       40.00          5009200.00
03/15/2018       40.45       40.50       39.85       40.05          2018100.00
03/14/2018       40.60       41.00       40.00       40.50          1357200.00
03/13/2018       39.90       41.55       39.80       40.60          3530400.00
03/12/2018       39.20       39.85       39.15       39.80          2266100.00
03/09/2018       39.20       39.50       39.05       39.15          1217700.00
03/08/2018       39.00       39.20       38.80       39.00          1479100.00
03/07/2018       39.00       39.00       38.80       39.00           742700.00
03/06/2018       39.00       39.00       38.30       38.95          1626200.00
03/05/2018       39.40       39.40       38.30       39.00           761000.00
03/02/2018       38.70       39.00       38.30       39.00          2312800.00
03/01/2018       38.90       38.90       38.45       38.70           975300.00
02/28/2018       38.75       39.00       38.50       38.50          1974700.00
02/27/2018       39.00       39.00       38.75       38.80          1695800.00
02/26/2018       39.00       39.50       38.70       38.95          1052400.00
02/23/2018       39.05       39.60       38.65       38.65          1262600.00
02/22/2018       39.15       39.50       39.00       39.00          1915400.00
02/21/2018       39.90       40.00       39.15       39.15          2442000.00
02/20/2018       39.85       40.00       39.55       40.00          1135300.00
02/19/2018       39.40       39.90       39.40       39.85           803700.00
02/15/2018       39.35       39.40       39.00       39.40          1055500.00
02/14/2018       39.75       39.90       39.35       39.45          1452600.00
02/13/2018       39.90       39.95       39.15       39.75          1576100.00
02/12/2018       40.10       40.10       39.60       39.60          1305300.00
02/09/2018       40.50       40.50       39.70       39.70          1797100.00
02/08/2018       40.40       40.85       40.15       40.85           945900.00
02/07/2018       40.00       40.45       39.95       40.40           646800.00
02/06/2018       40.35       40.40       39.20       39.95          2107400.00
02/05/2018       40.90       40.90       40.20       40.40          1096000.00
02/02/2018       40.60       41.30       40.60       41.00           984800.00
02/01/2018       41.50       41.50       40.50       40.60          1035400.00
01/31/2018       40.90       41.20       40.70       41.00          1853800.00
01/30/2018       41.30       41.40       40.55       40.90          1253900.00
01/29/2018       41.75       41.75       41.25       41.25          1135900.00
01/26/2018       41.50       41.75       41.40       41.75           570500.00
01/25/2018       41.75       41.75       41.30       41.40          1459000.00
01/24/2018       41.80       41.80       41.10       41.75           870300.00
01/23/2018       41.50       41.80       41.40       41.80          1226700.00
01/22/2018       41.40       41.50       41.20       41.50          1090100.00
01/19/2018       41.00       41.50       40.80       41.50          2067200.00
01/18/2018       40.95       41.15       40.40       41.15          1807800.00
01/17/2018       41.00       41.15       40.60       40.65           922200.00
01/16/2018       41.00       41.20       40.85       41.00          2127400.00
01/15/2018       40.00       41.10       40.00       41.00          1302500.00
01/12/2018       41.70       41.70       39.80       40.00          1699700.00
01/11/2018       41.45       41.70       41.20       41.70           670700.00
01/10/2018       41.25       41.45       41.00       41.45           997200.00
01/09/2018       41.60       41.60       40.00       41.00          1352800.00
01/08/2018       41.45       41.60       41.20       41.55           742700.00
01/05/2018       41.50       41.55       40.55       41.00          1280900.00
01/04/2018       41.45       41.55       41.10       41.40           892100.00
01/03/2018       41.60       41.60       41.10       41.45          1023300.00
12/29/2017       41.50       41.70       41.30       41.55          1294700.00
12/28/2017       41.00       41.45       41.00       41.45          1352000.00
12/27/2017       40.90       41.00       40.50       41.00           462500.00
12/22/2017       40.45       40.90       40.00       40.90           987800.00
12/21/2017       40.30       40.45       39.40       40.45           670200.00
12/20/2017       39.90       40.30       39.75       40.20           647700.00
12/19/2017       40.25       40.30       39.40       39.55          1441200.00
12/18/2017       39.60       40.30       39.50       40.25          1840200.00
12/15/2017       40.50       40.50       39.40       39.40          4172800.00
12/14/2017       39.65       40.70       39.55       40.70          1525300.00
12/13/2017       39.45       39.65       39.25       39.60          2295500.00
12/12/2017       39.30       39.50       38.80       39.25          1082600.00
12/11/2017       38.85       39.40       38.65       39.30          1485600.00
12/08/2017       38.60       38.85       38.50       38.60          1895200.00
12/07/2017       38.30       38.80       38.30       38.55          1938700.00
12/06/2017       39.00       39.00       38.25       38.30          2139600.00
12/05/2017       38.70       39.00       38.65       38.80          1150700.00
12/04/2017       38.50       39.45       38.50       38.65          1703200.00
12/01/2017       39.25       39.25       38.30       38.50          1910800.00
11/29/2017       40.20       40.40       38.10       39.25          8376800.00
11/28/2017       40.50       40.50       39.95       40.00          1804100.00
11/27/2017       40.50       40.50       39.90       40.10          1253600.00
11/24/2017       40.60       40.60       40.00       40.50          1195800.00
11/23/2017       40.00       40.60       39.85       40.60           599300.00
11/22/2017       40.60       40.85       39.85       39.85          2454800.00
11/21/2017       41.00       41.30       40.00       40.00          1515600.00
11/20/2017       41.30       41.30       40.80       40.90           246700.00
11/17/2017       41.00       41.30       40.10       41.20           587100.00
11/16/2017       40.90       41.50       39.95       40.00          1560700.00
11/15/2017       41.60       42.20       41.40       41.40          1202200.00
11/14/2017       41.90       42.40       41.10       42.40           880900.00
11/13/2017       42.00       42.05       41.10       41.10           787900.00
11/10/2017       42.40       42.40       41.40       41.40          1070600.00
11/09/2017       41.80       42.50       41.30       42.40          1281200.00
11/08/2017       41.60       42.10       41.05       41.70           967600.00
11/07/2017       41.25       41.95       41.20       41.40           742100.00
11/06/2017       41.20       41.50       41.00       41.15          1221300.00
11/03/2017       42.25       42.75       40.50       40.50          1769400.00
11/02/2017       42.45       42.45       41.50       42.25           941800.00
10/30/2017       42.00       42.50       42.00       42.50           239400.00
10/27/2017       42.10       42.45       41.40       42.00          1063400.00
10/26/2017       42.00       42.30       41.40       42.10           253100.00
10/25/2017       42.05       42.15       41.40       41.95           617300.00
10/24/2017       42.60       42.70       41.60       41.65           563900.00
10/23/2017       42.65       42.65       42.00       42.55          1359100.00
10/20/2017       42.40       42.70       41.60       42.65           462400.00
10/19/2017       42.00       42.75       41.15       42.75           905900.00
10/18/2017       41.60       42.15       41.05       42.15           482100.00
10/17/2017       42.35       42.40       41.55       41.60          1073500.00
10/13/2017       42.10       42.30       41.80       42.00          1204900.00
10/12/2017       41.75       42.10       41.60       42.10           667100.00
10/11/2017       42.20       42.30       41.60       41.75           506400.00
10/10/2017       42.30       42.30       42.00       42.00           395000.00
10/09/2017       41.50       42.00       41.50       42.00          1060700.00
10/06/2017       42.70       42.90       41.30       41.50          2145000.00
10/05/2017       43.00       43.00       42.45       42.75           663300.00
10/04/2017       42.90       43.10       42.90       42.95          1069800.00
10/03/2017       41.85       43.05       41.85       42.90          2227800.00
10/02/2017       42.50       42.90       42.00       42.25          1662100.00
09/29/2017       42.25       42.85       42.25       42.85          1404600.00
09/28/2017       42.75       42.75       42.05       42.40          2572400.00
09/27/2017       42.00       42.75       41.80       42.75          3012700.00
09/26/2017       41.95       42.00       41.55       42.00          1191200.00
09/25/2017       41.60       42.00       41.15       41.80           510100.00
09/22/2017       41.80       42.05       41.55       41.55          1181900.00
09/21/2017       41.00       41.80       41.00       41.40          1045700.00
09/20/2017       41.30       41.30       41.05       41.10           717600.00
09/19/2017       41.40       41.45       41.00       41.15          1406800.00
09/18/2017       40.80       41.40       40.55       41.40          1806100.00
09/15/2017       40.50       40.90       40.05       40.90          2484700.00
09/14/2017       40.70       41.10       40.10       40.10          1222300.00
09/13/2017       40.20       41.20       40.05       40.70          2195500.00
09/11/2017       39.80       40.40       39.80       40.20          1465400.00
09/08/2017       40.40       40.40       39.70       39.80          1051500.00
09/07/2017       40.10       40.40       39.80       40.00           676600.00
09/06/2017       40.15       40.15       39.50       39.60           867600.00
09/05/2017       39.90       40.20       39.00       40.20          2218400.00
09/04/2017       39.60       40.20       39.40       39.85          1043500.00
08/31/2017       39.40       39.50       39.10       39.50          1235400.00
08/30/2017       39.50       39.60       39.05       39.40           902000.00
08/29/2017       40.00       40.00       39.15       39.50          2427800.00
08/25/2017       39.95       40.00       39.70       39.90           495100.00
08/24/2017       39.60       39.95       39.60       39.95           973700.00
08/23/2017       39.70       39.70       39.55       39.60          1230800.00
08/22/2017       39.50       39.55       39.30       39.55           497700.00
08/18/2017       39.30       39.50       39.05       39.50           764100.00
08/17/2017       39.50       39.50       39.05       39.05          1093900.00
08/16/2017       39.35       39.50       39.25       39.30          1487300.00
08/15/2017       39.30       39.60       39.20       39.35           365500.00
08/14/2017       39.70       39.80       39.05       39.25           503900.00
08/11/2017       39.30       39.50       38.95       39.50          1194300.00
08/10/2017       39.50       39.50       39.25       39.30          1694700.00
08/09/2017       39.50       39.55       39.25       39.30          2957900.00
08/08/2017       40.10       40.10       39.20       39.25          1434200.00
08/07/2017       39.95       40.00       39.45       39.90           865800.00
08/04/2017       39.75       40.00       39.60       39.95          1510300.00
08/03/2017       39.40       39.75       39.00       39.70          1473800.00
08/02/2017       39.50       39.50       38.85       39.00          1658300.00
08/01/2017       39.00       39.40       38.95       39.05           398200.00
07/31/2017       39.00       39.60       38.80       39.00          1764000.00
07/28/2017       40.00       40.00       38.80       38.80          1036500.00
07/27/2017       39.80       40.30       39.80       40.00          1229100.00
07/26/2017       39.40       39.90       39.40       39.65           958600.00
07/25/2017       39.45       40.00       39.40       39.40           416100.00
07/24/2017       40.00       40.10       39.35       39.35           958100.00
07/21/2017       40.00       40.20       39.30       40.20           958000.00
07/20/2017       40.15       40.25       39.25       39.25          1057100.00
07/19/2017       40.10       40.25       40.00       40.10           653200.00
07/18/2017       40.05       40.45       40.05       40.05           748500.00
07/17/2017       40.30       40.30       40.00       40.05           894800.00
07/14/2017       40.35       40.45       40.05       40.05          1888500.00
07/13/2017       40.25       40.30       40.00       40.30           848900.00
07/12/2017       40.00       40.25       40.00       40.25           459700.00
07/11/2017       40.25       40.25       39.70       40.00           552000.00
07/10/2017       40.50       40.55       40.00       40.15           932500.00
07/07/2017       40.00       41.00       39.80       40.20          2689000.00
07/06/2017       39.60       40.10       39.60       40.00          2457900.00
07/05/2017       39.00       39.55       39.00       39.55          2820200.00
07/04/2017       39.50       39.50       38.60       38.90          1556700.00
07/03/2017       38.90       39.95       38.50       39.95          1356800.00
06/30/2017       38.90       38.90       38.45       38.90          1112300.00
06/29/2017       39.15       39.20       38.45       38.90          1710300.00
06/28/2017       39.50       39.60       38.65       38.65          1093300.00
06/27/2017       39.35       39.60       38.60       39.20          2013700.00
06/23/2017       39.80       39.80       39.45       39.75          1058100.00
06/22/2017       39.80       40.00       39.60       39.80          3329100.00
06/21/2017       39.60       39.80       39.20       39.65          1474700.00
06/20/2017       39.30       39.70       39.30       39.60          1465100.00
06/19/2017       38.85       39.25       38.60       39.20          1071200.00
06/16/2017       38.70       38.90       38.50       38.50          4214600.00
06/15/2017       38.55       38.80       38.55       38.70           890500.00
06/14/2017       38.50       38.80       38.40       38.55           930600.00
06/13/2017       38.90       38.90       38.35       38.50           987100.00
06/09/2017       38.90       38.90       38.70       38.75          2424500.00
06/08/2017       38.85       38.95       38.55       38.90          1764800.00
06/07/2017       38.70       39.00       38.70       38.85          3376500.00
06/06/2017       39.00       39.15       38.60       38.70          2052200.00
06/05/2017       39.50       39.60       38.80       38.80          1794000.00
06/02/2017       39.60       39.60       39.20       39.40          1358600.00
06/01/2017       39.30       39.60       39.20       39.40          2112100.00
05/31/2017       39.15       39.50       39.00       39.25          5208100.00
05/30/2017       39.70       39.70       38.95       39.15          7998300.00
05/29/2017       39.60       39.85       39.60       39.70           922600.00
05/26/2017       39.85       39.85       39.55       39.60          1909100.00
05/25/2017       39.90       39.95       39.50       39.60          1321800.00
05/24/2017       39.55       39.95       39.50       39.85          1213800.00
05/23/2017       40.00       40.00       39.55       39.70          1887000.00
05/22/2017       39.90       40.10       39.55       39.65          1367300.00
05/19/2017       40.00       40.00       39.80       39.90          1554700.00
05/18/2017       40.10       40.10       39.75       40.00          3647800.00
05/17/2017       40.10       40.10       39.90       40.00          1855400.00
05/16/2017       40.00       40.10       39.60       39.75          1982600.00
05/15/2017       40.45       40.45       39.65       39.80          1902700.00
05/12/2017       40.75       40.75       40.00       40.30          1884900.00
05/11/2017       40.10       40.80       40.00       40.55          3042100.00
05/10/2017       41.05       41.20       40.00       40.00          1969400.00
05/09/2017       41.80       41.80       41.00       41.00          1725500.00
05/08/2017       41.35       41.90       41.30       41.60          1762700.00
05/05/2017       41.90       42.00       41.20       41.20          2358500.00
05/04/2017       42.00       42.30       41.80       41.95          1113800.00
05/03/2017       42.00       42.35       41.85       42.00           567100.00
05/02/2017       42.45       42.55       41.80       42.00          1854500.00
04/27/2017       42.80       42.80       42.20       42.50          1711900.00
04/26/2017       43.00       43.10       42.55       42.80           826700.00
04/25/2017       41.70       43.70       41.55       43.00          4122000.00
04/24/2017       41.40       41.80       41.40       41.55           424300.00
04/21/2017       41.75       41.75       41.30       41.35          1062700.00
04/20/2017       41.40       41.65       41.25       41.35           792900.00
04/19/2017       41.80       41.80       41.20       41.30          1116100.00
04/18/2017       42.00       42.20       41.40       41.65          1252400.00
04/17/2017       41.95       42.00       41.30       41.30          2309800.00
04/12/2017       41.50       42.00       41.50       42.00          2087500.00
04/11/2017       42.00       42.10       41.50       41.50          1257400.00
04/10/2017       42.40       42.40       41.60       41.80          2209400.00
04/07/2017       41.90       42.30       41.80       42.20          1337500.00
04/06/2017       42.00       42.00       41.60       42.00           790600.00
04/05/2017       42.00       42.20       41.50       41.80          1757400.00
04/04/2017       41.90       41.90       41.40       41.70          1026200.00
04/03/2017       41.60       41.70       41.00       41.30           952700.00
03/31/2017       41.85       42.00       41.70       41.75          1867200.00
03/30/2017       41.90       42.10       41.75       41.85          1053800.00
03/29/2017       42.10       42.20       41.80       41.85          3726300.00
03/28/2017       41.50       42.10       41.50       42.10          1797700.00
03/27/2017       42.30       42.30       41.40       41.55          1213500.00
03/24/2017       42.70       42.70       42.00       42.10          2395300.00
03/23/2017       42.80       42.80       42.10       42.70          1399400.00
03/22/2017       42.30       43.00       42.05       42.70          1762500.00
03/21/2017       43.20       43.30       42.30       42.30          1946800.00
03/20/2017       43.40       43.40       42.75       43.00          1711300.00
03/17/2017       43.30       43.50       43.10       43.50          3092500.00
03/16/2017       43.00       43.10       41.90       43.00          1200200.00
03/15/2017       43.10       43.55       43.10       43.50          2252500.00
03/14/2017       43.60       43.60       43.00       43.10           767900.00
03/13/2017       43.85       43.85       42.85       43.00          1219300.00
03/10/2017       43.75       43.75       43.00       43.00           525200.00
03/09/2017       43.75       43.80       43.65       43.75           328600.00
03/08/2017       43.50       43.90       43.50       43.80          1660700.00
03/07/2017       43.85       43.90       43.10       43.45          2256700.00
03/06/2017       43.75       44.05       43.00       43.80          2130800.00
03/03/2017       43.20       43.75       43.00       43.75           916000.00
03/02/2017       42.75       43.75       42.75       43.10          1149100.00
03/01/2017       43.00       43.15       42.75       42.80           466900.00
02/28/2017       43.70       43.80       42.80       43.00          1428300.00
02/27/2017       44.15       44.25       43.65       43.70           576600.00
02/24/2017       44.30       44.30       43.50       43.50           893000.00
02/23/2017       43.80       44.25       43.80       44.25          1244000.00
02/22/2017       43.00       44.00       43.00       43.75          1680100.00
02/21/2017       43.05       43.40       42.95       43.10          1302500.00
02/20/2017       43.50       43.50       42.90       43.00          1360200.00
02/17/2017       44.00       44.00       42.80       43.00          2483400.00
02/16/2017       43.00       44.15       43.00       43.40           996400.00
02/15/2017       43.80       43.80       42.25       43.00          1297400.00
02/14/2017       43.25       43.95       43.25       43.45          1523700.00
02/13/2017       43.50       44.00       43.25       44.00          1871900.00
02/10/2017       43.40       43.45       43.25       43.45          1636800.00
02/09/2017       43.10       43.40       43.10       43.30          2149100.00
02/08/2017       43.35       43.35       43.10       43.10          1128900.00
02/07/2017       43.00       43.30       43.00       43.20          1114400.00
02/06/2017       43.05       43.40       42.45       43.40          1120400.00
02/03/2017       42.40       43.20       42.35       43.05          2376700.00
02/02/2017       42.60       43.40       42.30       42.40          3180300.00
02/01/2017       43.65       43.65       42.35       42.35          2424300.00
01/31/2017       44.00       44.00       42.20       42.20          1973700.00
01/30/2017       43.75       43.75       43.30       43.60           691500.00
01/27/2017       43.80       44.10       43.65       43.70           948700.00
01/26/2017       44.05       44.10       43.85       43.85          1459700.00
01/25/2017       43.90       44.00       43.60       43.90          1206100.00
01/24/2017       44.05       44.05       43.70       43.85          1246600.00
01/23/2017       44.50       44.50       43.60       44.00          1096600.00
01/20/2017       43.55       43.75       43.55       43.60          1359300.00
01/19/2017       43.70       44.10       43.60       44.05          2294500.00
01/18/2017       44.00       44.00       43.55       43.60          1314100.00
01/17/2017       43.75       44.00       43.70       43.75          1104400.00
01/16/2017       43.95       43.95       43.60       43.65          1036100.00
01/13/2017       43.80       44.00       43.50       43.85          1729100.00
01/12/2017       43.60       44.15       43.45       43.80          2723300.00
01/11/2017       43.60       43.70       43.00       43.35          1410100.00
01/10/2017       43.50       43.85       43.00       43.70          1483400.00
01/09/2017       43.80       43.80       43.20       43.30          1657700.00
01/06/2017       43.30       43.85       43.00       43.45          3511600.00
01/05/2017       42.35       43.70       42.35       43.50          9727500.00
01/04/2017       42.00       43.05       41.80       43.05           985200.00
01/03/2017       42.15       42.15       41.70       42.00          1473600.00
12/29/2016       43.50       43.50       41.70       41.70          3266400.00
12/28/2016       42.75       43.55       42.30       43.50          1114300.00
12/27/2016       41.50       42.50       41.40       42.30           520700.00
12/23/2016       41.85       42.50       41.50       41.50           966500.00
12/22/2016       42.70       42.75       41.90       42.50          1202400.00
12/21/2016       43.65       43.65       42.85       43.10          1556600.00
12/20/2016       42.80       43.00       42.55       43.00          2290500.00
12/19/2016       43.00       43.00       42.70       43.00          2153900.00
12/16/2016       42.70       43.90       42.70       43.00          1050200.00
12/15/2016       43.95       44.10       42.65       42.65           863700.00
12/14/2016       43.80       44.15       43.50       43.95           930100.00
12/13/2016       44.70       44.70       43.60       43.70           646700.00
12/12/2016       44.00       44.40       43.40       43.70           496000.00
12/09/2016       44.00       44.45       43.90       44.40          1059000.00
12/08/2016       43.25       44.00       42.95       44.00          1296800.00
12/07/2016       42.20       43.20       42.20       42.95           769900.00
12/06/2016       43.25       43.25       42.50       42.95           866100.00
12/05/2016       43.00       43.00       42.50       42.95           422300.00
12/02/2016       43.20       43.20       42.50       43.00           925900.00
12/01/2016       43.60       44.40       42.50       42.50          1969400.00
11/29/2016       43.00       43.20       42.60       42.90          4564800.00
11/28/2016       42.90       43.25       42.65       42.95          1029600.00
11/25/2016       42.55       43.05       42.10       42.90          1038800.00
11/24/2016       42.80       42.80       42.40       42.55           862300.00
11/23/2016       42.45       43.20       41.70       42.40          2642300.00
11/22/2016       42.75       43.00       42.20       42.45          2604100.00
11/21/2016       44.25       44.25       42.00       43.80          2782900.00
11/18/2016       43.95       43.95       42.90       43.50           473200.00
11/17/2016       44.00       44.45       42.65       42.95          1679800.00
11/16/2016       42.90       42.90       42.00       42.65          2278700.00
11/15/2016       42.10       43.00       42.10       42.90          1355700.00
11/14/2016       43.10       43.10       42.00       42.50          3038200.00
11/11/2016       44.20       44.20       43.00       43.35          2263800.00
11/10/2016       45.80       45.80       44.20       44.85           844700.00
11/09/2016       45.00       45.30       44.20       45.30           601900.00
11/08/2016       44.80       45.00       44.00       45.00           775600.00
11/07/2016       44.50       44.60       43.70       44.00          1494600.00
11/04/2016       44.25       45.05       43.70       44.70          1196100.00
11/03/2016       44.65       44.80       43.50       44.50          2733000.00
11/02/2016       45.95       45.95       44.90       45.00          2317000.00
10/28/2016       45.35       45.95       45.05       45.95          2056400.00
10/27/2016       45.50       45.60       45.00       45.35          2196700.00
10/26/2016       45.10       46.30       45.05       45.40          1293900.00
10/25/2016       45.25       45.45       45.20       45.35           840600.00
10/24/2016       45.20       45.35       45.10       45.25          1439300.00
10/21/2016       46.15       46.60       45.30       45.95           513100.00
10/20/2016       46.20       46.25       45.25       45.90           867800.00
10/19/2016       46.55       46.55       46.25       46.40          1377000.00
10/18/2016       45.80       46.50       45.10       46.30          2078100.00
10/17/2016       44.60       46.30       44.50       45.80          1824300.00
10/14/2016       46.00       46.00       45.00       45.65          2259500.00
10/13/2016       45.00       45.60       45.00       45.35          2086200.00
10/12/2016       45.00       46.00       45.00       45.65          1169400.00
10/11/2016       45.25       45.80       45.25       45.65          1407500.00
10/10/2016       45.70       45.70       44.50       45.65           791900.00
10/07/2016       45.85       45.85       45.00       45.70          2438900.00
10/06/2016       46.00       46.20       45.70       45.85           102900.00
10/05/2016       45.65       46.20       45.65       45.90           616200.00
10/04/2016       46.50       46.80       45.60       45.65          1647700.00
10/03/2016       45.65       45.70       45.30       45.65           570500.00
09/30/2016       45.65       45.70       45.10       45.65          1908600.00
09/29/2016       46.25       46.25       45.60       45.65          1238200.00
09/28/2016       45.90       46.20       45.50       45.65          1949300.00
09/27/2016       45.15       46.05       45.15       45.70          2845100.00
09/26/2016       45.00       45.15       44.80       45.15          1218400.00
09/23/2016       45.75       45.95       44.70       45.15          2041100.00
09/22/2016       45.20       46.10       45.20       45.65          1839100.00
09/21/2016       45.60       45.60       45.00       45.20          1424000.00
09/20/2016       45.75       46.00       45.50       45.60          1138100.00
09/19/2016       45.45       45.95       44.90       45.75          1889000.00
09/16/2016       46.00       46.05       44.55       44.75          2119800.00
09/15/2016       44.95       46.15       44.50       46.10          1479600.00
09/14/2016       44.10       44.85       44.10       44.65          1112200.00
09/13/2016       44.50       44.50       44.10       44.10          1067800.00
09/09/2016       45.65       45.65       44.50       44.50          1095100.00
09/08/2016       44.85       45.65       44.15       45.40          1683500.00
09/07/2016       45.05       45.30       44.70       45.00          1591700.00
09/06/2016       45.55       45.55       45.05       45.35          2458400.00
09/05/2016       45.90       45.90       45.55       45.65           318900.00
09/02/2016       45.50       46.15       45.45       45.95          2312700.00
09/01/2016       45.80       45.80       45.00       45.50          1056400.00
08/31/2016       45.60       46.00       45.50       45.50          2301200.00
08/30/2016       46.25       46.25       45.40       45.60          3646200.00
08/26/2016       45.80       46.00       45.60       45.65          6129900.00
08/25/2016       46.10       46.30       45.60       45.80          1165200.00
08/24/2016       46.10       46.10       45.70       45.90          1846800.00
08/23/2016       46.15       46.15       45.95       46.10          1735300.00
08/22/2016       46.50       46.50       46.00       46.15          1146500.00
08/19/2016       46.30       46.65       45.90       46.40          1255200.00
08/18/2016       45.85       46.40       45.60       45.85          1175100.00
08/17/2016       46.45       46.50       45.50       45.70          1354400.00
08/16/2016       45.85       46.45       45.80       46.45           784200.00
08/15/2016       45.85       46.00       45.50       45.75           919700.00
08/12/2016       45.90       46.30       45.65       45.85          1090300.00
08/11/2016       46.10       46.30       45.40       45.65          1210700.00
08/10/2016       46.00       46.10       45.85       45.95           972800.00
08/09/2016       45.65       46.15       45.65       46.00          1321100.00
08/08/2016       45.70       46.00       45.55       45.60          7088400.00
08/05/2016       45.60       45.80       45.45       45.55           512400.00
08/04/2016       45.35       45.70       45.20       45.40          1774900.00
08/03/2016       45.60       45.60       45.05       45.35          2299400.00
08/02/2016       45.00       45.50       45.00       45.45          1580100.00
08/01/2016       45.25       45.55       45.00       45.50          1722800.00
07/29/2016       45.25       45.45       45.00       45.25          1376300.00
07/28/2016       45.20       45.40       44.85       45.35          3218900.00
07/27/2016       45.00       45.40       44.50       45.20          1140100.00
07/26/2016       44.35       45.40       44.35       45.00          2239600.00
07/25/2016       45.60       46.00       44.05       44.05          2241100.00
07/22/2016       46.60       46.60       45.25       45.55          1745700.00
07/21/2016       45.45       46.65       45.25       46.65          2237700.00
07/20/2016       45.25       45.55       45.10       45.45          1911800.00
07/19/2016       45.20       45.40       45.10       45.25          1466800.00
07/18/2016       45.40       45.40       44.90       45.00          2686700.00
07/15/2016       45.25       45.55       45.05       45.40          2175000.00
07/14/2016       44.95       45.15       44.40       45.05          1136800.00
07/13/2016       45.00       45.35       44.80       44.95          1941000.00
07/12/2016       44.85       45.25       44.50       44.65          2147800.00
07/11/2016       45.20       45.50       44.00       44.30          4050100.00
07/08/2016       45.00       45.65       44.00       44.00          3428600.00
07/07/2016       45.00       45.20       44.90       44.95          2423200.00
07/05/2016       45.25       45.25       44.80       45.00          2362400.00
07/04/2016       45.90       46.30       44.50       45.00          3601600.00
07/01/2016       46.00       46.70       45.50       45.90          2415900.00
06/30/2016       46.50       47.65       45.80       46.05          4697000.00
06/29/2016       46.50       46.75       46.15       46.40          1125300.00
06/28/2016       46.50       46.50       46.00       46.25          1394800.00
06/27/2016       46.00       47.00       45.80       46.80          1114000.00
06/24/2016       47.00       47.00       46.00       46.20           747100.00
06/23/2016       46.80       46.90       46.55       46.85           771300.00
06/22/2016       47.00       47.00       46.70       46.80           953900.00
06/21/2016       46.55       47.00       46.35       46.90          2046800.00
06/20/2016       46.50       46.55       46.20       46.25           480500.00
06/17/2016       46.10       46.70       46.05       46.40          2812800.00
06/16/2016       45.55       46.20       45.50       45.50           883200.00
06/15/2016       45.30       46.00       45.30       45.35          1770800.00
06/14/2016       46.00       46.00       45.00       45.30          2950500.00
06/13/2016       46.20       46.50       45.80       46.30          1148800.00
06/10/2016       46.55       47.00       46.20       46.50          2910200.00
06/09/2016       47.05       47.20       46.40       46.55          1398200.00
06/08/2016       48.40       48.60       46.70       47.05          3450100.00
06/07/2016       47.20       48.90       46.25       48.90          5266000.00
06/06/2016       46.95       47.05       45.60       46.00          2258600.00
06/03/2016       46.30       46.30       45.60       45.60          1609200.00
06/02/2016       46.10       46.80       45.80       45.80          1881200.00
06/01/2016       46.60       47.00       45.70       46.10          2570900.00
05/31/2016       46.60       46.95       45.50       46.00          6404800.00
05/30/2016       45.45       47.00       45.45       46.50          3768600.00
05/27/2016       45.25       46.00       45.25       45.45          2029400.00
05/26/2016       45.35       45.85       45.35       45.40          3836800.00
05/25/2016       45.75       46.30       45.20       45.85          3318900.00
05/24/2016       45.00       46.05       44.90       45.75          3609000.00
05/23/2016       45.90       45.90       45.00       45.20          2321300.00
05/20/2016       45.50       46.05       44.05       45.20          1919600.00
05/19/2016       46.00       46.80       45.95       45.95          1929100.00
05/18/2016       46.60       46.80       46.35       46.80          1125800.00
05/17/2016       47.10       47.10       46.60       46.80           883100.00
05/16/2016       46.95       47.10       46.00       47.10          2164600.00
05/13/2016       45.50       49.00       45.40       47.00          2344300.00
05/12/2016       45.40       45.40       44.90       45.35          2499900.00
05/11/2016       44.60       45.55       43.55       45.40          2720500.00
05/10/2016       44.00       44.50       43.50       44.50          1593600.00
05/06/2016       44.30       44.40       43.70       44.05          2285700.00
05/05/2016       44.35       44.65       44.25       44.50          2152700.00
05/04/2016       44.40       45.50       44.25       45.50          2468400.00
05/03/2016       44.55       44.70       44.55       44.55           794500.00
05/02/2016       44.40       44.90       44.40       44.55          2571300.00
04/29/2016       44.40       44.95       44.40       44.90          3148300.00
04/28/2016       44.50       44.50       44.20       44.40          2452600.00
04/27/2016       44.40       44.55       44.40       44.50          2112900.00
04/26/2016       44.60       44.65       44.50       44.55          1272400.00
04/25/2016       44.75       44.80       44.20       44.60          1714500.00
04/22/2016       44.20       44.75       44.20       44.75          2461000.00
04/21/2016       43.90       44.50       43.90       44.15          2846600.00
04/20/2016       44.00       44.05       43.80       43.85          1682400.00
04/19/2016       44.00       44.40       43.75       44.00          1103600.00
04/18/2016       44.35       44.35       43.80       44.00          2245200.00
04/15/2016       44.40       44.75       43.50       44.35          1219400.00
04/14/2016       43.85       44.75       43.85       44.40          2758500.00
04/13/2016       43.80       43.85       43.35       43.50          2865700.00
04/12/2016       43.10       43.70       43.10       43.30          1598100.00
04/11/2016       43.10       43.30       43.10       43.10           663700.00
04/08/2016       43.10       43.20       43.00       43.10          2065800.00
04/07/2016       43.00       43.10       42.80       43.10          2037400.00
04/06/2016       43.05       43.40       42.75       42.80          1208000.00
04/05/2016       43.85       43.90       42.75       43.05           920000.00
04/04/2016       43.50       44.00       43.30       43.35           496300.00
04/01/2016       44.20       44.30       43.25       43.50           705900.00
03/31/2016       44.40       44.50       43.80       43.95          3586500.00
03/30/2016       44.45       44.45       44.00       44.40          3344300.00
03/29/2016       44.00       44.00       43.50       43.75           985500.00
03/28/2016       43.55       44.00       43.55       43.85           468000.00
03/23/2016       43.50       43.65       43.35       43.55          2360400.00
03/22/2016       43.45       44.50       43.10       43.50          3492900.00
03/21/2016       44.45       44.60       43.45       43.45          1803000.00
03/18/2016       43.95       44.75       43.10       43.30          4499600.00
03/17/2016       43.55       43.90       42.50       43.90          2247100.00
03/16/2016       44.80       44.80       43.20       43.75          2337200.00
03/15/2016       43.80       44.20       43.50       43.55          1912900.00
03/14/2016       44.35       45.10       43.65       43.65          2235100.00
03/11/2016       43.70       44.25       43.70       43.90          3490200.00
03/10/2016       43.95       44.05       43.65       43.70          2379300.00
03/09/2016       43.95       44.00       43.75       43.95          2129000.00
03/08/2016       43.95       44.00       43.50       43.95          1355900.00
03/07/2016       44.00       44.00       43.85       43.95          1049700.00
03/04/2016       43.85       44.00       43.55       43.55           971400.00
03/03/2016       43.50       44.00       43.50       43.85          2224100.00
03/02/2016       43.50       43.55       43.40       43.55          3756600.00
03/01/2016       42.95       43.60       42.95       43.45          2698000.00
02/29/2016       42.75       43.00       42.75       42.95          3425200.00
02/26/2016       42.75       43.20       42.75       43.05          1984400.00
02/24/2016       43.25       43.25       42.75       42.95           414900.00
02/23/2016       43.10       43.15       42.55       43.00          1467600.00
02/22/2016       43.00       43.20       42.25       43.10          2083700.00
02/19/2016       42.55       43.00       42.50       42.95          1629900.00
02/18/2016       42.40       42.60       42.35       42.55          2263200.00
02/17/2016       42.50       42.50       42.30       42.40          3654200.00
02/16/2016       42.00       42.45       42.00       42.30          2700100.00
02/15/2016       42.00       42.25       41.55       42.00          3016000.00
02/12/2016       41.60       42.05       41.60       42.00          2500900.00
02/11/2016       41.70       42.15       41.70       42.00           657800.00
02/10/2016       40.50       42.00       40.40       41.70           958700.00
02/09/2016       42.00       42.00       41.50       42.00           109000.00
02/05/2016       42.00       42.30       41.95       42.20          3521900.00
02/04/2016       41.20       42.00       41.20       41.85          1582000.00
02/03/2016       41.50       41.50       40.30       41.15          1492200.00
02/02/2016       41.00       41.75       41.00       41.50         10284700.00
02/01/2016       41.60       41.75       41.40       41.75          3970500.00
01/29/2016       41.35       41.70       41.35       41.60          3591500.00
01/28/2016       41.10       41.50       40.30       41.35          1348000.00
01/27/2016       39.95       41.10       39.95       41.10          1300100.00
01/26/2016       40.00       40.45       39.85       39.85           946500.00
01/25/2016       40.70       41.00       39.95       41.00          1735700.00
01/22/2016       40.15       40.55       39.80       40.55           677700.00
01/21/2016       40.50       40.50       39.80       40.05          1390900.00
01/20/2016       40.30       40.65       40.05       40.50          1302000.00
01/19/2016       39.60       40.00       39.60       40.00           329900.00
01/18/2016       39.50       40.25       39.20       40.25          1037800.00
01/15/2016       40.65       40.65       39.95       39.95          1086200.00
01/14/2016       39.85       40.70       39.85       40.45          2212500.00
01/13/2016       40.50       40.50       39.95       40.50           490000.00
01/12/2016       39.50       40.20       39.50       39.95          1483200.00
01/11/2016       40.50       40.55       39.40       39.40          2224300.00
01/08/2016       40.50       41.05       40.50       40.90          1045300.00
01/07/2016       41.90       41.90       40.70       40.80           658900.00
01/06/2016       42.00       42.20       41.90       41.90           897600.00
01/05/2016       41.00       42.20       40.95       41.90          3198400.00
01/04/2016       41.50       41.50       41.00       41.20           482500.00
12/29/2015       41.50       42.00       41.25       41.70          1685200.00
12/28/2015       40.60       41.55       40.60       41.50           706800.00
12/23/2015       40.75       41.35       40.50       41.35          3838200.00
12/22/2015       40.40       40.50       39.75       40.50          2088900.00
12/21/2015       40.50       40.50       39.65       39.75          7315600.00
12/18/2015       40.15       40.60       40.00       40.50          2418500.00
12/17/2015       40.00       40.75       39.95       40.50          2986500.00
12/16/2015       39.30       40.30       39.20       40.10          2020400.00
12/15/2015       39.00       40.00       39.00       39.30          3094300.00
12/14/2015       39.20       39.45       38.40       39.10          2337500.00
12/11/2015       40.10       40.30       39.90       40.00          4703700.00
12/10/2015       40.05       40.50       40.00       40.10          2677500.00
12/09/2015       39.80       40.55       39.80       40.00          2142600.00
12/08/2015       40.10       40.35       39.90       39.90          3444400.00
12/07/2015       40.70       41.00       40.20       40.20          2260300.00
12/04/2015       40.60       40.75       40.35       40.60          2048300.00
12/03/2015       41.40       41.40       40.60       40.60          3111200.00
12/02/2015       41.00       41.90       41.00       41.30          5782500.00
12/01/2015       42.00       42.00       41.00       41.70          4304300.00
11/27/2015       42.65       43.15       41.30       42.00         11473700.00
11/26/2015       42.90       42.95       42.60       42.70          3142500.00
11/25/2015       42.05       42.85       42.05       42.70          3962600.00
11/24/2015       42.10       42.25       41.50       42.05          2236700.00
11/23/2015       42.00       42.10       41.00       42.10          2016700.00
11/20/2015       41.25       42.20       41.15       42.00          5102300.00
11/17/2015       41.30       41.75       40.20       41.60          2205100.00
11/16/2015       40.85       41.30       40.00       41.30          1372400.00
11/13/2015       40.35       41.20       40.00       40.90          1047000.00
11/12/2015       41.00       41.30       40.40       40.40          7886900.00
11/11/2015       40.85       41.00       40.50       41.00          2133900.00
11/10/2015       41.00       41.25       40.85       40.85          1937900.00
11/09/2015       41.30       41.50       40.95       41.50           967900.00
11/06/2015       41.50       42.00       41.15       41.30          1705800.00
11/05/2015       41.20       41.80       41.10       41.40           632500.00
11/04/2015       42.20       42.20       41.05       41.60          1712000.00
11/03/2015       42.10       42.50       42.10       42.45           842700.00
11/02/2015       41.95       42.20       41.30       42.10          1754000.00
10/30/2015       41.90       42.00       41.75       42.00           884200.00
10/29/2015       42.00       42.30       41.90       42.05          1751500.00
10/28/2015       42.35       42.35       41.25       41.90           937500.00
10/27/2015       42.65       42.75       42.15       42.40          1510000.00
10/26/2015       42.85       42.85       41.75       42.65          3749700.00
10/23/2015       42.00       42.95       41.95       42.60          1746900.00
10/22/2015       40.85       42.10       40.85       41.95          1373900.00
10/21/2015       40.90       41.85       40.85       40.85          6754600.00
10/20/2015       42.00       42.00       40.50       40.85          8453300.00
10/19/2015       40.85       42.00       40.85       41.95          2261800.00
10/16/2015       41.50       41.50       40.55       40.85          5894200.00
10/15/2015       41.80       42.85       41.20       41.35          3071200.00
10/14/2015       42.15       42.85       41.00       41.80          2207700.00
10/13/2015       43.40       43.40       42.00       42.20          4239300.00
10/12/2015       43.55       43.55       42.85       43.20          2248800.00
10/09/2015       43.55       43.55       43.15       43.50           495600.00
10/08/2015       43.45       43.45       43.15       43.40           704700.00
10/07/2015       43.00       43.65       43.00       43.45          2374600.00
10/06/2015       43.45       43.90       42.65       43.90          2294000.00
10/05/2015       43.50       43.60       43.20       43.50          1862600.00
10/02/2015       43.25       43.50       43.25       43.50          1051100.00
10/01/2015       43.25       43.45       43.25       43.35           686600.00
09/30/2015       43.20       43.45       43.20       43.20          1972500.00
09/29/2015       42.20       43.10       42.00       42.70          1411100.00
09/28/2015       43.50       43.75       42.20       42.20          1435000.00
09/24/2015       43.00       43.50       42.55       43.50          2461200.00
09/23/2015       43.05       43.45       42.65       42.95           961600.00
09/22/2015       43.10       43.40       42.80       43.05          2486800.00
09/21/2015       43.50       43.50       42.95       43.05          3094100.00
09/18/2015       43.05       43.65       42.70       42.70          4660500.00
09/17/2015       43.20       43.50       43.10       43.40          2180600.00
09/16/2015       42.65       43.40       42.65       43.20          1749100.00
09/15/2015       43.30       43.45       43.20       43.30          1694000.00
09/14/2015       42.90       43.40       42.90       43.30           955700.00
09/11/2015       43.55       43.55       42.90       42.90           752600.00
09/10/2015       43.50       43.50       43.15       43.15          1346600.00
09/09/2015       43.50       43.50       43.05       43.25          2355800.00
09/08/2015       43.50       43.50       43.15       43.35          2532100.00
09/07/2015       43.50       43.50       42.55       43.50           919500.00
09/04/2015       43.45       43.80       43.45       43.50          2344100.00
09/03/2015       43.50       43.90       42.50       43.50          2122000.00
09/02/2015       43.00       44.00       42.00       43.50          4085500.00
09/01/2015       42.90       43.95       42.60       43.25          2978400.00
08/28/2015       42.55       43.50       42.55       43.25          1760200.00
08/27/2015       42.80       42.90       42.05       42.55          2936200.00
08/26/2015       42.00       43.50       40.90       42.50          7802300.00
08/25/2015       41.00       42.30       40.00       42.00          2970000.00
08/24/2015       42.50       42.55       40.50       42.00          4457900.00
08/20/2015       43.35       43.90       42.95       43.90          2063300.00
08/19/2015       42.60       44.00       42.60       43.75          1654500.00
08/18/2015       43.40       43.50       42.60       43.50          1843500.00
08/17/2015       42.30       43.50       42.20       43.50          1849400.00
08/14/2015       42.50       43.00       42.25       43.00          1456300.00
08/13/2015       42.80       43.50       42.00       42.65          2241600.00
08/12/2015       42.55       43.60       42.50       43.15          1863800.00
08/11/2015       42.65       43.60       42.60       43.05          4224600.00
08/10/2015       42.95       43.60       42.65       42.95          1376400.00
08/07/2015       43.45       43.45       41.85       42.95          2031200.00
08/06/2015       43.35       43.85       43.15       43.45          2462000.00
08/05/2015       43.25       43.65       43.15       43.35           925900.00
08/04/2015       43.30       43.30       43.10       43.30          2216500.00
08/03/2015       43.70       43.70       43.20       43.30          2749500.00
07/31/2015       43.80       43.90       43.65       43.70          2535200.00
07/30/2015       44.00       44.00       43.80       43.85          8152700.00
07/29/2015       43.85       44.10       43.85       43.95          2027700.00
07/28/2015       44.00       44.00       43.75       43.85          2302000.00
07/27/2015       44.55       44.85       43.85       44.50           744600.00
07/24/2015       45.00       45.00       44.00       45.00          1986600.00
07/23/2015       44.00       45.00       44.00       45.00          1613300.00
07/22/2015       44.70       44.75       44.00       44.60          1419100.00
07/21/2015       43.75       44.75       43.75       44.50          1178900.00
07/20/2015       44.65       44.70       43.75       43.75          1122600.00
07/16/2015       44.20       44.85       44.10       44.65          3454500.00
07/15/2015       43.65       44.20       43.45       44.15          1788500.00
07/14/2015       43.15       44.00       43.15       43.60           920300.00
07/13/2015       43.50       43.50       42.60       43.15          1276200.00
07/10/2015       42.35       43.40       42.25       43.40          1563300.00
07/09/2015       42.75       42.75       42.25       42.55          2770600.00
07/08/2015       43.60       43.60       42.70       42.70          1258500.00
07/07/2015       43.80       44.20       43.50       43.70          3112000.00
07/06/2015       44.80       44.80       43.60       43.60          1552100.00
07/03/2015       44.70       44.80       43.90       44.00          2701500.00
07/02/2015       45.95       45.95       44.60       44.75          3262800.00
07/01/2015       44.55       45.90       44.50       45.75          1755300.00
06/30/2015       44.90       45.90       44.60       45.50          4801700.00
06/29/2015       44.95       45.00       44.05       45.00          2646100.00
06/26/2015       44.85       45.00       44.65       44.80          1925800.00
06/25/2015       44.95       44.95       44.00       44.00          1447500.00
06/24/2015       44.50       45.00       44.50       45.00          1525200.00
06/23/2015       44.80       44.80       44.50       44.50          1208700.00
06/22/2015       44.65       44.95       44.60       44.80           924900.00
06/19/2015       44.50       44.95       44.50       44.95          3276200.00
06/18/2015       44.50       44.70       44.20       44.45          1893000.00
06/17/2015       43.80       44.50       43.70       44.50          2390200.00
06/16/2015       44.00       44.15       43.75       43.80          1363400.00
06/15/2015       44.55       44.60       43.80       44.00          2494500.00
06/11/2015       43.20       44.50       43.20       44.40          3421500.00
06/10/2015       43.10       43.25       43.00       43.25          2309400.00
06/09/2015       42.75       43.10       42.35       43.10          3237000.00
06/08/2015       43.50       43.75       42.80       43.10          1745100.00
06/05/2015       42.70       43.30       42.50       42.75           821000.00
06/04/2015       43.50       43.50       42.70       43.10          1262200.00
06/03/2015       42.40       43.35       42.40       43.00          2204100.00
06/02/2015       42.45       43.05       42.35       43.00          1508400.00
06/01/2015       42.95       43.20       42.35       43.00          2300000.00
05/29/2015       42.15       43.25       42.15       43.00          6233500.00
05/28/2015       42.30       42.70       42.10       42.45          3047600.00
05/27/2015       42.50       42.80       42.30       42.30          3108300.00
05/26/2015       42.80       42.95       42.50       42.50          1982400.00
05/25/2015       43.25       43.25       42.85       42.90          1551800.00
05/22/2015       43.95       44.00       42.90       43.15          2538000.00
05/21/2015       43.95       43.95       43.45       43.60          3976700.00
05/20/2015       43.40       44.00       43.40       44.00          2436000.00
05/19/2015       43.00       43.95       43.00       43.40          2131900.00
05/18/2015       42.35       43.25       42.20       43.10          3804500.00
05/15/2015       42.15       42.65       42.15       42.35          3450500.00
05/14/2015       42.05       42.60       42.05       42.40          2323000.00
05/13/2015       42.05       42.35       42.05       42.30           861700.00
05/12/2015       42.05       42.35       42.00       42.30          1333600.00
05/11/2015       42.05       42.50       42.05       42.30          2266100.00
05/08/2015       42.60       42.75       42.00       42.00          2288700.00
05/07/2015       43.05       43.35       42.25       43.05          2475300.00
05/06/2015       43.60       43.60       43.30       43.60          2433800.00
05/05/2015       43.35       43.75       43.30       43.65          2332600.00
05/04/2015       43.00       43.50       42.95       43.30          3274400.00
04/30/2015       43.15       43.15       42.30       42.95          3220400.00
04/29/2015       43.00       43.25       42.90       43.00          4808600.00
04/28/2015       43.05       43.30       42.85       43.15          3635300.00
04/27/2015       43.10       43.50       43.10       43.40          3228800.00
04/24/2015       42.50       43.55       42.50       43.50          4019700.00
04/23/2015       42.40       42.70       42.30       42.40          5208300.00
04/22/2015       42.00       42.00       41.90       42.00          5795500.00
04/21/2015       42.20       42.70       41.90       42.00          2023800.00
04/20/2015       42.30       42.50       41.60       42.00          5527400.00
04/17/2015       42.10       42.80       42.10       42.50          2676300.00
04/16/2015       43.20       43.20       40.80       41.50          8362900.00
04/15/2015       44.00       44.00       43.15       43.25          4969200.00
04/14/2015       44.00       44.30       43.70       44.00          3959500.00
04/13/2015       44.60       44.65       43.35       43.80          6014400.00
04/10/2015       45.20       45.50       44.20       45.00          3219400.00
04/08/2015       44.75       45.20       44.50       45.20          1628700.00
04/07/2015       44.70       45.80       44.70       45.25          2028100.00
04/06/2015       44.75       44.85       44.65       44.75           739200.00
04/01/2015       44.00       44.80       44.00       44.75           779800.00
03/31/2015       44.60       44.95       44.50       44.50          2653000.00
03/30/2015       45.00       45.10       43.80       43.80          2661000.00
03/27/2015       45.70       45.70       44.50       44.50          4034100.00
03/26/2015       44.90       45.45       44.90       45.40          1333200.00
03/25/2015       45.10       45.75       45.10       45.40          2276900.00
03/24/2015       45.20       45.30       44.75       45.30           840500.00
03/23/2015       45.30       45.85       45.15       45.20          4250700.00
03/20/2015       44.50       45.20       44.25       45.20          3177600.00
03/19/2015       45.00       45.20       44.70       44.85          5199100.00
03/18/2015       46.50       46.75       46.00       46.05          5756700.00
03/17/2015       46.15       46.60       46.15       46.50          9903900.00
03/16/2015       45.90       46.25       45.90       46.15          3540700.00
03/13/2015       45.55       46.00       45.55       45.90          2499200.00
03/12/2015       45.50       45.75       45.40       45.50          3859500.00
03/11/2015       45.40       45.65       45.25       45.40          2379100.00
03/10/2015       45.50       47.00       45.40       45.40          2762600.00
03/09/2015       45.60       45.70       45.40       45.40          1246400.00
03/06/2015       44.50       45.80       44.50       45.80          2975000.00
03/05/2015       44.30       45.00       44.30       44.40           763800.00
03/04/2015       44.25       44.50       44.00       44.30          2933100.00
03/03/2015       44.20       44.80       44.20       44.40          2929400.00
03/02/2015       44.40       45.00       44.40       44.70          1279500.00
02/27/2015       44.70       45.05       44.20       44.40          2806400.00
02/26/2015       44.50       44.55       43.95       44.00          3375200.00
02/25/2015       45.00       45.05       44.65       44.80          3250300.00
02/24/2015       44.50       45.00       44.40       44.90          1651500.00
02/23/2015       45.40       45.40       44.50       44.75          1484500.00
02/20/2015       44.50       44.80       44.45       44.65          3825000.00
02/18/2015       44.30       44.75       44.30       44.50          2276300.00
02/17/2015       44.30       44.80       44.30       44.50          1543100.00
02/16/2015       45.00       45.00       44.45       44.50           532200.00
02/13/2015       44.90       45.10       44.50       45.00          2680700.00
02/12/2015       44.10       44.80       44.10       44.50          1595000.00
02/11/2015       45.50       45.50       44.00       44.40          2981800.00
02/10/2015       45.00       45.50       45.00       45.30          4108500.00
02/09/2015       44.80       45.00       44.30       44.90           799700.00
02/06/2015       44.30       45.50       44.30       45.50          5761000.00
02/05/2015       44.90       45.10       44.35       45.10          3002900.00
02/04/2015       44.10       45.20       44.10       44.95          3121000.00
02/03/2015       44.00       44.95       43.85       44.40          4189000.00
02/02/2015       44.50       44.55       43.50       44.00          1682000.00
01/30/2015       44.20       44.60       44.10       44.50          3309000.00
01/29/2015       44.35       45.20       43.65       44.15          5324000.00
01/28/2015       44.95       45.40       44.35       44.95          3188200.00
01/27/2015       42.80       45.50       42.80       45.00          5860600.00
01/26/2015       42.70       42.95       42.60       42.80          5103100.00
01/23/2015       42.80       42.90       42.50       42.70          4432600.00
01/22/2015       42.10       42.50       42.10       42.40          1003600.00
01/21/2015       42.50       42.50       42.20       42.35          2236500.00
01/20/2015       42.45       42.60       42.10       42.20          2309800.00
01/19/2015       43.00       43.35       42.55       42.70           998900.00
01/14/2015       42.65       43.55       42.60       42.85          4919300.00
01/13/2015       42.85       42.85       42.50       42.65          1632400.00
01/12/2015       42.55       42.60       42.25       42.55          1791800.00
01/09/2015       42.45       42.65       42.25       42.60          2262100.00
01/08/2015       42.25       42.80       42.25       42.45          2038600.00
01/07/2015       42.25       42.70       42.25       42.55          1091000.00
01/06/2015       42.75       42.95       42.20       42.80          1816000.00
01/05/2015       42.60       43.00       42.60       42.95          1517200.00
