BDO  1216

12/27/2019      131.17      131.67      129.42      131.67          2694984.07
12/26/2019      127.75      131.17      127.75      131.17           431112.01
12/23/2019      131.50      133.17      127.58      130.83          2249568.05
12/20/2019      129.25      130.67      124.33      129.50          5489280.13
12/19/2019      133.25      133.25      125.83      129.00          2491296.06
12/18/2019      133.33      133.33      130.83      131.67          3496428.09
12/17/2019      130.17      134.17      128.83      134.17          1903476.05
12/16/2019      132.92      133.08      130.83      130.83          2111556.05
12/13/2019      131.42      134.83      130.92      133.42          2991324.07
12/12/2019      131.58      133.25      130.42      132.33          2072904.05
12/11/2019      133.25      133.25      130.83      131.58          1245084.03
12/10/2019      133.33      133.33      132.33      133.25          1316136.03
12/09/2019      131.58      133.33      131.50      133.33          3113988.08
12/06/2019      131.25      131.83      130.42      130.42          1896924.05
12/05/2019      132.50      132.50      130.83      131.67          2515800.06
12/04/2019      132.08      132.75      130.92      132.08          1751532.04
12/03/2019      132.75      132.75      129.50      132.08          1836708.04
12/02/2019      127.50      131.67      126.50      131.67          1469556.04
11/29/2019      129.00      129.00      125.92      126.50          1298316.03
11/28/2019      128.50      130.83      128.33      128.33          1732344.04
11/27/2019      125.17      131.67      125.17      130.83          3085128.08
11/26/2019      125.00      128.33      124.25      125.00         12937164.32
11/25/2019      126.75      127.42      124.25      125.00          2986368.07
11/22/2019      128.33      128.33      126.08      126.67          3858912.09
11/21/2019      131.50      131.50      128.58      128.58          2193204.05
11/20/2019      130.00      131.50      129.42      131.50          1138920.03
11/19/2019      129.17      131.17      128.92      131.17          1159884.03
11/18/2019      129.33      129.92      128.58      129.17          1045236.03
11/15/2019      130.00      130.83      129.33      130.00           822612.02
11/14/2019      129.42      130.00      128.33      130.00           893484.02
11/13/2019      129.17      130.00      128.75      129.42          1652700.04
11/12/2019      129.17      130.33      127.50      130.33          2608392.06
11/11/2019      132.92      132.92      128.50      129.17          2834604.07
11/08/2019      129.92      132.92      129.92      132.92          1126644.03
11/07/2019      131.67      132.92      128.75      132.92           966108.02
11/06/2019      133.33      133.33      130.42      131.67           816648.02
11/05/2019      130.83      133.33      130.17      133.33          2841264.07
11/04/2019      128.42      133.25      128.42      133.25          2537268.06
10/31/2019      129.17      129.33      128.42      129.08          2643024.06
10/30/2019      128.17      130.00      125.92      129.75          2489136.06
10/29/2019      126.67      127.50      125.75      126.75          2395032.06
10/28/2019      124.42      126.67      123.67      126.67          3939408.10
10/25/2019      124.33      124.33      122.58      123.17          1465008.04
10/24/2019      122.33      124.42      121.83      124.42          1425468.03
10/23/2019      122.92      122.92      120.83      122.33          1335996.03
10/22/2019      122.92      124.00      122.33      123.67          1535304.04
10/21/2019      121.58      124.08      121.50      124.08           746376.02
10/18/2019      124.58      124.58      121.33      121.33           767568.02
10/17/2019      123.75      124.58      122.75      124.58           853416.02
10/16/2019      123.67      124.17      121.67      124.17          1516920.04
10/15/2019      122.75      123.75      121.67      123.75           589344.01
10/14/2019      122.50      123.50      122.50      122.75           701592.02
10/11/2019      120.83      122.50      119.75      122.50          1446120.04
10/10/2019      119.50      120.83      119.50      120.83           712656.02
10/09/2019      119.08      119.67      118.33      119.50           766308.02
10/08/2019      118.33      121.17      116.92      119.17          2343120.06
10/07/2019      119.17      119.67      116.67      116.67           895356.02
10/04/2019      115.00      119.58      115.00      119.58          1304052.03
10/03/2019      114.58      116.17      114.33      115.00          1728060.04
10/02/2019      119.75      119.75      114.17      114.17          2378316.06
10/01/2019      119.17      120.00      117.50      119.58          1250412.03
09/30/2019      120.83      120.83      117.92      119.17          1887732.05
09/27/2019      121.67      121.67      117.58      120.83          1579632.04
09/26/2019      119.17      121.75      118.33      121.67          1749420.04
09/25/2019      118.75      119.00      116.83      119.00          1607160.04
09/24/2019      118.33      119.17      118.08      118.83          1284156.03
09/23/2019      117.50      118.83      116.67      117.92          1086768.03
09/20/2019      116.83      117.50      116.67      117.00          6931296.17
09/19/2019      116.42      117.25      116.33      116.83           784416.02
09/18/2019      115.42      116.50      115.42      116.42          1796460.04
09/17/2019      118.33      118.67      114.50      114.50          3477240.08
09/16/2019      118.75      118.92      117.75      118.67          1389360.03
09/13/2019      118.42      119.58      117.75      118.83          2717244.07
09/12/2019      119.17      119.67      118.17      118.17          1383324.03
09/11/2019      120.00      120.00      118.00      119.17          2876472.07
09/10/2019      118.75      119.42      118.50      119.17          1639320.04
09/09/2019      119.58      120.00      118.75      118.75          1867284.05
09/06/2019      120.83      120.83      118.75      118.75          1815528.04
09/05/2019      120.92      122.08      120.17      120.83          2681928.07
09/04/2019      119.50      121.58      119.42      120.83          1901724.05
09/03/2019      121.67      122.42      118.33      118.33          1756752.04
09/02/2019      123.33      123.33      120.83      120.83           664356.02
08/30/2019      122.33      124.58      121.33      124.17          2999880.07
08/29/2019      120.83      122.50      118.75      122.50          2203872.05
08/28/2019      120.67      122.00      120.50      120.83          2198892.05
08/27/2019      123.67      123.67      120.00      121.25          6074628.15
08/23/2019      122.50      123.50      120.25      123.50          2783688.07
08/22/2019      120.83      122.50      119.42      122.50          2794428.07
08/20/2019      122.50      122.50      120.08      120.83          1265772.03
08/19/2019      119.17      123.75      118.50      122.33          2307468.06
08/16/2019      120.00      122.08      118.33      118.33          1841820.04
08/15/2019      119.25      121.67      117.08      120.83          2579868.06
08/14/2019      118.33      123.75      118.33      123.75          2180772.05
08/13/2019      121.83      121.92      117.50      120.17          2363232.06
08/09/2019      121.67      123.25      121.67      122.08          2436876.06
08/08/2019      124.83      124.83      121.67      121.67          2085996.05
08/07/2019      120.17      124.83      120.17      124.83          2001528.05
08/06/2019      120.83      121.83      116.92      120.00          2733420.07
08/05/2019      124.17      124.42      121.33      121.67          2823648.07
08/02/2019      124.83      125.00      123.33      125.00          2699376.07
08/01/2019      122.08      125.33      121.67      125.00          2632632.06
07/31/2019      123.33      124.92      122.08      122.50          2540952.06
07/30/2019      124.17      124.17      122.83      123.67          1668504.04
07/29/2019      123.75      124.75      122.50      123.75          1556100.04
07/26/2019      125.00      127.08      122.67      123.50          2390844.06
07/25/2019      122.75      126.58      121.17      126.58          2695284.07
07/24/2019      125.00      125.75      122.50      122.92          1584096.04
07/23/2019      124.17      126.67      121.83      125.83          2510904.06
07/22/2019      121.50      124.50      121.33      124.50          1982760.05
07/19/2019      123.25      124.58      122.58      123.33          1508844.04
07/18/2019      123.25      125.00      123.08      123.17          1336644.03
07/17/2019      122.75      123.58      122.67      122.67          1391328.03
07/16/2019      128.33      128.33      121.67      121.83          4670916.11
07/15/2019      123.50      128.33      123.42      128.33          4225620.10
07/12/2019      120.92      124.25      120.92      123.50          2603340.06
07/11/2019      118.42      120.83      117.58      120.83          3026832.07
07/10/2019      118.75      119.08      117.92      118.58          1845132.05
07/09/2019      117.58      119.17      117.58      118.75           968160.02
07/08/2019      119.17      119.17      117.58      117.58           881232.02
07/05/2019      115.83      119.17      115.83      119.17          2979768.07
07/04/2019      116.17      118.25      116.17      117.83          2793048.07
07/03/2019      115.83      116.67      115.67      116.17          4880460.12
07/02/2019      116.25      116.67      115.33      116.25          2951400.07
07/01/2019      116.67      117.33      115.83      116.25          2700408.07
06/28/2019      117.92      117.92      115.75      116.67         10965744.27
06/27/2019      118.33      119.00      118.00      118.75          2670000.07
06/26/2019      117.50      118.50      117.50      118.33          3893016.09
06/25/2019      118.17      119.33      115.33      117.50          2990172.07
06/24/2019      117.75      119.50      116.75      117.92          3522972.09
06/21/2019      116.83      117.75      115.92      117.75          4400412.11
06/20/2019      116.00      116.67      115.00      116.67          1715292.04
06/19/2019      115.17      116.58      115.17      116.33          1901976.05
06/18/2019      115.00      115.58      114.50      115.17          2875392.07
06/17/2019      116.67      116.67      114.58      114.92          2274312.06
06/14/2019      116.67      116.67      115.08      116.67          2226036.05
06/13/2019      116.42      117.25      116.42      116.67          4238604.10
06/11/2019      116.25      116.83      116.25      116.58          4083444.10
06/10/2019      116.50      117.17      115.83      116.25          5576280.14
06/07/2019      115.83      116.50      115.17      116.50          1612332.04
06/06/2019      114.58      116.00      112.92      115.00          2703348.07
06/04/2019      115.00      116.50      112.92      114.58          1707060.04
06/03/2019      114.17      115.83      112.58      114.58          3550536.09
05/31/2019      113.33      115.33      113.00      115.00          6138828.15
05/30/2019      112.50      115.25      111.50      113.92          3228624.08
05/29/2019      110.50      111.67      110.50      111.25          2631060.06
05/28/2019      109.67      112.50      109.25      110.00          9503556.23
05/27/2019      111.42      111.67      109.25      110.00          1481940.04
05/24/2019      111.00      113.17      109.17      111.42          3257820.08
05/23/2019      111.75      112.08      110.58      112.08          1177620.03
05/22/2019      110.83      112.08      110.00      112.08          1197744.03
05/21/2019      108.75      111.08      108.33      110.83          1150212.03
05/20/2019      108.42      109.50      106.67      109.08          1117140.03
05/17/2019      108.42      110.33      108.42      109.08          7878948.19
05/16/2019      108.33      108.42      105.08      107.08          4496892.11
05/15/2019      108.58      110.42      108.58      109.58          2245716.05
05/14/2019      110.42      110.83      107.08      108.50          5977128.15
05/10/2019      111.83      113.33      110.83      113.17          1786836.04
05/09/2019      114.17      115.75      111.58      111.67          8589996.21
05/08/2019      112.42      116.58      109.92      116.58          3380820.08
05/07/2019      114.08      114.17      112.42      113.25          2187192.05
05/06/2019      115.58      115.58      112.50      112.50          1230204.03
05/03/2019      113.83      117.92      113.75      115.83          3920280.10
05/02/2019      111.67      113.75      111.33      113.25          3066360.07
04/30/2019      111.50      111.67      111.00      111.67          1604748.04
04/29/2019      111.50      111.75      110.83      111.50           966024.02
04/26/2019      111.67      111.67      110.00      111.67          2427168.06
04/25/2019      111.67      111.83      111.50      111.67          2470116.06
04/24/2019      111.33      111.50      111.17      111.33          2911524.07
04/23/2019      111.58      111.67      110.50      111.33          2270100.06
04/22/2019      109.75      111.67      109.58      110.83          1966440.05
04/17/2019      108.33      110.92      108.33      110.00          1680348.04
04/16/2019      110.17      110.17      108.33      108.33          1625136.04
04/15/2019      110.25      111.17      109.75      110.17          1829664.04
04/12/2019      110.33      110.33      109.33      110.00           624636.02
04/11/2019      109.58      110.00      109.33      109.67          1541472.04
04/10/2019      109.92      109.92      108.33      109.08          3229524.08
04/08/2019      109.17      110.00      108.33      108.75          1409112.03
04/05/2019      108.75      110.08      108.75      109.42          2534496.06
04/04/2019      110.17      110.17      108.17      108.75          1640304.04
04/03/2019      109.92      110.17      109.42      109.75          1955580.05
04/02/2019      109.08      110.67      108.67      109.58          1621848.04
04/01/2019      111.67      111.67      108.33      108.33          2648088.06
03/29/2019      110.25      111.58      110.25      111.50          2597016.06
03/28/2019      110.83      110.83      110.17      110.50          1540692.04
03/27/2019      110.00      110.83      109.33      110.00          1998288.05
03/26/2019      110.33      110.83      109.67      110.00          1743360.04
03/25/2019      111.50      111.50      107.92      110.33          1853184.05
03/22/2019      110.83      111.67      110.42      111.58          3271812.08
03/21/2019      110.67      110.83      109.67      110.83          2430876.06
03/20/2019      109.17      110.42      109.17      110.00          3232044.08
03/19/2019      109.17      110.42      108.83      109.58          2893044.07
03/18/2019      110.00      110.83      108.67      110.00          4318284.11
03/15/2019      109.83      110.00      108.75      110.00          5686932.14
03/14/2019      110.33      110.67      109.33      110.00          1363500.03
03/13/2019      110.83      110.83      110.00      110.67          1703916.04
03/12/2019      109.75      111.67      108.42      111.67          1523688.04
03/11/2019      110.83      110.83      108.33      109.75          2256780.06
03/08/2019      111.50      111.50      109.58      110.83          1003032.02
03/07/2019      108.42      111.25      106.75      111.25          1952076.05
03/06/2019      106.25      108.42      105.83      108.42          1993248.05
03/05/2019      104.75      106.67      104.67      106.25          1711056.04
03/04/2019      103.33      104.67      103.17      104.67          2640804.06
03/01/2019      107.50      108.08      101.25      103.08          6601608.16
02/28/2019      111.67      111.67      106.33      106.33          4010436.10
02/27/2019      110.25      112.25      109.17      111.25          6904524.17
02/26/2019      108.83      109.42      108.17      109.17          8956692.22
02/22/2019      107.42      107.67      107.08      107.50          2310408.06
02/21/2019      108.17      108.75      107.50      107.50          2802000.07
02/20/2019      107.08      108.50      106.92      107.92          5150700.13
02/19/2019      111.08      111.08      107.08      107.67          5525844.13
02/18/2019      111.42      111.75      111.00      111.25          3603276.09
02/15/2019      113.33      115.67      111.08      111.33         10190856.25
02/14/2019      114.58      117.83      114.42      117.17          3776568.09
02/13/2019      115.83      116.17      113.67      114.58          3277428.08
02/12/2019      114.83      115.83      113.33      115.83          1844652.05
02/11/2019      116.58      117.08      115.00      115.00          4255068.10
02/08/2019      116.58      116.67      115.00      116.00          3153888.08
02/07/2019      116.67      118.17      116.42      116.83          2765124.07
02/06/2019      116.92      118.92      116.50      116.50          2570088.06
02/04/2019      115.83      117.08      115.08      115.42          1681464.04
02/01/2019      114.33      116.67      114.25      116.67          4081872.10
01/31/2019      113.42      116.67      112.50      112.50          6652560.16
01/30/2019      115.33      116.00      112.25      113.33          6203676.15
01/29/2019      115.00      116.50      114.58      116.17          3454056.08
01/28/2019      113.75      116.08      113.50      115.00          4487184.11
01/25/2019      112.67      114.92      112.58      113.75          3947520.10
01/24/2019      109.83      112.83      109.83      112.50          4530012.11
01/23/2019      109.33      110.75      108.25      110.75          1171464.03
01/22/2019      109.75      109.83      108.33      109.83          2118384.05
01/21/2019      110.42      110.67      108.00      108.33          1429476.03
01/18/2019      109.58      112.50      109.50      110.00          8444700.21
01/17/2019      107.67      109.17      106.75      109.17          2702016.07
01/16/2019      109.08      109.58      107.92      107.92          1299936.03
01/15/2019      109.67      109.67      107.58      109.08          3191016.08
01/14/2019      106.92      110.00      106.92      109.67          2490732.06
01/11/2019      108.75      109.42      106.50      109.42          3689484.09
01/10/2019      109.75      110.42      109.00      109.42          4822152.12
01/09/2019      108.75      109.83      108.42      108.58          5596236.14
01/08/2019      108.33      109.17      107.50      107.50          1578504.04
01/07/2019      110.83      111.08      107.92      107.92          1823940.04
01/04/2019      107.83      110.67      106.75      110.67          2191164.05
01/03/2019      106.67      107.92      105.67      107.92          3558084.09
01/02/2019      108.83      110.83      105.83      105.83          1347096.03
12/28/2018      108.08      110.33      107.92      109.00          4870248.12
12/27/2018      105.83      108.33      105.83      108.08          1759392.04
12/26/2018      105.00      106.33      101.67      105.83          3136176.08
12/21/2018      107.92      107.92      106.50      107.50          5955120.15
12/20/2018      106.75      107.75      105.92      107.75          1700976.04
12/19/2018      104.67      108.75      104.67      108.75          2338152.06
12/18/2018      106.92      107.17      104.58      104.58          3364644.08
12/17/2018      108.08      109.17      106.50      108.17          2582076.06
12/14/2018      107.50      108.75      105.92      108.08          1485708.04
12/13/2018      107.50      109.17      105.92      108.75          3394008.08
12/12/2018      108.42      109.33      105.42      105.58          3160608.08
12/11/2018      107.92      108.92      107.92      108.33          1196160.03
12/10/2018      110.83      110.83      106.67      106.67          1507152.04
12/07/2018      110.83      111.42      109.33      111.00          3609924.09
12/06/2018      112.25      112.25      109.17      111.50          2172816.05
12/05/2018      112.50      112.92      111.67      112.33          2918064.07
12/04/2018      111.00      113.67      111.00      113.33          4635456.11
12/03/2018      111.25      112.42      110.83      111.00          4842888.12
11/29/2018      107.00      108.75      107.00      108.50         11316060.28
11/28/2018      108.50      108.67      106.25      107.58          2067984.05
11/27/2018      106.67      108.50      105.42      108.50          3370860.08
11/26/2018      107.50      108.00      104.58      106.67          2039904.05
11/23/2018      105.00      107.92      104.83      106.67          2709192.07
11/22/2018      104.92      106.33      103.17      105.83          1722636.04
11/21/2018      105.50      107.42      105.00      105.83          1888608.05
11/20/2018      106.83      108.33      105.08      107.75          3047568.07
11/19/2018      102.92      108.08      102.75      108.08          3276792.08
11/16/2018       98.33      103.33       98.33      103.33          3489264.09
11/15/2018       95.83       99.17       95.83       98.33          1001664.02
11/14/2018       95.00       96.17       94.75       95.50          1352412.03
11/13/2018       96.67       97.08       94.92       94.92          2056368.05
11/12/2018       98.33       99.00       96.67       96.67           577776.01
11/09/2018       99.17       99.17       97.58       98.33          1177908.03
11/08/2018       98.75      100.17       95.83       99.17          2018556.05
11/07/2018      100.83      100.83       98.75       99.17           964368.02
11/06/2018      101.92      103.33      100.42      101.33          1404660.03
11/05/2018      103.33      104.08      101.83      101.83         10725084.26
10/31/2018      101.67      102.50      100.25      102.00          3709752.09
10/30/2018       97.58      102.50       97.58      102.50          1912872.05
10/29/2018       96.83       99.83       96.75       98.58          1140516.03
10/26/2018       95.92       97.33       95.67       96.67           787032.02
10/25/2018       98.33       98.33       94.25       95.83          2852688.07
10/24/2018      101.67      102.08       99.42       99.42           852720.02
10/23/2018      102.42      102.50      100.92      102.25          2107104.05
10/22/2018      100.00      102.58       98.75      102.42          2220960.05
10/19/2018       98.58      100.83       97.83       99.83          2208768.05
10/18/2018       97.33       98.67       95.92       98.67           867864.02
10/17/2018       94.17       97.33       94.17       96.75          2020236.05
10/16/2018       91.75       93.67       91.17       93.33          2504100.06
10/15/2018       92.50       94.50       91.58       91.58          2624352.06
10/12/2018       90.75       91.92       89.50       91.67          2170764.05
10/11/2018       91.67       93.67       88.83       90.75          6876960.17
10/10/2018       94.58       95.83       91.33       91.67          5077248.12
10/09/2018       95.00       95.83       93.92       94.17          1658796.04
10/08/2018       96.17       97.50       95.00       95.00          1725696.04
10/05/2018       97.50       97.50       95.83       96.00          1265292.03
10/04/2018      100.00      100.00       96.75       97.50          1531416.04
10/03/2018       99.58      100.83       98.75      100.00          1028268.03
10/02/2018      100.67      100.83       98.50       99.58          2984148.07
10/01/2018       99.08      100.25       97.92      100.00          1471272.04
09/28/2018       96.67       99.83       96.67       99.83          2802324.07
09/27/2018       96.75       97.33       95.00       96.42          1258416.03
09/26/2018       97.75       98.33       95.00       95.00          2350656.06
09/25/2018      100.83      100.83       97.92       99.17           552552.01
09/24/2018      100.50      100.83       97.92      100.83          2172372.05
09/21/2018       93.42      100.50       93.42      100.50          4703340.11
09/20/2018       93.33       94.17       92.08       93.42          1630284.04
09/19/2018       93.50       94.83       93.17       93.33          1530348.04
09/18/2018       95.83       95.92       93.17       93.33          4195344.10
09/17/2018       97.50       97.67       94.17       95.83          2400648.06
09/14/2018       98.67       98.83       96.67       97.50          2592012.06
09/13/2018       95.17       97.50       95.17       97.50          4510284.11
09/12/2018       98.33       98.92       95.00       95.00          3163476.08
09/11/2018       99.17       99.17       97.17       98.33          2162688.05
09/10/2018      100.17      100.17       97.17       99.42          2717052.07
09/07/2018      100.42      101.25       98.75      100.17          2613780.06
09/06/2018      103.00      103.33       98.33      100.25          6224448.15
09/05/2018      108.33      108.33      102.50      102.75          4330824.11
09/04/2018      108.17      108.58      108.00      108.25          6397188.16
09/03/2018      109.17      109.25      107.92      108.17          3130020.08
08/31/2018      108.75      108.75      106.92      108.42          3637908.09
08/30/2018      108.33      109.75      107.58      108.33          4646544.11
08/29/2018      108.33      108.75      107.50      107.92          2213856.05
08/28/2018      106.75      109.00      106.67      109.00          2916432.07
08/24/2018      106.67      107.50      105.42      106.67           983076.02
08/23/2018      105.50      107.25      104.75      106.50          3469632.08
08/22/2018      108.25      108.25      104.17      105.42          2295876.06
08/20/2018      108.08      109.50      105.08      105.42          1087632.03
08/17/2018      109.50      109.92      106.75      106.75          1646700.04
08/16/2018      107.25      109.58      107.25      109.33          1913652.05
08/15/2018      106.00      107.50      105.83      107.25          1088688.03
08/14/2018      106.50      106.75      105.08      105.83           981288.02
08/13/2018      107.92      107.92      106.33      106.42          1134360.03
08/10/2018      108.42      109.00      106.50      107.92          2287992.06
08/09/2018      108.67      108.75      107.08      108.17          1717608.04
08/08/2018      108.08      109.75      107.50      108.67          2999088.07
08/07/2018      112.50      112.50      107.92      107.92          2177220.05
08/06/2018      114.00      114.00      112.50      112.50          1889724.05
08/03/2018      113.08      114.00      110.33      114.00          1954116.05
08/02/2018      113.75      113.75      112.42      112.92          1935132.05
08/01/2018      110.00      114.00      110.00      114.00          3251424.08
07/31/2018      112.25      112.33      107.92      110.00          5687952.14
07/30/2018      114.00      114.00      111.67      111.67          4150164.10
07/27/2018      114.58      114.58      110.50      114.17          2668476.07
07/26/2018      112.50      115.00      112.50      114.58          3871164.09
07/25/2018      108.17      114.00      108.17      112.50          3582636.09
07/24/2018      109.08      109.08      107.00      107.50          1344168.03
07/23/2018      109.58      109.75      108.50      109.08          1478160.04
07/20/2018      109.00      110.00      107.33      110.00           906204.02
07/19/2018      109.17      109.17      107.17      108.00           756120.02
07/18/2018      107.58      108.33      106.67      108.33          1011804.02
07/17/2018      106.58      109.58      106.08      107.50          1304556.03
07/16/2018      107.42      107.50      106.50      106.58           857652.02
07/13/2018      107.50      108.08      106.92      107.42          2079576.05
07/12/2018      108.33      108.58      106.67      107.50          1125972.03
07/11/2018      109.17      110.17      107.92      107.92          1318596.03
07/10/2018      108.42      109.33      108.00      109.17          3052596.07
07/09/2018      107.08      107.92      106.67      107.92           915804.02
07/06/2018      106.67      107.08      105.83      107.08          2612388.06
07/05/2018      106.67      106.67      105.75      106.67          3783552.09
07/04/2018      105.58      107.17      104.17      107.17          2582256.06
07/03/2018      105.00      108.17      105.00      105.00          1160820.03
07/02/2018      104.58      105.83      104.08      105.00          1619124.04
06/29/2018      103.50      105.00      103.25      104.58          4214904.10
06/28/2018      103.00      104.42      102.58      104.17          2403480.06
06/27/2018      102.75      104.42      102.42      103.33          4319508.11
06/26/2018      103.92      105.00      103.00      103.33          5451396.13
06/25/2018      107.50      107.50      103.50      104.17          3694752.09
06/22/2018      104.92      106.67      104.17      104.58          4705656.11
06/21/2018      106.92      107.50      105.00      105.00          4316028.11
06/20/2018      108.33      109.58      106.67      107.50          2191356.05
06/19/2018      110.00      110.08      108.33      108.75          6828300.17
06/18/2018      109.17      111.67      105.83      111.67          4164156.10
06/14/2018      111.67      114.83      110.83      113.33          5914512.14
06/13/2018      114.58      114.58      110.00      113.33          3355512.08
06/11/2018      113.33      114.58      112.50      114.58           913032.02
06/08/2018      113.75      114.25      111.83      114.25          1845048.05
06/07/2018      108.92      114.17      108.92      114.17          2845848.07
06/06/2018      108.33      109.75      107.67      108.92          3045252.07
06/05/2018      106.92      108.08      106.67      107.50          2251428.05
06/04/2018      109.08      110.00      105.83      106.67          2214468.05
06/01/2018      108.33      111.67      106.67      109.17          1922292.05
05/31/2018      107.67      108.75      105.83      108.75          7919880.19
05/30/2018      108.17      108.17      104.17      106.67          4211004.10
05/29/2018      109.00      109.00      107.50      108.25          1421580.03
05/28/2018      108.67      109.00      105.50      109.00           852588.02
05/25/2018      107.50      108.50      106.25      108.17          1383888.03
05/24/2018      105.08      107.25      105.00      107.08          1279500.03
05/23/2018      106.67      106.67      105.00      105.00          1762680.04
05/22/2018      108.33      108.83      106.33      106.33          1480788.04
05/21/2018      110.00      110.00      107.83      107.83          1318128.03
05/18/2018      110.75      110.75      108.33      110.25          1121484.03
05/17/2018      112.92      113.75      109.58      109.58          2453280.06
05/16/2018      111.92      114.08      111.00      114.08          1705116.04
05/15/2018      110.83      115.00      110.42      111.58          3859248.09
05/11/2018      108.25      112.50      108.25      110.83          2511348.06
05/10/2018      105.00      108.08      105.00      107.25          1949652.05
05/09/2018      105.83      105.83      103.92      105.08          1965840.05
05/08/2018      106.83      108.08      105.42      106.25          3827940.09
05/07/2018      108.33      108.33      106.75      107.08          3331476.08
05/04/2018      105.83      106.67      105.58      106.67          3606192.09
05/03/2018      110.17      110.17      105.67      105.67          2608680.06
05/02/2018      109.75      111.17      109.00      110.25          3741792.09
04/30/2018      108.75      110.33      108.75      109.75          3151140.08
04/27/2018      107.50      110.08      107.25      108.33          2262972.06
04/26/2018      108.33      109.17      107.00      107.50          1851888.05
04/25/2018      108.75      110.33      106.75      108.33          2453844.06
04/24/2018      109.08      109.67      108.33      109.00          4130244.10
04/23/2018      111.67      111.83      108.33      109.08          7591236.19
04/20/2018      111.33      114.33      109.92      111.67          6034164.15
04/19/2018      110.83      114.33      109.17      111.33          5422020.13
04/18/2018      111.00      114.17      111.00      114.17          2116608.05
04/17/2018      114.75      114.75      110.25      110.83          2116152.05
04/16/2018      115.83      115.83      114.42      114.92          1370952.03
04/13/2018      115.83      116.58      115.08      115.25          1503276.04
04/12/2018      115.00      115.83      114.50      115.83          1927080.05
04/11/2018      114.08      115.83      112.50      114.42          4918932.12
04/10/2018      111.67      115.42      111.58      113.92          3241872.08
04/06/2018      116.25      116.58      111.58      112.17          2092464.05
04/05/2018      115.83      117.00      115.00      115.67           999444.02
04/04/2018      117.17      117.50      115.50      115.75          2134032.05
04/03/2018      115.00      117.75      115.00      117.08          2286096.06
04/02/2018      114.17      116.83      113.50      116.83          1748592.04
03/28/2018      116.50      116.58      115.00      115.83          2929440.07
03/27/2018      115.42      117.50      115.42      116.67          2932236.07
03/26/2018      116.33      116.50      114.33      115.00          4675848.11
03/23/2018      118.33      118.33      115.42      116.67          6119952.15
03/22/2018      119.83      121.00      118.25      119.58          2695788.07
03/21/2018      120.08      120.25      115.42      118.33          4939356.12
03/20/2018      124.00      124.00      120.00      120.83          4659516.11
03/19/2018      123.33      125.00      121.67      124.17          1556316.04
03/16/2018      121.58      123.33      118.58      122.17          6046440.15
03/15/2018      123.33      124.92      119.83      121.17          3657012.09
03/14/2018      124.58      125.00      122.75      125.00          1924752.05
03/13/2018      127.08      127.08      124.25      124.58          2456436.06
03/12/2018      126.58      127.75      124.17      127.75          1774896.04
03/09/2018      127.33      127.33      124.17      124.17          1120092.03
03/08/2018      128.33      128.33      124.92      125.00          1561896.04
03/07/2018      125.00      129.00      124.58      129.00          1746072.04
03/06/2018      125.17      127.50      124.58      125.00          1918632.05
03/05/2018      129.17      129.17      125.75      125.83          1533396.04
03/02/2018      127.50      129.17      125.17      129.17          1692276.04
03/01/2018      129.58      129.58      126.92      127.67           773544.02
02/28/2018      130.00      130.00      127.58      129.83          2954052.07
02/27/2018      125.83      130.83      125.83      130.83          3279468.08
02/26/2018      123.75      125.00      122.50      125.00          2706456.07
02/23/2018      125.83      127.42      122.50      122.50          2768436.07
02/22/2018      125.00      125.42      123.75      125.00          3705636.09
02/21/2018      126.67      126.75      125.00      125.00          3199116.08
02/20/2018      129.83      129.83      126.33      127.25          2417604.06
02/19/2018      125.00      131.67      125.00      130.00          4384032.11
02/15/2018      127.50      127.50      125.08      125.25          1275564.03
02/14/2018      125.00      127.50      123.67      127.50           915708.02
02/13/2018      125.00      127.00      124.25      125.00          1449492.04
02/12/2018      129.00      129.00      123.67      125.00          1277640.03
02/09/2018      125.83      127.25      124.17      125.00          2035116.05
02/08/2018      127.50      128.75      126.92      128.08          2185092.05
02/07/2018      125.42      127.50      124.92      127.50          3865740.09
02/06/2018      123.33      125.00      121.75      125.00          5273256.13
02/05/2018      126.83      126.83      124.92      125.42          6059436.15
02/02/2018      127.08      129.17      127.08      127.92          2658060.06
02/01/2018      126.25      128.50      125.42      127.08          3115320.08
01/31/2018      129.50      129.50      126.33      127.50          5826696.14
01/30/2018      130.00      130.00      128.75      129.58          4468212.11
01/29/2018      131.25      132.08      129.50      130.42          5257140.13
01/26/2018      131.25      131.75      130.33      131.25          3335988.08
01/25/2018      131.58      131.67      130.42      130.83          3279144.08
01/24/2018      132.92      132.92      130.75      131.58          4021356.10
01/23/2018      132.50      133.33      131.83      132.92          3842568.09
01/22/2018      132.92      133.50      131.67      132.50          2567784.06
01/19/2018      131.83      135.00      131.67      132.92          3802608.09
01/18/2018      133.17      133.17      130.75      130.83          6556344.16
01/17/2018      134.25      135.08      132.08      133.33          4242828.10
01/16/2018      137.50      137.50      134.17      134.17          2810028.07
01/15/2018      138.33      138.75      135.83      135.83          1948416.05
01/12/2018      137.92      139.75      136.67      137.42          3774432.09
01/11/2018      137.67      138.25      136.50      137.50          4200288.10
01/10/2018      137.17      137.75      136.17      137.33          1653204.04
01/09/2018      131.67      137.17      131.25      137.17          2001744.05
01/08/2018      133.42      133.42      129.33      130.25          4066020.10
01/05/2018      133.33      133.92      133.00      133.33          5425404.13
01/04/2018      134.17      134.33      132.58      133.33          4099632.10
01/03/2018      136.25      136.50      133.42      134.17          4783104.12
12/29/2017      131.83      138.75      131.67      136.67          5449272.13
12/28/2017      130.00      132.08      129.33      131.83          3669708.09
12/27/2017      127.92      129.92      127.50      129.83          2155044.05
12/22/2017      125.08      128.00      125.08      128.00           870240.02
12/21/2017      126.25      126.67      124.67      125.08          2231376.05
12/20/2017      125.33      127.33      125.33      126.17          2523276.06
12/19/2017      128.25      128.33      125.25      125.25          4359528.11
12/18/2017      130.83      130.83      128.75      129.00          1953480.05
12/15/2017      129.17      130.83      128.92      130.83          2999856.07
12/14/2017      127.92      129.17      126.67      129.17          2072496.05
12/13/2017      127.50      127.92      125.42      127.92          2471160.06
12/12/2017      127.50      127.50      124.58      127.50          2045604.05
12/11/2017      122.50      127.50      121.67      127.50          2949672.07
12/08/2017      120.00      123.33      120.00      123.33          1955868.05
12/07/2017      121.25      121.67      119.58      121.67          1321992.03
12/06/2017      121.08      122.50      120.92      121.25          2116656.05
12/05/2017      120.92      122.42      119.00      122.08          2958900.07
12/04/2017      121.67      121.67      118.83      121.50          4587900.11
12/01/2017      123.17      125.33      122.00      122.50          4402320.11
11/29/2017      120.67      122.00      119.17      121.67          6396420.16
11/28/2017      119.17      120.83      119.17      120.75          1577100.04
11/27/2017      120.92      121.25      119.92      120.58          1429056.03
11/24/2017      121.67      121.75      120.83      120.92          1034316.03
11/23/2017      122.08      122.08      121.08      121.58          1278684.03
11/22/2017      124.17      124.58      120.42      120.42          1024896.03
11/21/2017      124.17      124.58      122.08      124.17          1000080.02
11/20/2017      122.08      124.25      122.08      123.92          1796184.04
11/17/2017      122.08      122.50      121.17      121.83          3771492.09
11/16/2017      117.50      123.42      117.50      121.75          4164120.10
11/15/2017      118.33      119.92      117.08      117.50          2334864.06
11/14/2017      120.75      120.83      118.17      118.83          1827264.04
11/13/2017      122.92      122.92      120.25      120.83          1825836.04
11/10/2017      122.50      123.83      122.08      123.00          3389040.08
11/09/2017      121.67      122.42      120.08      120.83          1581144.04
11/08/2017      119.75      121.67      119.75      121.67          1643292.04
11/07/2017      121.00      121.42      117.50      120.83          1811856.04
11/06/2017      120.00      122.25      119.25      120.42          3208848.08
11/03/2017      120.00      123.42      119.83      120.00          3810792.09
11/02/2017      115.00      122.33      114.58      120.00          5038428.12
10/30/2017      115.00      115.00      112.17      114.58          2732664.07
10/27/2017      112.58      115.00      111.33      115.00          1710156.04
10/26/2017      111.75      112.50      110.08      112.50          2509560.06
10/25/2017      113.33      115.00      110.83      111.67          4916640.12
10/24/2017      117.42      117.42      113.33      113.33          5670996.14
10/23/2017      118.83      118.83      115.92      117.42          1265268.03
10/20/2017      121.00      121.67      118.33      119.17          3940416.10
10/19/2017      118.92      123.25      118.83      122.50          1811688.04
10/18/2017      119.67      120.83      118.08      120.67          3611688.09
10/17/2017      120.08      124.17      119.58      119.58          7661220.19
10/13/2017      115.83      119.42      115.58      119.42          3544644.09
10/12/2017      116.17      116.25      114.67      115.58          2281836.06
10/11/2017      114.17      116.58      113.75      116.58          3122460.08
10/10/2017      112.00      113.75      111.67      113.75          1608528.04
10/09/2017      111.67      112.50      111.25      112.00          1351212.03
10/06/2017      112.50      112.92      111.08      111.08          2256840.06
10/05/2017      112.50      112.58      111.67      112.00          4123824.10
10/04/2017      110.50      112.92      110.50      112.50          4590636.11
10/03/2017      108.33      111.67      108.33      110.17          4978668.12
10/02/2017      109.17      109.58      108.33      108.33          1526076.04
09/29/2017      108.58      109.50      108.33      108.92          2124456.05
09/28/2017      108.33      110.00      108.17      108.33          4573548.11
09/27/2017      107.92      108.42      107.50      108.08          3758100.09
09/26/2017      107.92      107.92      107.50      107.92          3195804.08
09/25/2017      107.75      107.92      107.42      107.83           905700.02
09/22/2017      108.17      108.17      107.42      107.75          2125692.05
09/21/2017      108.25      108.33      107.67      108.17          2317512.06
09/20/2017      108.33      108.58      108.08      108.25          4264032.10
09/19/2017      108.58      108.58      107.83      108.17          4592340.11
09/18/2017      107.42      108.83      107.42      108.42          3612312.09
09/15/2017      108.17      108.17      107.08      107.42          5454912.13
09/14/2017      107.42      108.33      107.17      108.17          2984124.07
09/13/2017      106.92      107.50      106.83      107.33          6284436.15
09/11/2017      106.58      107.00      106.42      106.67          2686908.07
09/08/2017      106.67      106.67      106.25      106.42          2452572.06
09/07/2017      106.67      106.75      106.25      106.58          2794116.07
09/06/2017      106.67      106.83      105.83      106.25          5092044.12
09/05/2017      106.67      107.08      106.67      107.08          2930424.07
09/04/2017      106.67      107.67      105.92      107.08          3501192.09
08/31/2017      106.67      106.75      105.83      105.92          2882556.07
08/30/2017      106.67      107.00      106.17      106.67          2562528.06
08/29/2017      106.67      107.17      106.25      106.50          2472780.06
08/25/2017      106.17      106.17      105.58      105.92          4338888.11
08/24/2017      106.50      106.83      105.58      106.25          1635948.04
08/23/2017      107.17      107.83      106.58      106.58          1965756.05
08/22/2017      108.50      108.50      107.17      107.17          2403636.06
08/18/2017      108.33      108.75      107.92      108.50          1619652.04
08/17/2017      107.42      109.25      107.33      108.83          4318380.11
08/16/2017      107.33      108.50      107.08      107.33          2783652.07
08/15/2017      107.92      108.33      107.17      107.33          1441344.04
08/14/2017      107.75      108.75      107.50      107.50           977100.02
08/11/2017      108.25      108.25      107.58      107.75          1676640.04
08/10/2017      108.33      109.17      107.58      108.33          1515108.04
08/09/2017      108.33      108.67      106.58      108.33          1542972.04
08/08/2017      108.33      110.08      108.25      109.17          7304148.18
08/07/2017      106.67      108.17      106.25      107.50          5133468.13
08/04/2017      106.33      107.50      105.83      106.25          1821624.04
08/03/2017      105.83      107.58      105.75      105.83          3182136.08
08/02/2017      104.17      109.75      104.17      105.00          5760312.14
08/01/2017      104.58      104.58      103.50      103.75          2801352.07
07/31/2017      104.25      104.92      103.17      104.92          2354208.06
07/28/2017      102.42      104.17      102.33      104.17          3223500.08
07/27/2017      102.92      103.58      102.17      102.42          2643216.06
07/26/2017      101.83      103.08      101.75      102.75          1848768.05
07/25/2017      102.92      102.92      101.67      101.83           777468.02
07/24/2017      102.50      103.17      101.67      102.92           715716.02
07/21/2017      101.75      103.25      100.00      103.25          3447288.08
07/20/2017      102.00      102.50      101.25      101.25          8023476.20
07/19/2017      101.75      102.00      101.58      101.83          3953928.10
07/18/2017      102.50      102.67      101.42      101.75          2584248.06
07/17/2017      103.33      103.33      101.83      102.33          2005392.05
07/14/2017      103.75      103.75      102.50      102.92          7855860.19
07/13/2017      103.75      104.17      102.83      103.75          2334024.06
07/12/2017      103.58      103.67      103.00      103.50          3098748.08
07/11/2017      103.25      103.67      103.00      103.67          1540452.04
07/10/2017      103.25      104.08      103.25      103.25          1486884.04
07/07/2017      103.00      103.33      102.92      103.17          1559880.04
07/06/2017      102.58      103.25      102.25      103.00          1385736.03
07/05/2017      103.17      103.17      101.75      102.58           805284.02
07/04/2017      103.33      103.50      102.50      102.50          1227756.03
07/03/2017      102.92      103.33      101.67      103.33          1247160.03
06/30/2017      100.83      103.33      100.17      103.33          2887596.07
06/29/2017      101.67      101.83       99.75      100.83          1226892.03
06/28/2017      101.67      102.08      101.42      101.75          1880508.05
06/27/2017      100.50      101.92      100.50      101.92          1658496.04
06/23/2017      100.92      101.00      100.33      100.50          2626884.06
06/22/2017      100.33      100.83      100.25      100.83          3065004.07
06/21/2017      100.58      100.83       99.00      100.33          2531700.06
06/20/2017      101.25      101.50      100.42      100.83          2041368.05
06/19/2017      101.83      101.83      100.75      101.08          3186456.08
06/16/2017      102.92      103.00      101.67      101.67          7766628.19
06/15/2017      102.67      104.17      102.67      103.08          1527804.04
06/14/2017      102.83      103.50      102.67      103.17          1654056.04
06/13/2017      103.17      103.17      102.00      102.83          3678312.09
06/09/2017      102.92      103.67      102.75      103.17          1657536.04
06/08/2017      103.75      104.00      102.50      102.92          1973064.05
06/07/2017      103.58      104.00      103.42      103.75          1676664.04
06/06/2017      103.75      103.83      103.08      103.58          1439052.04
06/05/2017      103.25      104.17      103.25      103.83          2690292.07
06/02/2017      102.50      103.75      102.50      103.25          2418516.06
06/01/2017      102.08      102.75      102.00      102.50          3618660.09
05/31/2017      101.67      102.17      101.67      102.08          5085612.12
05/30/2017      101.67      101.92      101.42      101.67          1083888.03
05/29/2017      100.67      101.83      100.58      101.83          1955124.05
05/26/2017      100.33      101.00      100.33      100.75          1834260.04
05/25/2017      100.92      101.00      100.42      100.42          1658088.04
05/24/2017      100.00      101.17      100.00      100.83          1662576.04
05/23/2017      101.17      101.42      100.00      100.67          1620588.04
05/22/2017      101.25      101.75      100.83      101.17          1264800.03
05/19/2017      100.08      101.25      100.08      101.00          1774524.04
05/18/2017      101.58      101.58      100.00      100.67          2542860.06
05/17/2017      101.67      102.25      101.33      102.08          2168556.05
05/16/2017      101.75      101.75      101.50      101.50          2102124.05
05/15/2017      101.83      102.17      101.08      101.50          2305764.06
05/12/2017      101.42      101.92      101.25      101.83          1809120.04
05/11/2017      100.00      101.50      100.00      101.42          2394588.06
05/10/2017      102.33      102.92       99.58       99.58          3022356.07
05/09/2017      103.25      104.00      101.83      102.42          3073320.07
05/08/2017      102.50      103.25      102.50      103.25          3718200.09
05/05/2017      100.92      102.75      100.92      102.50          4841520.12
05/04/2017      100.83      101.50      100.67      100.92          3313584.08
05/03/2017      100.67      101.33      100.42      100.67          1465872.04
05/02/2017       99.92      101.67       99.00      100.83          4879800.12
04/27/2017      100.50      100.58       99.67       99.92          2120052.05
04/26/2017      100.25      100.83      100.08      100.50          3052320.07
04/25/2017       99.08      100.58       98.83      100.25          4558356.11
04/24/2017       98.83       99.17       98.42       99.17          1607124.04
04/21/2017       99.17       99.25       98.17       98.75          4751448.12
04/20/2017       99.17       99.17       97.67       99.00          6558276.16
04/19/2017       99.00       99.92       97.58       99.92          6324156.15
04/18/2017       99.83      100.25       99.17       99.17          2755800.07
04/17/2017      100.00      100.17       99.58       99.92          1319856.03
04/12/2017      100.42      100.83      100.17      100.83          2754504.07
04/11/2017      100.83      101.50      100.17      100.42          1762248.04
04/10/2017      100.50      101.17      100.50      100.92          4781208.12
04/07/2017      100.83      102.08      100.50      100.50          5025384.12
04/06/2017      102.50      102.50      100.83      101.67          3073248.07
04/05/2017      100.00      102.92       99.92      102.50          6464016.16
04/04/2017       97.33      100.33       96.67      100.00          6163800.15
04/03/2017       97.50       98.00       96.75       97.33          2523036.06
03/31/2017       98.75       98.83       98.00       98.00          5030136.12
03/30/2017       99.75       99.75       98.58       98.75          2709516.07
03/29/2017      101.25      101.67       99.17       99.83          4532532.11
03/28/2017      101.50      102.08      100.75      101.25          2193384.05
03/27/2017      100.42      101.00       99.67      100.00          2228856.05
03/24/2017      101.92      103.33      100.00      100.00          2463780.06
03/23/2017      102.58      102.58      102.00      102.08          1754400.04
03/22/2017      103.75      103.75      101.67      102.08          3012336.07
03/21/2017      103.42      105.08      103.42      104.17          3340668.08
03/20/2017      104.00      104.25      101.67      103.33          2368980.06
03/17/2017      102.75      106.25      102.50      104.17         10736208.26
03/16/2017      101.83      102.83      101.83      102.33          5305140.13
03/15/2017      101.92      101.92      100.83      101.67          2468244.06
03/14/2017      100.83      102.58      100.83      101.92          2126892.05
03/13/2017      100.00      101.58       99.75      101.58          2655936.06
03/10/2017      102.33      102.58       99.83      100.33          3751056.09
03/09/2017      102.33      103.42      102.25      102.50          3004428.07
03/08/2017      101.25      103.08      101.25      102.50          2708592.07
03/07/2017       99.17      103.33       98.75      101.33          4863504.12
03/06/2017       98.00      100.00       97.67       99.58          3289080.08
03/03/2017       97.92       98.25       97.50       98.00          4130028.10
03/02/2017       96.83       98.67       96.83       97.92          3705828.09
03/01/2017       95.92       97.83       95.92       96.67          1182216.03
02/28/2017       97.92       98.33       95.50       96.25          3037248.07
02/27/2017       98.33       99.17       97.33       98.33          1015272.02
02/24/2017       99.17       99.33       98.00       98.33          2252868.05
02/23/2017       96.67       99.25       95.67       99.25          5139324.13
02/22/2017       96.17       96.67       94.58       96.50          2064048.05
02/21/2017       97.00       97.00       95.00       96.08          3251076.08
02/20/2017       96.92       97.58       96.83       97.00          2170188.05
02/17/2017       95.58       97.83       95.42       96.83          3844476.09
02/16/2017       94.17       96.17       94.17       95.83          2842080.07
02/15/2017       94.50       94.50       94.00       94.17          1682076.04
02/14/2017       95.00       95.17       93.67       94.33          2874876.07
02/13/2017       95.17       95.83       94.83       95.33          2233368.05
02/10/2017       95.67       96.33       95.42       95.50          2297808.06
02/09/2017       94.00       95.67       93.92       95.67          1706376.04
02/08/2017       94.50       95.25       94.00       94.67          3685656.09
02/07/2017       94.33       95.42       94.17       95.25          2263308.06
02/06/2017       95.42       95.42       94.58       95.00          1961892.05
02/03/2017       92.50       95.42       92.50       95.42          2329644.06
02/02/2017       91.92       94.17       91.92       93.33          3821568.09
02/01/2017       93.75       94.17       90.42       92.08          4007604.10
01/31/2017       94.17       95.25       93.33       93.83          3380988.08
01/30/2017       95.33       96.25       95.25       95.67          1304952.03
01/27/2017       95.25       96.00       95.25       95.42           619572.02
01/26/2017       93.83       95.83       93.33       95.83          3401472.08
01/25/2017       94.17       94.33       93.33       93.33          2099160.05
01/24/2017       95.42       95.42       93.75       94.17          2250888.05
01/23/2017       92.08       95.00       91.67       95.00          3272400.08
01/20/2017       92.33       92.92       92.00       92.50          2600076.06
01/19/2017       92.33       92.75       92.17       92.33          3320544.08
01/18/2017       93.00       93.00       92.08       92.33          1996704.05
01/17/2017       92.92       93.42       92.83       92.92          2104872.05
01/16/2017       93.25       93.83       92.33       93.08          1836084.04
01/13/2017       93.33       93.92       93.25       93.75           853380.02
01/12/2017       93.33       94.00       93.08       94.00          2527176.06
01/11/2017       94.83       95.83       93.33       94.17          1935708.05
01/10/2017       95.42       96.25       94.58       94.83          3303312.08
01/09/2017       94.75       95.67       94.17       95.67          2011152.05
01/06/2017       93.67       95.83       93.33       94.75          3670668.09
01/05/2017       92.08       93.33       90.83       93.33          5889684.14
01/04/2017       89.26       92.53       88.39       91.49          9400243.28
01/03/2017       89.90       89.98       87.59       89.18          1109691.12
12/29/2016       89.18       89.26       88.39       89.26          1342314.20
12/28/2016       85.44       89.18       85.44       89.18          1491736.51
12/27/2016       85.20       85.76       84.40       85.44          2367347.74
12/23/2016       82.49       83.77       82.49       83.61          5497191.34
12/22/2016       83.85       84.25       82.33       83.53          4687990.03
12/21/2016       83.77       85.60       83.69       85.20          2422203.74
12/20/2016       85.20       86.00       83.53       83.69          5018494.90
12/19/2016       88.39       88.62       85.20       86.00          4352926.38
12/16/2016       88.70       89.58       87.83       88.39          4392975.78
12/15/2016       90.38       90.46       88.39       88.70          7079048.42
12/14/2016       90.77       90.77       88.47       90.69          1280136.54
12/13/2016       88.94       90.77       87.59       90.77          1541104.40
12/12/2016       91.41       91.41       89.02       89.18          4682790.76
12/09/2016       91.57       91.73       90.14       91.41          3225615.54
12/08/2016       91.57       91.57       90.61       91.57          3162646.68
12/07/2016       90.06       91.41       89.18       91.41          2386587.53
12/06/2016       90.77       91.09       89.34       89.98          2021182.29
12/05/2016       91.97       91.97       90.30       90.77          1349974.95
12/02/2016       90.77       91.73       90.61       91.73          6180015.39
12/01/2016       91.17       91.17       89.34       90.69          2277704.40
11/29/2016       90.06       91.01       89.18       89.18          6604220.03
11/28/2016       89.18       89.26       88.70       89.18           976105.21
11/25/2016       89.18       89.42       88.31       89.18           697806.47
11/24/2016       89.02       89.26       88.70       89.18          1950339.18
11/23/2016       88.31       88.94       87.99       88.47          2861164.75
11/22/2016       88.39       88.86       87.59       88.31          3021626.08
11/21/2016       88.70       89.18       88.15       89.02          2420947.88
11/18/2016       88.78       89.02       88.62       88.70           941719.74
11/17/2016       88.78       90.06       88.31       88.78          4031400.91
11/16/2016       87.51       89.26       87.51       88.78          1998137.24
11/15/2016       86.16       89.10       86.16       88.15          3230475.72
11/14/2016       86.00       87.99       86.00       87.51          4618000.91
11/11/2016       86.79       87.99       86.63       87.99          4737282.56
11/10/2016       88.78       89.90       87.75       87.83          3108531.64
11/09/2016       88.86       89.18       86.24       87.67          3249966.68
11/08/2016       88.62       89.26       87.99       89.18          2373061.91
11/07/2016       88.15       89.18       86.31       88.15          3403809.62
11/04/2016       88.78       88.78       87.59       88.15          3415577.03
11/03/2016       86.79       88.23       84.64       87.99          6327089.24
11/02/2016       87.59       88.31       87.51       87.75          4242774.83
10/28/2016       89.82       89.82       87.59       89.82          2027662.53
10/27/2016       89.10       90.69       88.23       89.82          1587935.45
10/26/2016       89.58       90.69       87.67       89.10          2794026.43
10/25/2016       88.78       91.81       88.78       91.49          4213890.04
10/24/2016       89.18       89.98       88.86       89.18          1401239.19
10/21/2016       91.65       91.65       89.18       89.18          2561214.97
10/20/2016       90.30       92.21       89.66       91.65          3292691.06
10/19/2016       87.67       90.85       87.59       90.77          6971860.71
10/18/2016       85.60       87.59       85.44       87.59          4988592.86
10/17/2016       85.60       86.00       85.04       85.60          4062357.88
10/14/2016       86.00       86.39       85.44       85.60          2470604.62
10/13/2016       85.60       85.84       84.01       84.40          2091334.67
10/12/2016       87.03       87.03       85.20       85.60          1542347.70
10/11/2016       86.87       87.67       86.87       87.27         10291841.62
10/10/2016       86.95       87.67       86.71       86.87          1340179.24
10/07/2016       87.59       87.75       85.52       86.79          3159255.86
10/06/2016       87.67       87.67       87.43       87.59          1194863.59
10/05/2016       87.99       87.99       87.11       87.67          1543050.98
10/04/2016       87.83       87.99       87.59       87.99          3061713.15
10/03/2016       87.59       87.75       87.35       87.67          2983962.81
09/30/2016       86.24       87.43       85.76       87.43          6031786.15
09/29/2016       85.12       86.31       83.85       86.00          3577105.84
09/28/2016       82.81       83.85       82.81       83.61          7146048.59
09/27/2016       85.12       85.12       82.25       82.41          3838563.49
09/26/2016       88.39       88.39       84.48       85.20          3149874.58
09/23/2016       88.39       89.02       87.83       88.47          1875904.32
09/22/2016       87.99       88.70       87.99       88.07          1134419.01
09/21/2016       88.62       88.62       87.59       87.99          1242699.33
09/20/2016       88.15       89.18       88.07       88.78           797546.93
09/19/2016       88.39       88.55       87.75       87.99          1585549.31
09/16/2016       88.62       89.02       86.39       88.39          3093599.46
09/15/2016       87.19       89.98       85.52       89.98          3825992.33
09/14/2016       87.11       87.83       86.55       86.79          2657916.25
09/13/2016       88.70       89.50       87.11       87.11          4235792.25
09/09/2016       88.62       89.90       88.23       88.78          1998488.88
09/08/2016       87.83       89.58       87.03       88.62          2599568.96
09/07/2016       89.02       89.10       87.19       87.83          3614128.62
09/06/2016       89.10       89.10       87.51       89.02          3681342.29
09/05/2016       89.42       89.50       88.62       89.18          2644830.18
09/02/2016       89.82       89.90       88.86       89.42          2389626.71
09/01/2016       89.98       90.77       88.15       90.77          2578307.23
08/31/2016       89.18       91.01       88.31       91.01          3006229.22
08/30/2016       90.61       90.61       88.70       89.18          3816071.03
08/26/2016       89.98       90.93       89.66       90.61          1733163.18
08/25/2016       91.01       91.01       89.26       89.98          2501360.64
08/24/2016       91.57       91.57       89.66       91.01          1838052.67
08/23/2016       91.25       91.57       90.46       91.57          1595533.40
08/22/2016       90.22       91.57       90.22       91.33          1008029.19
08/19/2016       90.69       90.69       88.62       90.14          2872856.81
08/18/2016       90.54       91.57       90.54       90.69          1254516.98
08/17/2016       90.77       90.93       90.14       90.77          2081011.49
08/16/2016       90.77       91.57       90.61       91.57          1788546.64
08/15/2016       92.45       92.45       89.90       90.77          3590769.61
08/12/2016       94.76       94.76       92.37       92.84          1687964.76
08/11/2016       95.15       95.15       93.88       94.20          3317067.32
08/10/2016       93.16       95.15       92.37       95.15          3023811.27
08/09/2016       92.77       93.56       92.21       92.92          2029697.02
08/08/2016       91.57       93.00       91.49       91.97          1891263.49
08/05/2016       91.41       91.81       91.33       91.57          1343230.98
08/04/2016       90.85       92.37       90.85       91.41          1533757.61
08/03/2016       93.16       93.16       90.38       90.77          3620822.36
08/02/2016       91.57       93.48       91.49       93.16          4018942.77
08/01/2016       91.89       91.89       90.38       91.33          2748124.72
07/29/2016       91.17       91.89       90.14       90.14          2710486.58
07/28/2016       90.77       91.01       90.38       91.01          2177951.39
07/27/2016       91.17       91.33       90.85       91.01          1053503.91
07/26/2016       91.09       91.49       90.46       91.17          5237542.13
07/25/2016       90.93       91.97       90.77       91.09          1942402.14
07/22/2016       91.49       92.13       90.77       90.93          2736708.95
07/21/2016       92.21       92.21       91.25       91.57          2510553.55
07/20/2016       91.81       92.21       91.57       92.21          1836018.18
07/19/2016       91.01       91.97       90.77       91.81          1698300.49
07/18/2016       90.77       91.17       90.38       91.09          1368863.10
07/15/2016       89.98       91.49       89.90       90.77          2281760.83
07/14/2016       90.30       90.77       89.74       89.98          2404395.64
07/13/2016       91.97       92.05       90.22       90.30          3816410.11
07/12/2016       91.73       91.97       91.17       91.41          2049363.80
07/11/2016       90.46       91.81       90.46       91.73          2740790.50
07/08/2016       89.82       90.38       89.66       89.82          1299778.20
07/07/2016       89.98       90.22       89.02       89.82          3156417.61
07/05/2016       91.17       91.57       89.10       89.18          2422065.60
07/04/2016       90.77       91.17       90.14       91.17          2544085.03
07/01/2016       89.82       91.73       89.82       90.77          2284699.55
06/30/2016       88.23       92.84       88.23       89.18          8069256.95
06/29/2016       86.79       88.23       86.79       88.07          2905484.07
06/28/2016       87.59       87.67       85.92       86.55          1106375.64
06/27/2016       84.80       87.59       83.29       87.59          1514844.35
06/24/2016       87.59       87.99       84.25       85.20          2358556.72
06/23/2016       87.19       87.27       86.95       87.19          1786901.47
06/22/2016       87.59       87.59       86.79       87.19          2090593.71
06/21/2016       86.79       87.67       86.55       87.59          4473124.81
06/20/2016       86.55       86.71       85.84       86.47          2304052.36
06/17/2016       85.68       86.71       84.80       86.55          2605609.65
06/16/2016       82.81       85.04       82.73       84.48          1846052.51
06/15/2016       81.94       83.21       81.94       82.81          2280806.38
06/14/2016       82.81       83.05       81.86       81.94          1981949.20
06/13/2016       82.41       82.81       80.50       82.81          3373756.87
06/10/2016       85.20       85.52       82.02       82.41          1988982.02
06/09/2016       86.79       87.03       83.53       83.53          2468946.88
06/08/2016       86.79       87.59       86.63       86.79          4629127.83
06/07/2016       84.48       86.79       84.40       86.00          6407125.25
06/06/2016       83.61       84.40       83.05       84.17          3583159.09
06/03/2016       82.81       83.21       82.17       82.81          2699912.23
06/02/2016       82.73       83.85       81.62       81.62          2498007.50
06/01/2016       81.06       82.97       81.06       82.73          1748597.71
05/31/2016       82.02       83.13       79.63       80.42         10304224.41
05/30/2016       82.81       82.97       80.18       81.78          2048070.27
05/27/2016       82.73       83.05       82.33       82.81          2183414.38
05/26/2016       82.81       82.81       81.30       82.73          1167460.71
05/25/2016       82.02       83.05       82.02       82.73          2469172.93
05/24/2016       81.62       82.17       81.54       82.02          1744365.46
05/23/2016       81.30       82.02       80.18       81.62          1247898.59
05/20/2016       82.02       82.97       81.14       81.22          2561240.09
05/19/2016       83.61       84.01       83.37       83.61          2018733.36
05/18/2016       82.81       83.93       82.81       83.61          6543298.23
05/17/2016       82.49       83.05       82.09       82.81          3140543.53
05/16/2016       82.02       82.89       81.22       82.57          1386156.30
05/13/2016       82.02       83.37       81.94       82.81          4919281.90
05/12/2016       82.09       82.09       80.82       81.54          1284331.11
05/11/2016       79.31       82.81       79.27       82.02          4475134.19
05/10/2016       79.07       79.23       78.43       79.23          6242419.11
05/06/2016       78.83       79.63       78.43       79.23          4664204.03
05/05/2016       78.55       79.87       78.47       79.87          2435691.69
05/04/2016       79.35       79.63       78.03       79.63          4204709.69
05/03/2016       79.59       79.63       78.83       79.35          2957388.80
05/02/2016       78.83       79.59       77.24       79.59          1433828.77
04/29/2016       79.15       79.63       78.67       79.63          3601645.36
04/28/2016       79.23       79.59       78.83       79.23          4353855.72
04/27/2016       78.83       79.23       78.39       79.23          3626084.41
04/26/2016       80.42       80.42       78.43       79.23          7023037.03
04/25/2016       82.49       82.49       80.74       80.82          3408544.21
04/22/2016       82.81       83.21       82.02       82.57          1922094.87
04/21/2016       82.09       82.81       81.62       82.81          2462918.75
04/20/2016       82.02       82.81       81.86       82.09           996236.66
04/19/2016       81.54       82.02       81.46       81.94          1589153.63
04/18/2016       82.02       82.41       81.22       81.54          1131944.97
04/15/2016       83.13       83.13       82.41       82.41           534268.28
04/14/2016       83.21       83.61       82.97       83.13          1990451.38
04/13/2016       82.41       83.61       81.94       83.61          3176209.98
04/12/2016       81.62       82.25       81.46       82.02          2537140.12
04/11/2016       81.38       81.94       81.38       81.62          1403788.59
04/08/2016       81.14       81.62       80.34       81.22          2786240.10
04/07/2016       80.50       81.86       80.50       81.22          2709984.23
04/06/2016       80.82       80.98       79.79       80.50          2130718.46
04/05/2016       81.22       81.38       80.58       80.82          2442649.15
04/04/2016       81.30       81.38       80.58       80.98          3552453.30
04/01/2016       82.02       82.17       80.34       81.22          2266175.60
03/31/2016       84.25       84.25       81.38       81.46          3185189.38
03/30/2016       83.61       84.40       83.29       83.37          3497308.45
03/29/2016       83.61       83.61       82.97       83.05          2736922.45
03/28/2016       84.64       84.64       83.61       83.61          2049690.33
03/23/2016       83.53       85.20       83.37       84.64          3811060.14
03/22/2016       83.53       84.25       83.21       83.61          3044834.38
03/21/2016       84.25       84.40       83.53       83.53          3537960.66
03/18/2016       83.21       84.01       82.41       82.81          7104027.49
03/17/2016       82.81       84.33       82.73       83.05          2991924.97
03/16/2016       82.81       84.01       82.41       82.81          1012901.93
03/15/2016       82.81       84.01       82.49       82.81          2715660.72
03/14/2016       83.61       84.64       83.05       83.05          3102428.16
03/11/2016       81.62       83.61       80.42       83.61          4947752.26
03/10/2016       80.74       82.02       80.74       81.62          5015430.60
03/09/2016       80.03       81.46       80.03       80.42          3907472.57
03/08/2016       80.18       80.18       79.63       80.03          1749162.85
03/07/2016       79.63       80.18       79.39       80.18          5347894.62
03/04/2016       78.47       79.35       78.47       78.83          3528516.59
03/03/2016       79.79       79.79       78.43       78.43          3234494.47
03/02/2016       80.03       80.82       79.47       79.55          5590752.97
03/01/2016       79.23       79.59       78.75       79.19          2583192.53
02/29/2016       78.63       79.55       78.51       78.83          3583397.71
02/26/2016       78.67       78.83       77.28       78.83          3142063.12
02/24/2016       79.63       79.63       77.83       78.79           858443.61
02/23/2016       79.63       79.79       78.87       79.63          2198070.27
02/22/2016       80.34       80.34       79.23       79.63           956802.63
02/19/2016       81.22       81.22       79.59       80.42          2797316.79
02/18/2016       79.79       80.82       79.35       80.82          2967711.97
02/17/2016       79.07       79.47       78.59       79.23          3223744.31
02/16/2016       78.83       79.23       78.51       78.87          3023635.45
02/15/2016       79.35       79.63       78.03       78.19          3083188.37
02/12/2016       79.19       79.79       78.27       79.23          4364618.44
02/11/2016       79.63       79.63       78.75       79.23           842582.09
02/10/2016       77.16       79.63       77.16       79.23          3721931.71
02/09/2016       80.34       80.34       76.60       76.60           430546.74
02/05/2016       80.74       80.74       78.91       80.42          3943553.45
02/04/2016       78.03       79.55       77.75       78.83          4634666.18
02/03/2016       79.19       79.35       77.60       77.64          3587943.92
02/02/2016       80.90       80.90       79.15       79.63          3786935.06
02/01/2016       81.22       82.02       80.18       81.70          3388889.99
01/29/2016       79.63       81.22       79.51       81.22          6557841.10
01/28/2016       78.91       79.51       78.03       79.23          3460888.49
01/27/2016       76.04       79.07       76.04       78.95          2354073.30
01/26/2016       77.92       78.59       75.96       76.04          2842351.96
01/25/2016       76.52       78.99       76.52       78.99          1029102.53
01/22/2016       75.25       77.40       75.25       76.84          1932983.19
01/21/2016       74.45       75.17       74.09       75.17          3484448.44
01/20/2016       76.24       76.44       74.77       76.04          3111395.00
01/19/2016       76.36       77.08       75.64       76.28          1097760.44
01/18/2016       77.28       77.28       75.25       76.36          1902453.21
01/15/2016       78.11       78.27       77.88       78.03          3553357.52
01/14/2016       77.24       78.11       75.72       78.03          2818804.57
01/13/2016       76.60       78.75       76.44       78.03          2426925.78
01/12/2016       75.69       78.35       75.69       76.36           914367.09
01/11/2016       79.23       79.23       75.25       75.64          4214944.96
01/08/2016       81.06       81.06       79.23       79.23          3008113.02
01/07/2016       82.65       82.65       81.22       81.22          1674037.26
01/06/2016       82.65       82.73       81.30       82.33          2036453.55
01/05/2016       81.14       82.49       80.34       82.41          2045571.10
01/04/2016       84.40       84.40       81.14       81.14           691979.27
12/29/2015       82.81       83.61       81.70       83.61          3194997.65
12/28/2015       80.26       83.53       80.26       83.53          1700247.07
12/23/2015       83.61       84.01       83.45       83.61          1805299.83
12/22/2015       82.41       83.45       82.17       83.45          1842988.21
12/21/2015       82.02       82.97       81.78       82.41          1120868.28
12/18/2015       83.21       83.21       80.90       82.02          3636244.33
12/17/2015       80.34       83.21       80.34       83.21          2365941.18
12/16/2015       79.63       80.18       79.47       79.63          1294139.38
12/15/2015       79.39       80.34       78.27       79.63          2294495.26
12/14/2015       79.79       79.79       77.95       78.03          4252382.17
12/11/2015       80.42       80.42       78.91       79.79          3110541.02
12/10/2015       80.18       80.42       79.55       80.18          1628637.89
12/09/2015       79.47       80.42       79.47       80.03           833213.37
12/08/2015       80.03       80.03       78.91       78.91          1877009.47
12/07/2015       81.22       81.94       79.94       80.74           937638.19
12/04/2015       81.22       82.09       80.26       80.82          2193184.98
12/03/2015       81.86       81.86       80.58       81.22          2239538.80
12/02/2015       83.61       84.17       82.09       82.09          1994671.07
12/01/2015       83.61       84.56       81.86       84.01          4681346.52
11/27/2015       82.81       82.81       80.18       80.42          6226469.68
11/26/2015       82.81       83.37       82.02       82.97          3248648.02
11/25/2015       81.22       82.81       80.98       82.81          1661340.51
11/24/2015       79.31       81.06       79.31       80.82          2005006.80
11/23/2015       79.03       79.55       78.99       79.07          3498175.00
11/20/2015       80.42       80.42       79.03       79.03          3008540.01
11/17/2015       80.03       80.74       78.99       79.23          3203236.10
11/16/2015       79.63       79.94       78.83       78.95          3255517.58
11/13/2015       79.63       80.82       79.19       80.82          3774690.42
11/12/2015       80.58       81.22       79.63       79.63          2536574.98
11/11/2015       80.03       80.42       79.23       80.03          3821559.14
11/10/2015       80.50       80.58       79.79       80.03          3399150.38
11/09/2015       81.62       81.62       80.42       81.22          1738123.83
11/06/2015       80.26       82.09       80.18       81.22          2960980.56
11/05/2015       80.90       80.98       79.31       79.79          9513258.19
11/04/2015       81.70       81.70       79.47       80.74          5735578.83
11/03/2015       82.02       82.41       81.62       82.02          2461725.68
11/02/2015       80.98       82.02       80.98       82.02          3195022.77
10/30/2015       81.22       81.62       80.26       80.98          4406652.10
10/29/2015       82.81       83.61       80.82       81.14          4377001.23
10/28/2015       82.81       83.21       82.17       82.81          3653562.65
10/27/2015       82.65       84.40       82.09       82.81          3561269.44
10/26/2015       86.63       86.79       82.41       82.65          3666309.63
10/23/2015       84.01       86.39       83.61       85.60          3523279.65
10/22/2015       82.02       83.05       81.62       82.81          2864090.90
10/21/2015       81.78       82.33       81.62       81.86          3562424.83
10/20/2015       81.86       82.33       81.38       81.78          2805605.47
10/19/2015       82.81       83.29       82.09       82.57          3037135.96
10/16/2015       84.01       84.25       81.30       82.09          3119532.98
10/15/2015       82.41       84.01       82.02       83.45          2093356.61
10/14/2015       82.09       83.37       81.86       82.02          1317058.84
10/13/2015       84.80       84.80       82.02       82.02          3116380.77
10/12/2015       86.47       86.79       84.25       84.80          2109356.27
10/09/2015       86.79       86.79       85.20       86.39           841803.46
10/08/2015       86.79       86.79       85.92       86.79          1125238.67
10/07/2015       84.96       86.79       84.40       86.79          2900824.83
10/06/2015       84.80       86.71       84.72       86.71          3695320.02
10/05/2015       83.53       84.88       82.81       84.40          4292042.25
10/02/2015       83.61       84.33       82.81       83.61          4021291.23
10/01/2015       82.41       83.61       81.94       83.61          3532585.58
09/30/2015       81.86       82.41       80.74       82.41          4006070.20
09/29/2015       79.63       81.22       78.03       81.22          4877499.41
09/28/2015       82.17       82.25       80.42       81.22          3540949.61
09/24/2015       82.09       82.49       79.59       82.02          3086880.60
09/23/2015       81.22       82.41       80.42       81.22          5636742.59
09/22/2015       82.17       83.37       82.17       82.49          3669147.88
09/21/2015       82.17       82.17       81.30       82.02         10866435.59
09/18/2015       81.22       82.33       81.06       82.02          3103169.12
09/17/2015       79.79       80.90       79.51       80.90          3962592.30
09/16/2015       79.19       80.03       79.15       79.51          3142276.62
09/15/2015       78.03       79.03       77.48       78.43          4912914.69
09/14/2015       76.64       77.95       76.64       77.40          3238010.88
09/11/2015       77.20       77.20       76.12       76.52          1735913.52
09/10/2015       76.28       77.20       75.29       77.20          3778282.18
09/09/2015       75.64       76.08       74.73       75.37          2714995.12
09/08/2015       74.45       74.85       72.06       74.45          3633795.40
09/07/2015       75.17       75.17       74.05       74.45          3725824.87
09/04/2015       77.20       77.32       74.97       75.17          3256057.60
09/03/2015       78.35       78.47       76.44       77.24          3957845.15
09/02/2015       77.24       78.11       75.64       78.03          3200460.65
09/01/2015       77.24       78.39       76.92       77.75          6247769.08
08/28/2015       77.64       78.75       77.44       78.43          5767666.07
08/27/2015       74.45       77.24       74.45       77.24         12706635.79
08/26/2015       73.66       74.17       72.98       74.05          8432426.76
08/25/2015       72.46       75.64       72.46       74.93          8015393.08
08/24/2015       77.64       77.64       72.38       75.64          7978420.54
08/20/2015       79.47       79.59       78.03       78.79          3320998.16
08/19/2015       79.39       80.34       79.23       79.63          3411583.40
08/18/2015       79.55       80.42       79.39       80.42          2726310.42
08/17/2015       82.02       82.02       79.15       79.55          3909532.18
08/14/2015       80.42       82.17       79.63       82.02          2290727.68
08/13/2015       82.02       82.02       79.23       82.02          6973932.88
08/12/2015       82.73       82.73       80.50       81.22          5103642.26
08/11/2015       81.22       82.81       81.22       82.81          4616544.11
08/10/2015       81.22       82.89       81.22       82.49          3019855.31
08/07/2015       82.49       82.73       80.42       81.22          1205350.03
08/06/2015       82.81       82.97       81.22       82.49          3655810.64
08/05/2015       81.62       83.53       81.62       82.81          5751377.56
08/04/2015       80.10       82.73       79.79       81.62          2169411.53
08/03/2015       80.34       81.38       79.79       80.10          1950841.53
07/31/2015       79.59       79.94       79.19       79.94          4149891.37
07/30/2015       79.63       79.79       79.23       79.23          1627344.36
07/29/2015       78.75       79.23       78.19       79.23          6452474.38
07/28/2015       80.42       80.50       78.51       78.51          4391355.72
07/27/2015       83.53       83.53       80.50       80.82          7110218.89
07/24/2015       83.61       83.61       83.21       83.53          2037345.22
07/23/2015       83.61       83.77       82.81       83.61          3794281.84
07/22/2015       83.61       83.69       83.13       83.69          2457732.04
07/21/2015       82.49       84.01       82.49       83.61          5477436.65
07/20/2015       83.61       83.69       82.17       82.41         87303838.65
07/16/2015       82.81       83.77       82.81       83.61          3656451.13
07/15/2015       82.81       83.69       82.41       83.61          9993185.38
07/14/2015       82.57       84.56       82.57       82.81          4973974.64
07/13/2015       82.57       82.97       81.38       82.17          4190669.17
07/10/2015       82.81       83.53       82.09       82.09          4145834.94
07/09/2015       82.41       83.37       81.62       82.81          4659180.58
07/08/2015       84.01       84.33       82.49       83.61          4050314.17
07/07/2015       84.88       85.12       83.37       84.01          4329441.78
07/06/2015       86.00       86.39       84.48       84.80          3529207.32
07/03/2015       86.00       87.35       86.00       86.00          1665836.49
07/02/2015       86.24       87.59       86.08       86.24          2621358.14
07/01/2015       85.20       86.63       84.40       86.24          3610901.06
06/30/2015       85.20       86.87       84.88       86.31          3613186.72
06/29/2015       86.79       86.87       85.44       86.08          1430827.27
06/26/2015       85.84       87.99       85.84       86.71          2424476.85
06/25/2015       87.19       87.19       85.20       85.84          3738684.89
06/24/2015       88.15       88.39       86.71       87.59          3325481.58
06/23/2015       87.67       88.70       87.67       88.15          3510005.20
06/22/2015       87.27       88.31       86.79       87.59          3419005.53
06/19/2015       87.59       87.91       87.11       87.43          6074661.23
06/18/2015       86.31       87.67       86.31       87.51          2632598.09
06/17/2015       85.28       86.87       84.56       86.31          5667134.42
06/16/2015       85.20       85.92       85.12       85.28          4804019.00
06/15/2015       86.39       86.39       84.33       85.12          4340958.03
06/11/2015       86.00       86.87       86.00       86.39          1945102.24
06/10/2015       84.48       86.24       84.48       86.00          2090267.19
06/09/2015       84.96       85.20       84.01       84.40          4238266.29
06/08/2015       84.64       86.79       84.56       86.47          1203591.82
06/05/2015       85.44       85.60       84.80       85.20          4421320.56
06/04/2015       86.00       86.00       84.64       85.44          1514279.21
06/03/2015       85.20       86.00       84.40       86.00          2792758.01
06/02/2015       86.79       88.39       85.04       86.08          3865602.18
06/01/2015       87.59       88.39       85.20       88.39          3241276.12
05/29/2015       85.20       87.67       84.72       86.00          9479450.42
05/28/2015       88.86       89.18       84.09       84.40          7581631.34
05/27/2015       89.98       90.38       88.55       88.86          3790313.32
05/26/2015       90.85       90.85       88.86       90.69          3428198.44
05/25/2015       92.77       92.77       90.69       91.01          1714526.21
05/22/2015       93.08       93.16       91.73       92.29          1620185.95
05/21/2015       91.57       92.61       91.49       92.37          4728554.33
05/20/2015       93.08       93.16       91.57       91.57          6612383.13
05/19/2015       93.00       93.56       90.77       92.92          3256497.15
05/18/2015       91.57       93.08       91.33       93.00          2646286.98
05/15/2015       90.77       91.89       90.14       91.57          3352721.20
05/14/2015       89.66       90.77       88.86       90.77          7395374.63
05/13/2015       87.75       89.90       87.75       89.66          3259900.54
05/12/2015       88.39       88.94       87.99       88.39          1449376.33
05/11/2015       88.47       89.10       88.39       88.94          2514911.38
05/08/2015       87.19       88.55       87.19       88.55          2298300.52
05/07/2015       87.59       88.07       86.47       87.75         13539371.93
05/06/2015       89.58       89.58       87.67       88.39          4578001.74
05/05/2015       88.39       89.98       87.91       89.58          5593942.85
05/04/2015       86.87       88.78       84.72       87.91          3510947.10
04/30/2015       88.70       88.70       84.48       86.79         11227784.40
04/29/2015       89.18       89.18       86.08       87.59          7759210.05
04/28/2015       91.97       92.05       88.31       89.18          7486537.56
04/27/2015       93.56       93.64       91.57       91.97          6862387.33
04/24/2015       92.45       93.64       92.45       93.56          5127968.28
04/23/2015       91.57       93.88       91.33       92.37          3128298.89
04/22/2015       92.37       92.37       90.38       91.25          5957916.42
04/21/2015       93.56       93.56       92.13       92.69          6337588.24
04/20/2015       92.77       93.56       92.61       93.16          3675037.87
04/17/2015       93.96       94.36       92.53       94.36          4631878.17
04/16/2015       93.96       94.36       91.97       93.96          5261918.39
04/15/2015       95.07       95.07       91.57       93.96          3648262.91
04/14/2015       95.55       95.79       94.36       94.36          3489584.91
04/13/2015       95.39       95.55       93.80       95.55          3709398.22
04/10/2015       94.36       95.63       93.72       95.39          6024313.77
04/08/2015       95.47       95.47       94.12       94.36          4850083.97
04/07/2015       96.59       97.54       94.83       95.47          2683900.00
04/06/2015       97.94       97.94       96.03       96.35          3593067.83
04/01/2015       98.74       98.74       96.91       97.94          2818138.96
03/31/2015       97.94       99.06       97.70       98.50          5631455.41
03/30/2015       97.54       98.34       96.91       97.22          2840367.70
03/27/2015       95.31       96.75       95.31       96.75          3420864.21
03/26/2015       95.95       96.11       95.15       95.47          4336009.94
03/25/2015       95.55       97.94       95.55       96.75          4998803.00
03/24/2015       93.56       95.55       93.56       95.55          3044193.89
03/23/2015       93.56       94.28       93.16       94.28          2553717.48
03/20/2015       93.16       93.80       92.69       93.32          3336357.34
03/19/2015       91.81       93.96       91.81       93.56          4508452.18
03/18/2015       91.57       91.89       91.17       91.57          3874958.34
03/17/2015       90.06       91.25       90.06       90.93          4520244.71
03/16/2015       91.17       91.97       87.75       89.82          1988215.94
03/13/2015       90.77       91.57       90.61       91.17          2951649.52
03/12/2015       90.77       90.85       90.54       90.77          4189639.37
03/11/2015       90.69       90.69       90.22       90.69          3288596.95
03/10/2015       91.01       92.29       90.85       90.93          7743248.06
03/09/2015       90.93       91.49       90.22       91.01          6359289.51
03/06/2015       90.77       90.77       89.98       90.77          4737270.00
03/05/2015       90.30       91.33       90.30       90.69          6691376.77
03/04/2015       89.74       90.14       89.18       89.98          3367038.02
03/03/2015       87.67       89.50       87.67       88.94          2112634.07
03/02/2015       88.07       88.39       86.71       87.59          5897007.17
02/27/2015       90.77       90.77       86.79       88.39          3263756.03
02/26/2015       90.77       91.57       89.42       89.98          5184795.98
02/25/2015       90.54       90.77       89.98       90.77           993235.15
02/24/2015       90.69       90.77       90.38       90.77          7411298.94
02/23/2015       89.58       90.06       89.26       89.90          2312265.69
02/20/2015       89.42       89.98       89.10       89.58          1986018.19
02/18/2015       90.77       90.77       89.66       89.66           787073.05
02/17/2015       90.54       90.77       89.50       90.77           858920.84
02/16/2015       90.38       90.77       89.82       90.38          1640556.01
02/13/2015       90.69       90.77       90.06       90.77          2692289.15
02/12/2015       89.18       90.77       88.47       90.77          1789413.19
02/11/2015       90.38       90.38       88.86       88.86          1278654.62
02/10/2015       91.41       91.57       90.06       90.38          4567201.34
02/09/2015       89.42       91.57       89.42       89.90          5218930.28
02/06/2015       89.34       89.98       89.10       89.42          2255952.90
02/05/2015       89.42       90.46       89.42       90.14          2895349.28
02/04/2015       90.38       91.17       90.14       90.77          3532309.29
02/03/2015       88.94       89.18       87.59       88.78          2657828.34
02/02/2015       92.37       92.37       88.78       89.18          2738253.66
01/30/2015       92.37       92.37       90.69       91.17          5063806.36
01/29/2015       91.49       92.29       89.98       90.77          5349677.94
01/28/2015       92.13       92.21       90.38       90.69          4152503.56
01/27/2015       89.98       92.13       89.74       92.13          5209473.64
01/26/2015       89.18       89.50       87.59       89.02          4546894.07
01/23/2015       88.39       89.58       88.15       89.18          4983594.53
01/22/2015       88.31       88.39       87.67       88.39          2041363.97
01/21/2015       88.78       89.34       87.43       88.78          3813421.16
01/20/2015       88.39       90.06       88.39       88.78          5428307.38
01/19/2015       87.75       88.39       87.27       87.75          3272496.82
01/14/2015       87.11       89.98       87.11       88.39          6054027.44
01/13/2015       86.31       87.19       85.20       86.95          2025389.42
01/12/2015       84.40       84.80       83.61       84.56          3249414.10
01/09/2015       84.64       85.20       84.01       84.40          8468068.09
01/08/2015       84.40       84.80       84.01       84.25          9296258.01
01/07/2015       87.19       87.51       84.88       84.88          4582836.81
01/06/2015       86.00       86.95       85.12       86.39          3474765.75
01/05/2015       87.67       87.67       86.95       87.59          1964944.84
