BLOOM  1216

12/27/2019       11.00       11.34       11.00       11.30          1918200.00
12/26/2019       11.10       11.30       10.90       11.30          1393100.00
12/23/2019       11.04       11.20       10.90       11.10          1161300.00
12/20/2019       11.28       11.28       10.84       11.26          5790100.00
12/19/2019       11.12       11.30       10.90       11.30          3561400.00
12/18/2019       10.70       11.12       10.62       11.12          2691900.00
12/17/2019       10.60       10.90       10.54       10.70          2203300.00
12/16/2019       10.98       11.06       10.80       10.80          2814200.00
12/13/2019       10.98       11.16       10.96       11.00          2080500.00
12/12/2019       10.86       10.94       10.56       10.90          4283000.00
12/11/2019       10.40       10.98       10.40       10.90          3894600.00
12/10/2019       10.58       10.58       10.40       10.50           391400.00
12/09/2019       10.32       10.62       10.28       10.36          3306800.00
12/06/2019       10.34       10.50       10.12       10.12          4219400.00
12/05/2019       10.88       11.08       10.30       10.34          3014400.00
12/04/2019       11.20       11.20       10.78       10.90          3900100.00
12/03/2019       11.26       11.30       11.18       11.26           692500.00
12/02/2019       11.40       11.40       11.14       11.26          2772900.00
11/29/2019       11.46       11.46       11.10       11.14           580600.00
11/28/2019       11.18       11.46       11.18       11.46          1672100.00
11/27/2019       11.30       11.46       10.94       11.46          2038700.00
11/26/2019       11.46       11.48       11.12       11.20          5244300.00
11/25/2019       11.50       11.52       11.26       11.42          1172300.00
11/22/2019       11.12       11.50       11.12       11.46         10521600.00
11/21/2019       10.94       11.40       10.86       11.40          1861900.00
11/20/2019       11.38       11.38       10.80       11.18          1415200.00
11/19/2019       11.26       11.38       11.10       11.38          2645000.00
11/18/2019       11.30       11.30       11.14       11.28          1033500.00
11/15/2019       11.38       11.38       11.24       11.28          3720000.00
11/14/2019       10.90       11.34       10.70       11.30          7356100.00
11/13/2019       11.00       11.12       10.84       10.96          1858500.00
11/12/2019       10.78       11.00       10.78       11.00          1741900.00
11/11/2019       10.82       10.82       10.70       10.78           690100.00
11/08/2019       10.72       10.84       10.68       10.76          8415800.00
11/07/2019       10.84       10.86       10.56       10.72          2383300.00
11/06/2019       10.60       10.84       10.40       10.82         36727801.00
11/05/2019       10.98       10.98       10.60       10.60          6081700.00
11/04/2019       10.00       10.56       10.00       10.56         12938400.00
10/31/2019       10.14       10.32        9.82        9.99         12699700.00
10/30/2019       10.14       10.18       10.04       10.14          8696100.00
10/29/2019       10.16       10.30       10.12       10.12          2542600.00
10/28/2019       10.20       10.30       10.10       10.20          2880700.00
10/25/2019       10.36       10.58       10.18       10.20          6149700.00
10/24/2019       10.30       10.48       10.28       10.30          1564200.00
10/23/2019       10.40       10.40       10.24       10.26           676500.00
10/22/2019       10.60       10.66       10.26       10.40          6594700.00
10/21/2019       10.64       10.70       10.58       10.60          4430000.00
10/18/2019       10.58       10.76       10.58       10.64           487800.00
10/17/2019       10.70       10.90       10.56       10.62          2636900.00
10/16/2019       10.90       11.00       10.56       10.66          3644200.00
10/15/2019       10.84       10.90       10.80       10.90          3612800.00
10/14/2019       11.06       11.06       10.70       10.84          2486600.00
10/11/2019       10.90       11.06       10.74       11.00          2469500.00
10/10/2019       10.72       10.98       10.72       10.90          5645000.00
10/09/2019       10.84       11.00       10.70       10.70           825100.00
10/08/2019       11.00       11.08       10.64       11.00         39492500.00
10/07/2019       10.90       11.02       10.90       11.02          2663900.00
10/04/2019       10.80       11.00       10.72       10.92          2665800.00
10/03/2019       10.70       10.90       10.38       10.90          1486800.00
10/02/2019       10.68       10.72       10.40       10.70          6647400.00
10/01/2019       10.80       10.80       10.38       10.78          5536300.00
09/30/2019       11.28       11.52       10.72       10.86          9021700.00
09/27/2019       11.50       11.72       11.22       11.30          2837300.00
09/26/2019       11.32       11.58       11.30       11.50          2611000.00
09/25/2019       11.26       11.34       11.10       11.30          2627800.00
09/24/2019       11.10       11.48       11.10       11.26          1530900.00
09/23/2019       11.10       11.10       11.00       11.10          5844900.00
09/20/2019       11.02       11.14       11.00       11.10          3253000.00
09/19/2019       11.02       11.12       11.02       11.04          1308800.00
09/18/2019       11.02       11.16       10.90       11.02          3648900.00
09/17/2019       11.04       11.20       11.00       11.18          1343900.00
09/16/2019       11.40       11.44       11.08       11.08           625800.00
09/13/2019       11.04       11.40       10.90       11.40          1161600.00
09/12/2019       11.04       11.26       10.98       11.00         17824400.00
09/11/2019       11.20       11.28       11.02       11.10          2056800.00
09/10/2019       11.10       11.10       11.04       11.04          1058500.00
09/09/2019       11.10       11.12       11.02       11.10           465500.00
09/06/2019       10.76       11.28       10.74       11.12          3893100.00
09/05/2019       10.38       10.74       10.32       10.70          2838400.00
09/04/2019       10.28       10.32       10.14       10.30          2393300.00
09/03/2019       10.42       10.44       10.22       10.30          1806700.00
09/02/2019       10.40       10.46       10.34       10.40          1850300.00
08/30/2019       10.04       10.58       10.04       10.34          6036300.00
08/29/2019        9.95       10.10        9.95       10.00          4557300.00
08/28/2019        9.83       10.12        9.83        9.91          6198800.00
08/27/2019       10.12       10.12        9.80        9.80          9730800.00
08/23/2019       10.44       10.44       10.12       10.12          6102800.00
08/22/2019       10.64       10.64       10.44       10.50          6819100.00
08/20/2019       10.78       10.80       10.60       10.64          4009900.00
08/19/2019       10.40       10.66       10.40       10.66          4351500.00
08/16/2019       10.72       10.76       10.30       10.30          4788600.00
08/15/2019       10.98       10.98       10.56       10.74          7562400.00
08/14/2019       11.00       11.16       11.00       11.04          3237300.00
08/13/2019       11.54       11.54       10.94       11.00          8380700.00
08/09/2019       11.88       11.88       11.46       11.58          3505100.00
08/08/2019       11.20       11.90       11.20       11.90          6567500.00
08/07/2019       11.44       11.44       11.16       11.20          4791600.00
08/06/2019       11.48       11.48       11.18       11.48          3336700.00
08/05/2019       11.42       11.50       11.20       11.50          2721300.00
08/02/2019       11.40       11.50       11.38       11.48          1131000.00
08/01/2019       11.40       11.44       11.32       11.40          5934000.00
07/31/2019       11.42       11.50       11.36       11.48          1171100.00
07/30/2019       11.46       11.64       11.42       11.50          2496700.00
07/29/2019       11.50       11.64       11.40       11.64           833200.00
07/26/2019       11.64       11.66       11.58       11.60          4500600.00
07/25/2019       11.74       11.74       11.54       11.60          7390500.00
07/24/2019       11.66       11.74       11.66       11.74          1064500.00
07/23/2019       11.72       11.72       11.40       11.64         14462900.00
07/22/2019       11.52       11.78       11.44       11.60          3162700.00
07/19/2019       11.90       11.90       11.52       11.52          5926500.00
07/18/2019       11.90       11.96       11.78       11.90          4382300.00
07/17/2019       11.96       12.14       11.88       11.90          7987800.00
07/16/2019       11.80       12.00       11.76       11.90         10024600.00
07/15/2019       11.66       11.96       11.64       11.80         13844200.00
07/12/2019       11.40       11.54       11.36       11.50          9978900.00
07/11/2019       11.42       11.54       11.36       11.44          2134000.00
07/10/2019       11.32       11.46       11.32       11.42          2856600.00
07/09/2019       11.44       11.52       11.42       11.44          4114000.00
07/08/2019       11.64       11.64       11.40       11.48          7352600.00
07/05/2019       11.60       11.74       11.58       11.66          5435800.00
07/04/2019       11.70       11.82       11.52       11.64          3137600.00
07/03/2019       11.74       11.74       11.54       11.70         14386700.00
07/02/2019       11.32       11.78       11.28       11.74         25801400.00
07/01/2019       11.30       11.38       11.24       11.28          3620300.00
06/28/2019       11.30       11.40       11.26       11.30          5534000.00
06/27/2019       11.28       11.44       11.20       11.30          5493300.00
06/26/2019       11.30       11.60       11.22       11.26          3093500.00
06/25/2019       11.20       11.42       11.18       11.30          4533100.00
06/24/2019       11.30       11.66       11.10       11.20          3010500.00
06/21/2019       11.50       11.54       11.30       11.30          3357700.00
06/20/2019       11.70       11.70       11.48       11.52          1883900.00
06/19/2019       11.34       11.70       11.34       11.70          3280400.00
06/18/2019       11.56       11.58       11.32       11.40          2058000.00
06/17/2019       11.50       11.62       11.48       11.56          1978300.00
06/14/2019       11.50       11.60       11.50       11.50          1426600.00
06/13/2019       11.86       11.86       11.50       11.50          2096000.00
06/11/2019       11.86       11.98       11.86       11.88          1313200.00
06/10/2019       11.92       11.94       11.82       11.90           497800.00
06/07/2019       11.84       11.98       11.84       11.98          1083000.00
06/06/2019       11.98       11.98       11.82       11.94          1512900.00
06/04/2019       11.96       12.00       11.74       11.92          2846800.00
06/03/2019       11.84       11.84       11.72       11.82          5983600.00
05/31/2019       11.80       11.90       11.80       11.84          1030000.00
05/30/2019       11.60       11.98       11.52       11.80          3585200.00
05/29/2019       11.50       11.68       11.40       11.68          3974400.00
05/28/2019       11.12       11.70       11.00       11.70          8400200.00
05/27/2019       11.10       11.16       11.00       11.16          1183200.00
05/24/2019       11.12       11.20       10.88       11.10         13174500.00
05/23/2019       11.20       11.22       11.10       11.16          2925200.00
05/22/2019       11.16       11.22       11.06       11.20          2888700.00
05/21/2019       11.30       11.30       11.00       11.28          5191200.00
05/20/2019       11.16       11.30       10.92       11.30          3007700.00
05/17/2019       11.00       11.20       10.80       11.20          6178900.00
05/16/2019       10.98       11.10       10.66       11.00         16445100.00
05/15/2019       10.44       10.98       10.44       10.98         16105400.00
05/14/2019       10.62       10.62       10.20       10.40         28330900.00
05/10/2019       11.18       11.32       10.60       10.90         16087200.00
05/09/2019       11.74       11.74       11.10       11.10         11051800.00
05/08/2019       12.04       12.04       11.58       11.70         14364200.00
05/07/2019       12.00       12.20       12.00       12.16          2477000.00
05/06/2019       12.20       12.22       11.94       12.00          7922500.00
05/03/2019       12.70       12.90       12.26       12.26          7398600.00
05/02/2019       12.60       12.84       12.56       12.68          4572300.00
04/30/2019       12.96       13.02       12.62       12.74         10870500.00
04/29/2019       13.00       13.00       12.86       12.90          2558000.00
04/26/2019       12.98       13.00       12.76       12.98          8091200.00
04/25/2019       12.52       13.00       12.52       13.00          9408200.00
04/24/2019       12.66       12.70       12.40       12.60          5235200.00
04/23/2019       12.64       12.76       12.64       12.70          6377400.00
04/22/2019       12.64       12.74       12.50       12.72          5466400.00
04/17/2019       12.36       12.62       12.06       12.60         18421900.00
04/16/2019       11.96       12.18       11.88       12.18          9759900.00
04/15/2019       12.30       12.40       11.90       12.00          9421300.00
04/12/2019       12.84       12.88       12.40       12.42          9313300.00
04/11/2019       12.88       12.94       12.70       12.84          7088000.00
04/10/2019       12.84       13.04       12.76       12.86         10078500.00
04/08/2019       12.84       12.94       12.70       12.80         31298100.00
04/05/2019       12.60       12.92       12.58       12.84          9571500.00
04/04/2019       12.22       12.68       12.22       12.58         16039200.00
04/03/2019       11.80       12.20       11.80       12.20          8061500.00
04/02/2019       11.70       11.94       11.60       11.66          3078400.00
04/01/2019       12.00       12.02       11.62       11.70          2297300.00
03/29/2019       11.74       12.12       11.70       12.00          4128800.00
03/28/2019       11.62       11.68       11.58       11.68          1097200.00
03/27/2019       11.90       11.90       11.54       11.68          2199600.00
03/26/2019       12.16       12.16       11.84       11.90          1721900.00
03/25/2019       12.20       12.20       11.72       12.16          3092100.00
03/22/2019       12.20       12.34       12.14       12.20          2349700.00
03/21/2019       12.10       12.28       12.02       12.14          5716000.00
03/20/2019       11.80       12.20       11.70       12.06          5796900.00
03/19/2019       11.62       11.92       11.62       11.80          6649900.00
03/18/2019       11.62       11.88       11.58       11.62          2693800.00
03/15/2019       11.80       11.90       11.70       11.70          7413200.00
03/14/2019       11.92       12.00       11.70       11.80          4655200.00
03/13/2019       11.80       12.00       11.80       11.90          4165000.00
03/12/2019       11.72       11.94       11.66       11.80          5626400.00
03/11/2019       12.04       12.04       11.72       11.82          8190600.00
03/08/2019       12.18       12.30       12.10       12.14          8065600.00
03/07/2019       11.76       12.12       11.76       12.12          6106100.00
03/06/2019       11.30       11.82       11.30       11.76         13809400.00
03/05/2019       11.26       11.54       11.26       11.40          8291200.00
03/04/2019       11.42       11.42       11.14       11.14          4082300.00
03/01/2019       11.40       11.52       11.00       11.32         12503400.00
02/28/2019       12.10       12.10       11.40       11.40         16738600.00
02/27/2019       12.24       12.34       12.08       12.34          5546900.00
02/26/2019       12.30       12.32       12.10       12.20          6672500.00
02/22/2019       12.56       12.56       12.16       12.18          6282500.00
02/21/2019       12.40       12.60       12.16       12.60          6396400.00
02/20/2019       12.56       12.56       12.40       12.40          4255300.00
02/19/2019       12.88       12.88       12.50       12.60         11576400.00
02/18/2019       12.50       13.14       12.22       12.92         25049801.00
02/15/2019       12.10       13.00       12.08       13.00        118928492.00
02/14/2019       11.68       12.10       11.50       12.08         16261000.00
02/13/2019       11.96       11.96       11.50       11.70         26731199.00
02/12/2019       12.00       12.06       11.82       11.96         24623801.00
02/11/2019       12.20       12.20       11.76       12.00         22252500.00
02/08/2019       11.56       12.48       11.28       12.06         39681500.00
02/07/2019       11.52       11.60       11.46       11.56          2405300.00
02/06/2019       11.58       11.60       11.46       11.52          8532800.00
02/04/2019       11.10       11.52       11.08       11.38         13427200.00
02/01/2019       11.14       11.48       11.08       11.10         13904500.00
01/31/2019       10.62       11.14       10.62       11.02         24550400.00
01/30/2019       10.52       10.64       10.48       10.60          4270900.00
01/29/2019       10.60       10.66       10.42       10.52          4782900.00
01/28/2019       10.50       10.74       10.48       10.56          8401200.00
01/25/2019       10.80       10.80       10.40       10.40          5728200.00
01/24/2019       10.30       10.72       10.30       10.40         11473300.00
01/23/2019       10.34       10.34       10.14       10.20          5656000.00
01/22/2019       10.30       10.48       10.22       10.34          2808000.00
01/21/2019       10.80       10.88       10.20       10.20          6525900.00
01/18/2019       10.62       10.98       10.60       10.80          9302000.00
01/17/2019       10.80       10.82       10.48       10.66          6513200.00
01/16/2019       10.98       10.98       10.76       10.80          9718500.00
01/15/2019       10.82       11.10       10.82       10.98         11759300.00
01/14/2019       10.68       10.84       10.32       10.80         11487900.00
01/11/2019       10.24       10.80       10.20       10.68         17403600.00
01/10/2019       10.10       10.30       10.06       10.12          9644400.00
01/09/2019       10.10       10.20       10.00       10.04          7373400.00
01/08/2019       10.10       10.14        9.86       10.00          7289200.00
01/07/2019        9.71       10.24        9.71       10.12         12741500.00
01/04/2019        9.93        9.94        9.55        9.70          8255600.00
01/03/2019        9.65        9.95        9.65        9.87          5667600.00
01/02/2019        9.50        9.84        9.50        9.64          2388600.00
12/28/2018        9.41        9.64        9.40        9.41          5235800.00
12/27/2018        9.38        9.63        9.38        9.45          1348800.00
12/26/2018        9.68        9.68        9.32        9.36          2519100.00
12/21/2018        9.83        9.83        9.68        9.78         19499400.00
12/20/2018        9.61        9.84        9.61        9.84         10602800.00
12/19/2018        9.60        9.60        9.40        9.60         10579900.00
12/18/2018        9.59        9.64        9.50        9.60         13299800.00
12/17/2018        9.35        9.70        9.20        9.62         16202500.00
12/14/2018        8.38        9.39        8.37        9.39         29436600.00
12/13/2018        8.05        8.43        8.05        8.37          9958500.00
12/12/2018        8.02        8.06        8.00        8.02          2899800.00
12/11/2018        7.85        8.05        7.84        7.99          5918000.00
12/10/2018        7.99        7.99        7.80        7.85          5168000.00
12/07/2018        8.29        8.39        8.02        8.02          8582800.00
12/06/2018        8.45        8.45        8.26        8.34          8380900.00
12/05/2018        8.50        8.55        8.37        8.45          8151500.00
12/04/2018        8.41        8.75        8.34        8.57         13088400.00
12/03/2018        8.42        8.64        8.35        8.40         12771100.00
11/29/2018        8.10        8.35        8.10        8.34         19164801.00
11/28/2018        8.30        8.30        8.02        8.14         14083700.00
11/27/2018        8.30        8.39        8.18        8.29         13129800.00
11/26/2018        8.08        8.33        8.03        8.30          3531800.00
11/23/2018        7.64        8.08        7.64        8.02         13222800.00
11/22/2018        7.60        7.64        7.59        7.63          3786600.00
11/21/2018        7.60        7.63        7.51        7.59          3259100.00
11/20/2018        7.58        7.65        7.40        7.60          7339900.00
11/19/2018        7.45        7.58        7.36        7.58          4926600.00
11/16/2018        7.64        7.79        7.30        7.33         15210100.00
11/15/2018        7.80        7.84        7.58        7.65          5412800.00
11/14/2018        7.65        7.80        7.65        7.80          3669400.00
11/13/2018        7.80        7.85        7.53        7.65          8797700.00
11/12/2018        8.00        8.00        7.69        7.90         20987500.00
11/09/2018        8.06        8.12        7.93        8.12          9016200.00
11/08/2018        8.11        8.15        7.91        8.06          8434700.00
11/07/2018        8.20        8.20        8.07        8.11          7454200.00
11/06/2018        8.28        8.37        8.07        8.20          4466300.00
11/05/2018        8.44        8.44        8.28        8.30          8110100.00
10/31/2018        8.12        8.50        8.12        8.40         11218900.00
10/30/2018        8.18        8.21        8.09        8.09          6086100.00
10/29/2018        8.13        8.27        8.11        8.16         24678801.00
10/26/2018        8.06        8.22        7.99        8.11         12502300.00
10/25/2018        8.16        8.23        7.97        8.00          7719300.00
10/24/2018        8.51        8.58        8.18        8.18         13732100.00
10/23/2018        8.83        8.83        8.46        8.50          9810200.00
10/22/2018        8.60        8.96        8.60        8.80          5709100.00
10/19/2018        8.65        8.74        8.50        8.74          2917500.00
10/18/2018        8.79        8.79        8.60        8.70          1460800.00
10/17/2018        8.52        8.80        8.52        8.65          5400700.00
10/16/2018        8.68        8.71        8.40        8.50          2068200.00
10/15/2018        8.42        8.82        8.42        8.69          5773000.00
10/12/2018        8.00        8.42        7.86        8.40          6993200.00
10/11/2018        8.18        8.20        7.84        8.01          6208200.00
10/10/2018        8.30        8.40        8.24        8.25          6133800.00
10/09/2018        8.30        8.43        8.15        8.37          4863000.00
10/08/2018        8.25        8.51        8.19        8.35          6331600.00
10/05/2018        8.12        8.30        8.11        8.12          7269400.00
10/04/2018        8.41        8.41        8.16        8.16          2446200.00
10/03/2018        8.20        8.50        8.12        8.48          4710400.00
10/02/2018        8.40        8.40        8.10        8.20          9677900.00
10/01/2018        8.70        8.70        8.31        8.35          5663500.00
09/28/2018        8.80        9.06        8.77        8.77          8670300.00
09/27/2018        8.70        8.90        8.69        8.76         11593400.00
09/26/2018        8.91        8.91        8.57        8.70          6352300.00
09/25/2018        8.31        8.95        8.31        8.90         10107200.00
09/24/2018        8.01        8.34        8.01        8.29         14610300.00
09/21/2018        8.10        8.27        7.98        7.98         16200200.00
09/20/2018        8.08        8.20        8.04        8.10          6748700.00
09/19/2018        8.12        8.35        8.02        8.05          4567000.00
09/18/2018        8.50        8.50        8.02        8.12          8120900.00
09/17/2018        8.92        8.92        8.43        8.50         11731700.00
09/14/2018        9.06        9.12        8.89        8.92         12091100.00
09/13/2018        9.00        9.22        8.98        9.20          3829500.00
09/12/2018        8.99        9.11        8.92        9.00          6417600.00
09/11/2018        9.20        9.22        8.99        8.99          9264100.00
09/10/2018        9.33        9.34        9.06        9.24          4002800.00
09/07/2018        9.22        9.33        9.10        9.33          5485300.00
09/06/2018        9.22        9.30        9.10        9.30          3913900.00
09/05/2018        9.28        9.28        9.17        9.27          5535500.00
09/04/2018        9.30        9.36        9.18        9.28          2541000.00
09/03/2018        9.58        9.58        9.29        9.30          4935300.00
08/31/2018        9.26        9.55        9.26        9.55         15333000.00
08/30/2018        9.02        9.26        9.02        9.26          7008200.00
08/29/2018        9.12        9.38        9.00        9.01         18729699.00
08/28/2018        9.52        9.78        9.09        9.12         23184801.00
08/24/2018        9.74        9.74        9.55        9.68          5419800.00
08/23/2018        9.40        9.79        9.40        9.68          7337400.00
08/22/2018        9.51        9.61        9.35        9.35         13614400.00
08/20/2018        9.54        9.80        9.45        9.50         15407400.00
08/17/2018        9.61        9.78        9.43        9.43         14338300.00
08/16/2018        9.69        9.69        9.40        9.50         22293900.00
08/15/2018       10.04       10.16        9.70        9.70         19862400.00
08/14/2018       10.42       10.42       10.04       10.04          8903800.00
08/13/2018       10.62       10.62       10.28       10.46          5370600.00
08/10/2018       10.66       10.78       10.50       10.50         12212100.00
08/09/2018       10.18       10.70       10.14       10.62         18112801.00
08/08/2018       10.00       10.30        9.91       10.10         11027700.00
08/07/2018       10.44       10.46       10.04       10.18          6992600.00
08/06/2018       10.10       10.52       10.08       10.32          4743100.00
08/03/2018       10.24       10.28       10.06       10.08         41146500.00
08/02/2018       10.48       10.48       10.00       10.20         11530500.00
08/01/2018       10.32       10.48       10.16       10.30          9001200.00
07/31/2018       10.54       10.78       10.26       10.48          6929300.00
07/30/2018       10.60       10.84       10.52       10.54          4678400.00
07/27/2018       10.74       10.74       10.52       10.58          2644100.00
07/26/2018       11.04       11.04       10.64       10.76          9948000.00
07/25/2018       10.08       11.12       10.08       11.06         25958699.00
07/24/2018        9.52       10.04        9.51       10.00         17996199.00
07/23/2018        9.43        9.60        9.43        9.51          3702000.00
07/20/2018        9.70        9.70        9.43        9.43          1854000.00
07/19/2018        9.79        9.79        9.65        9.70          3292500.00
07/18/2018        9.44        9.90        9.44        9.65         10516700.00
07/17/2018        9.37        9.50        9.37        9.44          1084800.00
07/16/2018        9.39        9.40        9.37        9.38          1518700.00
07/13/2018        9.77        9.77        9.38        9.40          4517800.00
07/12/2018        9.44        9.75        9.44        9.73          4819200.00
07/11/2018        9.50        9.56        9.27        9.35          5428700.00
07/10/2018        9.85        9.85        9.50        9.50          6227300.00
07/09/2018        9.99        9.99        9.81        9.85          2137200.00
07/06/2018       10.04       10.14        9.70        9.80          5756800.00
07/05/2018       10.22       10.22       10.00       10.04          1794100.00
07/04/2018        9.79       10.18        9.79       10.18          8404000.00
07/03/2018        9.89        9.94        9.75        9.75          1835500.00
07/02/2018        9.90        9.99        9.72        9.75          2090400.00
06/29/2018        9.70        9.92        9.70        9.75          4473600.00
06/28/2018        9.70        9.70        9.53        9.60          4167900.00
06/27/2018        9.54        9.85        9.53        9.70          5824200.00
06/26/2018        9.81        9.90        9.52        9.58          4777500.00
06/25/2018       10.10       10.18        9.70        9.81          4707400.00
06/22/2018       10.30       10.30        9.81        9.81         24721400.00
06/21/2018       11.12       11.14       10.40       10.40         21280900.00
06/20/2018       11.20       11.24       11.02       11.06          3273600.00
06/19/2018       11.40       11.42       11.10       11.26         11276300.00
06/18/2018       11.48       11.48       11.02       11.42          4566700.00
06/14/2018       11.10       11.46       10.92       11.44          8880500.00
06/13/2018       10.76       11.18       10.76       11.02         15946000.00
06/11/2018       11.02       11.10       10.62       10.74          8363600.00
06/08/2018       11.40       11.42       10.98       10.98          5901300.00
06/07/2018       11.52       11.56       11.16       11.36          4044900.00
06/06/2018       10.82       11.64       10.78       11.50         18894100.00
06/05/2018       10.48       10.90       10.38       10.82          7230300.00
06/04/2018       10.50       10.74       10.30       10.32         12540900.00
06/01/2018       10.80       10.96       10.20       10.36         17342199.00
05/31/2018       10.80       11.14       10.70       10.80         28436900.00
05/30/2018       10.88       10.88       10.76       10.80         10779600.00
05/29/2018       11.22       11.22       10.90       10.90         10507700.00
05/28/2018       11.80       11.80       11.18       11.30         15395300.00
05/25/2018       11.86       11.90       11.74       11.80          9668400.00
05/24/2018       11.76       11.98       11.76       11.86         20251301.00
05/23/2018       11.82       11.98       11.72       11.80          9434200.00
05/22/2018       12.30       12.42       11.54       11.80         18920600.00
05/21/2018       12.50       12.70       12.24       12.24          2439400.00
05/18/2018       12.98       12.98       12.30       12.78          7983600.00
05/17/2018       12.64       12.98       12.50       12.98          9821000.00
05/16/2018       12.48       12.72       12.10       12.66          7089600.00
05/15/2018       12.40       12.60       12.12       12.50          9018300.00
05/11/2018       12.02       12.40       12.00       12.36         11701600.00
05/10/2018       11.90       12.06       11.80       11.90          9898200.00
05/09/2018       12.14       12.16       11.80       11.80          9975200.00
05/08/2018       12.00       12.12       11.58       12.08         13682600.00
05/07/2018       12.00       12.10       11.80       11.80          6516800.00
05/04/2018       12.06       12.10       11.58       11.90         13140600.00
05/03/2018       12.78       12.78       12.10       12.10          7480900.00
05/02/2018       12.32       12.96       12.24       12.80         10492300.00
04/30/2018       12.10       12.32       12.02       12.30          8828500.00
04/27/2018       12.14       12.50       12.02       12.02         10267800.00
04/26/2018       12.10       12.40       11.92       12.04          8853300.00
04/25/2018       12.58       12.60       12.00       12.10         10407800.00
04/24/2018       12.62       12.62       12.34       12.60          7706700.00
04/23/2018       12.78       12.78       12.60       12.62          4094100.00
04/20/2018       12.78       12.94       12.60       12.78          5129300.00
04/19/2018       12.80       12.80       12.50       12.72         10045600.00
04/18/2018       13.00       13.10       12.70       12.80         20182199.00
04/17/2018       12.90       13.00       12.34       13.00         17409900.00
04/16/2018       12.94       13.28       12.80       12.90         12715800.00
04/13/2018       12.88       13.10       12.84       12.90         17303301.00
04/12/2018       12.36       12.84       12.24       12.84         42867898.00
04/11/2018       13.12       13.30       11.96       12.00         38185699.00
04/10/2018       13.50       13.50       12.96       13.10         21420900.00
04/06/2018       13.00       13.70       13.00       13.50         11260600.00
04/05/2018       13.90       14.00       13.02       13.04         24282199.00
04/04/2018       14.26       14.48       13.70       13.70         10490500.00
04/03/2018       14.02       14.50       14.02       14.30         13269600.00
04/02/2018       14.34       14.52       14.00       14.30          6657500.00
03/28/2018       14.50       14.50       14.20       14.34          6972700.00
03/27/2018       14.16       14.68       14.16       14.34         10775400.00
03/26/2018       14.30       14.40       14.02       14.18          4192400.00
03/23/2018       14.48       14.48       14.02       14.30          4568000.00
03/22/2018       14.16       14.50       13.80       14.50         10066100.00
03/21/2018       13.82       14.34       13.82       14.16         10042000.00
03/20/2018       14.44       14.44       13.62       13.82          8366100.00
03/19/2018       14.66       14.66       14.30       14.32          9420100.00
03/16/2018       13.60       14.86       13.60       14.86         14526700.00
03/15/2018       13.60       13.98       13.50       13.60          2874200.00
03/14/2018       14.40       14.40       13.54       13.60          8847600.00
03/13/2018       14.46       14.56       14.26       14.36          6202600.00
03/12/2018       14.54       14.64       14.30       14.40          4986600.00
03/09/2018       14.60       14.60       14.30       14.52          5423700.00
03/08/2018       14.50       14.64       14.34       14.48         11570600.00
03/07/2018       14.50       14.78       14.48       14.50         15862200.00
03/06/2018       14.40       14.66       14.30       14.46         67546000.00
03/05/2018       14.24       14.44       14.10       14.30         15411800.00
03/02/2018       14.22       14.22       13.90       14.20          6704900.00
03/01/2018       14.28       14.28       13.96       14.24          6713700.00
02/28/2018       13.96       14.40       13.76       14.40         16638000.00
02/27/2018       13.70       14.20       13.60       13.96          7648700.00
02/26/2018       14.00       14.00       13.62       13.88          8348200.00
02/23/2018       14.10       14.28       13.90       14.00         13702300.00
02/22/2018       14.10       14.18       13.82       13.98         10885600.00
02/21/2018       14.02       14.28       14.00       14.10         16138400.00
02/20/2018       14.48       14.48       14.00       14.00          9783800.00
02/19/2018       14.02       14.48       14.00       14.44         29728699.00
02/15/2018       13.80       14.06       13.70       14.00         20094301.00
02/14/2018       13.28       13.98       13.00       13.80         13413700.00
02/13/2018       13.34       13.78       13.30       13.30         13272200.00
02/12/2018       13.24       13.38       13.00       13.30         13033400.00
02/09/2018       13.10       13.40       13.10       13.26         18069199.00
02/08/2018       12.82       13.54       12.74       13.46         35352500.00
02/07/2018       12.50       12.82       12.50       12.80         18748301.00
02/06/2018       12.02       12.40       11.96       12.10         11820000.00
02/05/2018       11.98       12.12       11.86       11.98          8569600.00
02/02/2018       12.26       12.40       12.00       12.10          5704200.00
02/01/2018       12.26       12.72       11.98       12.30         10544600.00
01/31/2018       12.26       12.44       12.00       12.28         10185400.00
01/30/2018       12.66       12.66       12.10       12.26         13326700.00
01/29/2018       12.84       12.94       12.66       12.78          5815200.00
01/26/2018       12.80       12.80       12.30       12.80         12670000.00
01/25/2018       11.90       12.86       11.90       12.82         46042699.00
01/24/2018       11.30       11.86       11.30       11.86         27860900.00
01/23/2018       11.26       11.44       11.24       11.26         14456300.00
01/22/2018       10.74       11.22       10.74       11.18         11709100.00
01/19/2018       10.92       11.18       10.70       10.72         13737100.00
01/18/2018       11.10       11.20       10.88       10.90          5782600.00
01/17/2018       11.30       11.30       11.00       11.04         13188000.00
01/16/2018       11.16       11.46       11.10       11.30          4003900.00
01/15/2018       11.40       11.48       11.16       11.18          5066400.00
01/12/2018       11.48       11.60       11.24       11.30         10494800.00
01/11/2018       11.12       11.46       11.12       11.40          7386900.00
01/10/2018       11.12       11.34       11.04       11.30          8160600.00
01/09/2018       11.66       11.78       11.02       11.06         20547100.00
01/08/2018       11.40       11.66       11.28       11.58         11332900.00
01/05/2018       11.46       11.66       11.28       11.28         10826300.00
01/04/2018       11.56       11.72       11.30       11.46          8403100.00
01/03/2018       11.00       11.54       10.90       11.54         20145900.00
12/29/2017       10.94       11.02       10.90       10.90          2895200.00
12/28/2017       10.84       11.10       10.70       10.94          3463100.00
12/27/2017       10.86       10.92       10.72       10.84           990100.00
12/22/2017       10.74       10.92       10.70       10.86          1719400.00
12/21/2017       10.92       11.12       10.80       10.80          6076800.00
12/20/2017       10.82       11.00       10.82       10.86          2021000.00
12/19/2017       11.12       11.18       10.82       10.88          2926400.00
12/18/2017       11.00       11.26       10.96       11.02          5279200.00
12/15/2017       11.20       11.20       10.86       11.00         12634400.00
12/14/2017       10.58       11.20       10.54       11.20         24355699.00
12/13/2017       10.48       10.56       10.36       10.50         11416200.00
12/12/2017       10.72       10.78       10.32       10.32          8630700.00
12/11/2017       10.50       10.72       10.50       10.70         17023600.00
12/08/2017       10.40       10.60       10.34       10.50          8591000.00
12/07/2017       10.40       10.40       10.20       10.40          9897600.00
12/06/2017       10.50       10.52       10.38       10.44          8835400.00
12/05/2017       10.50       10.70       10.46       10.50          8309400.00
12/04/2017       10.50       10.54       10.38       10.50          8309800.00
12/01/2017       10.62       10.62       10.42       10.50          4444000.00
11/29/2017       10.48       10.64       10.42       10.62         11814300.00
11/28/2017       10.20       10.54       10.18       10.50         13350900.00
11/27/2017       10.14       10.32       10.14       10.16          4941900.00
11/24/2017       10.16       10.30       10.14       10.14         13299800.00
11/23/2017       10.38       10.38       10.12       10.16          4749300.00
11/22/2017        9.64       10.38        9.64       10.38          7032200.00
11/21/2017        9.85        9.98        9.61        9.70          8459600.00
11/20/2017       10.02       10.20        9.80        9.80          8022600.00
11/17/2017       10.20       10.38       10.02       10.02          5166900.00
11/16/2017       10.38       10.40       10.20       10.20          2554800.00
11/15/2017       10.42       10.56       10.26       10.28          2569300.00
11/14/2017       10.50       10.50       10.26       10.46         12197500.00
11/13/2017       10.88       10.88       10.40       10.50          9877800.00
11/10/2017       10.86       10.98       10.84       10.88         23055900.00
11/09/2017       10.70       10.92       10.70       10.80         20958199.00
11/08/2017       10.42       10.58       10.40       10.48         12775500.00
11/07/2017       10.28       10.44       10.22       10.36         20144900.00
11/06/2017        9.94       10.32        9.93       10.16         34920801.00
11/03/2017        9.71        9.95        9.70        9.90         14445500.00
11/02/2017        9.50        9.86        9.46        9.67         38846602.00
10/30/2017        9.50        9.60        9.24        9.44         16170400.00
10/27/2017        9.32        9.50        9.24        9.50          9964200.00
10/26/2017        9.83        9.83        9.26        9.38         22790000.00
10/25/2017        9.75        9.86        9.69        9.84          5662100.00
10/24/2017       10.20       10.20        9.66        9.75         10494100.00
10/23/2017       10.30       10.30       10.06       10.12         11282800.00
10/20/2017       10.20       10.38       10.08       10.38         11706300.00
10/19/2017       10.08       10.24       10.04       10.04          3539100.00
10/18/2017       10.60       10.62       10.04       10.10         15164000.00
10/17/2017       10.30       10.62       10.28       10.50         30934199.00
10/13/2017       10.30       10.36       10.20       10.30         10363100.00
10/12/2017       10.28       10.36       10.20       10.20          8587300.00
10/11/2017       10.48       10.50       10.18       10.20         11887400.00
10/10/2017       10.30       10.48       10.30       10.34          3740100.00
10/09/2017       10.50       10.54       10.26       10.30          9102100.00
10/06/2017       10.92       10.92       10.46       10.50         10518700.00
10/05/2017       10.94       10.98       10.76       10.92          6015000.00
10/04/2017       10.50       10.98       10.50       10.90         15592400.00
10/03/2017       10.46       10.60       10.46       10.50          9052300.00
10/02/2017       10.70       10.78       10.42       10.48          4712100.00
09/29/2017       10.78       10.86       10.50       10.70          7467400.00
09/28/2017       10.50       10.86       10.46       10.74         13465400.00
09/27/2017       10.74       10.78       10.42       10.42         12350200.00
09/26/2017       10.28       10.80        9.99       10.80         28436301.00
09/25/2017       10.50       10.62       10.22       10.32         17226301.00
09/22/2017       10.84       10.86       10.36       10.50         36437500.00
09/21/2017       10.76       10.84       10.58       10.82         26218600.00
09/20/2017       10.20       10.66       10.20       10.66         18958301.00
09/19/2017       10.92       11.00       10.12       10.18         48655102.00
09/18/2017       11.00       11.16       10.90       10.90         17006400.00
09/15/2017       10.94       11.00       10.86       11.00         30689000.00
09/14/2017       10.96       11.18       10.94       10.94         30065500.00
09/13/2017       11.00       11.50       10.94       10.98         40423500.00
09/11/2017       11.64       11.90       11.50       11.90         15748400.00
09/08/2017       11.80       11.94       11.44       11.66         10217500.00
09/07/2017       11.58       11.90       11.56       11.72         10557800.00
09/06/2017       11.50       11.90       11.46       11.58         21184600.00
09/05/2017       11.40       11.60       11.32       11.56         11760000.00
09/04/2017       11.22       11.48       10.94       11.42         14513300.00
08/31/2017       11.16       11.42       11.16       11.22         25074801.00
08/30/2017       10.78       11.18       10.78       11.14         30247900.00
08/29/2017       10.94       11.00       10.56       10.76         11047400.00
08/25/2017       10.66       10.98       10.64       10.94         18458699.00
08/24/2017       10.30       10.64       10.30       10.58         12306600.00
08/23/2017       10.14       10.46       10.14       10.28         19277400.00
08/22/2017        9.83       10.18        9.80       10.12         15101300.00
08/18/2017        9.95       10.00        9.74        9.83          9617000.00
08/17/2017        9.98       10.10        9.90        9.95          8844900.00
08/16/2017        9.87       10.08        9.86        9.95          7480200.00
08/15/2017        9.95       10.16        9.75        9.86         18788400.00
08/14/2017        9.15        9.94        9.10        9.94         45884102.00
08/11/2017        9.15        9.15        8.97        9.00          5912900.00
08/10/2017        9.26        9.42        9.05        9.05         12796300.00
08/09/2017        9.18        9.23        8.95        9.05          7502600.00
08/08/2017        9.00        9.23        9.00        9.14          7509000.00
08/07/2017        8.85        9.08        8.85        9.00          7009400.00
08/04/2017        8.97        9.09        8.83        8.83          9190400.00
08/03/2017        9.14        9.26        8.80        8.81         10028900.00
08/02/2017        9.05        9.20        9.02        9.10          9721200.00
08/01/2017        8.80        9.00        8.71        9.00         11326500.00
07/31/2017        9.26        9.26        8.78        8.80         13900500.00
07/28/2017        9.20        9.45        9.08        9.11         32583699.00
07/27/2017        9.12        9.23        9.11        9.14          7794200.00
07/26/2017        9.10        9.30        9.00        9.11         10107200.00
07/25/2017        9.21        9.38        9.05        9.05          9056300.00
07/24/2017        9.34        9.50        9.21        9.50          7742000.00
07/21/2017        9.22        9.46        8.95        9.46         11438400.00
07/20/2017        9.46        9.60        9.20        9.22         12154800.00
07/19/2017        9.43        9.60        9.42        9.46          5277400.00
07/18/2017        9.80        9.96        9.40        9.42         12473800.00
07/17/2017        9.90        9.90        9.75        9.80          1705400.00
07/14/2017        9.71        9.95        9.71        9.95          6024300.00
07/13/2017        9.60        9.98        9.60        9.70         19840801.00
07/12/2017        9.49        9.70        9.45        9.70          9211100.00
07/11/2017        9.60        9.72        9.50        9.50         11952200.00
07/10/2017        9.75        9.85        9.52        9.60          8942800.00
07/07/2017        9.79        9.89        9.64        9.79          5435500.00
07/06/2017        9.85       10.10        9.75        9.75         13844500.00
07/05/2017        9.65        9.90        9.53        9.84         18906400.00
07/04/2017        9.25        9.69        9.21        9.65         10277900.00
07/03/2017        9.26        9.30        9.06        9.25          6028800.00
06/30/2017        9.12        9.34        8.80        9.25         13611900.00
06/29/2017        9.09        9.40        9.09        9.12         13037000.00
06/28/2017        9.11        9.27        8.84        9.03         26721801.00
06/27/2017        9.72        9.72        9.04        9.08         25243900.00
06/23/2017        9.75        9.82        9.58        9.58          6653200.00
06/22/2017        9.72        9.84        9.65        9.72         15614800.00
06/21/2017        9.48        9.75        9.48        9.70         18397400.00
06/20/2017        9.44        9.49        9.32        9.39         12185600.00
06/19/2017        9.38        9.56        9.30        9.30         26761000.00
06/16/2017        9.58        9.74        9.36        9.36         11518500.00
06/15/2017        9.53        9.70        9.40        9.49          8935500.00
06/14/2017        9.65        9.96        9.47        9.51         12868500.00
06/13/2017       10.00       10.08        9.56        9.65         38068398.00
06/09/2017       10.00       10.48        9.97        9.97         23911500.00
06/08/2017        9.70       10.06        9.66        9.97         13912600.00
06/07/2017        9.59        9.79        9.58        9.71         12194200.00
06/06/2017        9.69        9.80        9.60        9.60         13195700.00
06/05/2017        9.31        9.70        9.31        9.60         20601699.00
06/02/2017        9.75        9.84        9.30        9.30         26720500.00
06/01/2017        9.49        9.85        9.36        9.85         14876600.00
05/31/2017        9.69       10.00        9.40        9.40         32390600.00
05/30/2017       10.00       10.00        9.64        9.70         17854400.00
05/29/2017       10.18       10.22        9.89        9.98          5890000.00
05/26/2017       10.08       10.26       10.06       10.20          9019500.00
05/25/2017        9.70       10.10        9.54       10.08         16832600.00
05/24/2017        9.41        9.78        9.39        9.54         11328900.00
05/23/2017        9.62        9.89        9.50        9.50          7721000.00
05/22/2017        9.60        9.98        9.60        9.61         12171200.00
05/19/2017        9.75        9.93        9.55        9.60          6989100.00
05/18/2017        9.58        9.75        9.38        9.75         15968500.00
05/17/2017        9.83        9.90        9.39        9.60         19970400.00
05/16/2017       10.08       10.18        9.80        9.80         14744900.00
05/15/2017       10.04       10.26        9.90       10.04         10702900.00
05/12/2017        9.97        9.97        9.65        9.95          7936800.00
05/11/2017        9.95       10.00        9.90        9.97         15478800.00
05/10/2017        9.95       10.06        9.88       10.00          5626900.00
05/09/2017        9.96       10.18        9.78        9.95         33463699.00
05/08/2017        9.60       10.00        9.60        9.95         20723301.00
05/05/2017        9.65        9.69        9.42        9.50          7792900.00
05/04/2017        9.35        9.65        9.31        9.65         14988600.00
05/03/2017        9.13        9.37        9.13        9.31          4280600.00
05/02/2017        9.09        9.18        9.04        9.11         10033000.00
04/27/2017        9.35        9.35        9.00        9.00         12521700.00
04/26/2017        9.05        9.40        9.04        9.40         23185100.00
04/25/2017        8.85        9.02        8.85        8.99         15630300.00
04/24/2017        8.70        8.85        8.70        8.85         11592200.00
04/21/2017        8.60        8.79        8.59        8.71         14246300.00
04/20/2017        8.22        8.74        8.16        8.65         13397800.00
04/19/2017        8.37        8.37        8.19        8.24          4464600.00
04/18/2017        8.30        8.50        8.30        8.38          2461400.00
04/17/2017        8.58        8.58        8.33        8.34          2117000.00
04/12/2017        8.70        8.70        8.59        8.60          3479300.00
04/11/2017        8.35        8.75        8.30        8.69         22765400.00
04/10/2017        8.36        8.47        8.28        8.36          4646100.00
04/07/2017        8.06        8.48        8.05        8.35         16088800.00
04/06/2017        8.28        8.35        8.08        8.14         10420500.00
04/05/2017        8.42        8.45        8.27        8.28          8174000.00
04/04/2017        8.07        8.40        8.07        8.35         14401600.00
04/03/2017        7.95        8.17        7.94        8.07         14498700.00
03/31/2017        7.74        8.06        7.74        7.95         31258699.00
03/30/2017        7.73        7.88        7.65        7.74         13555800.00
03/29/2017        7.50        7.80        7.47        7.72         16834699.00
03/28/2017        7.28        7.65        7.25        7.45          9724300.00
03/27/2017        7.45        7.50        7.20        7.30          9247800.00
03/24/2017        7.54        7.85        7.34        7.34         15789300.00
03/23/2017        7.50        7.56        7.40        7.40          2686000.00
03/22/2017        7.58        7.58        7.40        7.43          4160700.00
03/21/2017        7.56        7.60        7.55        7.58          3153100.00
03/20/2017        7.57        7.58        7.38        7.56          1717800.00
03/17/2017        7.60        7.60        7.43        7.52          7067800.00
03/16/2017        7.35        7.60        7.31        7.50          5328700.00
03/15/2017        7.62        7.62        7.25        7.35         11740700.00
03/14/2017        7.95        7.98        7.56        7.65         19297900.00
03/13/2017        8.00        8.15        7.90        7.98          4554900.00
03/10/2017        8.00        8.10        7.82        8.00          6735800.00
03/09/2017        7.71        8.00        7.65        7.99         15063300.00
03/08/2017        7.61        7.76        7.59        7.70          2959500.00
03/07/2017        7.60        7.78        7.51        7.61         13534700.00
03/06/2017        7.40        7.60        7.32        7.58          8615000.00
03/03/2017        7.51        7.51        7.37        7.37          1187000.00
03/02/2017        7.44        7.60        7.38        7.51          4655000.00
03/01/2017        7.21        7.45        7.21        7.45          2590900.00
02/28/2017        7.20        7.38        7.09        7.36          8867100.00
02/27/2017        7.40        7.40        7.10        7.26          9167200.00
02/24/2017        7.71        7.71        7.40        7.40          6172900.00
02/23/2017        7.63        7.80        7.53        7.70         17792900.00
02/22/2017        7.50        7.69        7.40        7.64          5988600.00
02/21/2017        7.25        7.51        7.25        7.51          4486900.00
02/20/2017        7.40        7.40        7.23        7.28          4562100.00
02/17/2017        7.46        7.56        7.27        7.32          2301100.00
02/16/2017        7.42        7.70        7.42        7.43         23931900.00
02/15/2017        7.14        7.42        7.14        7.42          6476700.00
02/14/2017        7.30        7.39        7.11        7.12          2354300.00
02/13/2017        7.05        7.41        7.05        7.30          3976600.00
02/10/2017        7.13        7.20        7.01        7.05          3762800.00
02/09/2017        7.11        7.27        7.09        7.14          5086500.00
02/08/2017        7.10        7.30        7.08        7.20          5375600.00
02/07/2017        7.31        7.55        7.12        7.20          7439700.00
02/06/2017        7.57        7.62        7.33        7.39          6982400.00
02/03/2017        7.06        7.64        7.00        7.50         16155800.00
02/02/2017        7.40        7.50        7.06        7.06         11262300.00
02/01/2017        7.64        7.71        7.48        7.50          7409400.00
01/31/2017        7.75        7.80        7.53        7.74          4255000.00
01/30/2017        7.89        7.95        7.73        7.75          5881200.00
01/27/2017        7.69        8.03        7.61        7.90         10438700.00
01/26/2017        7.70        7.80        7.61        7.70          3172500.00
01/25/2017        7.85        7.89        7.54        7.80         15543100.00
01/24/2017        7.35        7.90        7.14        7.90         24730699.00
01/23/2017        7.07        7.35        7.07        7.35         20911199.00
01/20/2017        6.85        7.09        6.70        7.05         38387102.00
01/19/2017        6.75        6.87        6.64        6.85         15445700.00
01/18/2017        6.57        6.75        6.52        6.75         18935199.00
01/17/2017        6.40        6.63        6.36        6.57         21549000.00
01/16/2017        6.27        6.48        6.20        6.46         11990700.00
01/13/2017        5.89        6.27        5.89        6.27          8838400.00
01/12/2017        6.03        6.10        5.88        5.88          6272700.00
01/11/2017        6.23        6.23        6.03        6.06          3895500.00
01/10/2017        6.33        6.33        6.14        6.18          4034800.00
01/09/2017        6.40        6.40        6.31        6.33           657900.00
01/06/2017        6.49        6.49        6.29        6.40          4177100.00
01/05/2017        6.37        6.55        6.26        6.45          4218100.00
01/04/2017        6.10        6.37        6.00        6.37          7787200.00
01/03/2017        6.14        6.14        5.98        6.10          1669000.00
12/29/2016        6.05        6.17        6.02        6.15          2428100.00
12/28/2016        5.97        6.15        5.90        6.15          1777700.00
12/27/2016        5.96        6.00        5.90        6.00           328400.00
12/23/2016        6.09        6.09        5.80        5.96          1866400.00
12/22/2016        6.11        6.21        5.73        6.02          4122900.00
12/21/2016        5.80        6.10        5.80        6.10          5807300.00
12/20/2016        5.83        5.83        5.72        5.80          4996400.00
12/19/2016        6.00        6.00        5.83        5.93          1942900.00
12/16/2016        6.04        6.18        5.92        6.03          4142900.00
12/15/2016        6.20        6.20        5.98        6.08          1856400.00
12/14/2016        6.22        6.33        6.20        6.25          5395000.00
12/13/2016        6.07        6.20        5.97        6.20          8577700.00
12/12/2016        6.25        6.25        6.04        6.08          8450500.00
12/09/2016        6.40        6.40        6.19        6.30         10440400.00
12/08/2016        6.21        6.40        6.14        6.40          6219200.00
12/07/2016        6.17        6.30        6.12        6.20          1597300.00
12/06/2016        6.30        6.48        6.11        6.20          1537900.00
12/05/2016        6.39        6.52        6.32        6.32          1855300.00
12/02/2016        6.45        6.60        6.35        6.52          9806400.00
12/01/2016        6.40        6.60        6.36        6.45          4171900.00
11/29/2016        6.22        6.50        6.22        6.38          4759300.00
11/28/2016        6.50        6.60        6.40        6.60          3069700.00
11/25/2016        6.60        6.60        6.38        6.54          4785000.00
11/24/2016        6.45        6.65        6.35        6.60         14617800.00
11/23/2016        6.21        6.47        6.02        6.45         14062300.00
11/22/2016        6.50        6.50        6.24        6.30          4919500.00
11/21/2016        6.50        6.62        6.37        6.50         13735200.00
11/18/2016        6.43        6.58        6.43        6.50         25041801.00
11/17/2016        6.84        6.84        6.43        6.43         66693500.00
11/16/2016        6.66        6.95        6.66        6.84         15826800.00
11/15/2016        6.50        6.70        6.45        6.65         11505600.00
11/14/2016        6.30        6.62        6.30        6.50          9878000.00
11/11/2016        6.60        6.60        6.21        6.30         11396100.00
11/10/2016        6.31        6.63        6.30        6.59         20795600.00
11/09/2016        6.33        6.33        5.96        6.12          9487500.00
11/08/2016        6.24        6.48        6.24        6.34         13631000.00
11/07/2016        6.31        6.38        6.14        6.21         11014900.00
11/04/2016        5.90        6.35        5.90        6.30         44818000.00
11/03/2016        5.75        5.90        5.75        5.83          4899100.00
11/02/2016        5.92        5.92        5.71        5.85          7582000.00
10/28/2016        5.84        5.92        5.67        5.92         10474000.00
10/27/2016        5.84        5.95        5.80        5.84          7840200.00
10/26/2016        6.03        6.05        5.84        5.84          9351500.00
10/25/2016        5.86        6.20        5.82        6.10         32570100.00
10/24/2016        5.83        5.98        5.71        5.85         12047700.00
10/21/2016        5.41        5.92        5.41        5.79         68220305.00
10/20/2016        5.20        5.43        5.16        5.40         34443602.00
10/19/2016        5.13        5.26        5.08        5.15         21413600.00
10/18/2016        4.99        5.16        4.99        5.05         34237000.00
10/17/2016        5.16        5.30        4.90        4.90         25425199.00
10/14/2016        4.94        5.22        4.91        5.15         16562000.00
10/13/2016        4.92        4.99        4.90        4.95          9155900.00
10/12/2016        5.17        5.17        4.91        5.02         12262500.00
10/11/2016        4.90        5.20        4.90        5.19         31692000.00
10/10/2016        4.56        4.87        4.54        4.86         14676000.00
10/07/2016        4.70        4.70        4.51        4.53          3501000.00
10/06/2016        4.45        4.67        4.45        4.67          7342000.00
10/05/2016        4.51        4.52        4.37        4.44          9342000.00
10/04/2016        4.54        4.62        4.51        4.51         12736000.00
10/03/2016        4.56        4.65        4.50        4.54          5955000.00
09/30/2016        4.68        4.68        4.50        4.56         22151000.00
09/29/2016        4.93        4.93        4.70        4.71         26964000.00
09/28/2016        4.73        4.93        4.69        4.92         24223000.00
09/27/2016        5.08        5.08        4.64        4.64         55798199.00
09/26/2016        5.33        5.33        5.08        5.08         20184900.00
09/23/2016        5.40        5.44        5.35        5.35          4807200.00
09/22/2016        5.54        5.59        5.39        5.39         10762400.00
09/21/2016        5.61        5.80        5.52        5.52         10037400.00
09/20/2016        5.44        5.67        5.44        5.67         20169900.00
09/19/2016        5.13        5.57        5.13        5.36         30938199.00
09/16/2016        5.17        5.28        5.08        5.08         14367400.00
09/15/2016        5.20        5.39        5.09        5.10         15723000.00
09/14/2016        5.31        5.36        5.17        5.20         14241400.00
09/13/2016        5.40        5.54        5.31        5.31         25671801.00
09/09/2016        5.16        5.44        5.16        5.35         66195398.00
09/08/2016        5.11        5.25        4.91        5.10         16765000.00
09/07/2016        5.52        5.65        5.06        5.06         23369600.00
09/06/2016        5.75        5.90        5.41        5.41         14619300.00
09/05/2016        5.65        5.72        5.54        5.58          4087600.00
09/02/2016        5.70        5.83        5.70        5.72          2548400.00
09/01/2016        5.55        5.71        5.55        5.71          3634700.00
08/31/2016        5.85        5.85        5.55        5.58         20224699.00
08/30/2016        5.79        5.85        5.65        5.85          9088500.00
08/26/2016        5.42        5.80        5.42        5.80         18975801.00
08/25/2016        5.40        5.54        5.03        5.40         25124400.00
08/24/2016        6.16        6.16        5.34        5.37         36698801.00
08/23/2016        6.52        6.60        6.15        6.21          8949600.00
08/22/2016        6.44        6.63        6.44        6.54          7623800.00
08/19/2016        6.44        6.50        6.24        6.44         10602100.00
08/18/2016        6.40        6.50        6.30        6.42          9905200.00
08/17/2016        6.70        6.83        6.41        6.50         24639600.00
08/16/2016        6.32        6.71        6.30        6.70         33703801.00
08/15/2016        6.00        6.30        5.96        6.28         19025400.00
08/12/2016        6.08        6.32        5.96        6.19         32087199.00
08/11/2016        5.70        6.10        5.55        5.96         19575100.00
08/10/2016        5.90        5.90        5.75        5.75          1773100.00
08/09/2016        5.90        5.99        5.80        5.90          7203700.00
08/08/2016        5.90        5.92        5.73        5.89          1914000.00
08/05/2016        5.91        5.97        5.70        5.89          4938200.00
08/04/2016        5.83        5.95        5.78        5.90          3174100.00
08/03/2016        5.72        5.78        5.45        5.78          8199600.00
08/02/2016        5.80        5.83        5.65        5.72          2766800.00
08/01/2016        5.60        5.75        5.56        5.75          3505300.00
07/29/2016        5.58        5.66        5.51        5.60          6721400.00
07/28/2016        5.89        5.89        5.55        5.58          9879900.00
07/27/2016        6.02        6.13        5.80        5.90          4212600.00
07/26/2016        5.75        6.04        5.75        5.97         12275400.00
07/25/2016        5.71        5.90        5.64        5.70          9596000.00
07/22/2016        5.77        5.95        5.70        5.70          7766300.00
07/21/2016        6.13        6.13        5.70        5.80         14186800.00
07/20/2016        6.40        6.41        5.99        6.13         10158600.00
07/19/2016        6.57        6.60        6.35        6.39          9395100.00
07/18/2016        6.71        6.71        6.50        6.50          7446500.00
07/15/2016        6.60        6.80        6.58        6.71          8382100.00
07/14/2016        6.83        6.85        6.60        6.60          3629600.00
07/13/2016        6.80        6.99        6.73        6.83         19329500.00
07/12/2016        6.92        7.00        6.75        6.75         10550300.00
07/11/2016        6.82        7.00        6.75        6.92         16277500.00
07/08/2016        6.58        6.80        6.45        6.78         18465000.00
07/07/2016        6.51        6.60        6.44        6.58          4491700.00
07/05/2016        6.60        6.72        6.40        6.51          3937600.00
07/04/2016        6.53        6.65        6.35        6.60          8465400.00
07/01/2016        6.59        6.64        6.39        6.55         11331200.00
06/30/2016        6.45        6.75        6.38        6.64         24349301.00
06/29/2016        6.00        6.45        5.96        6.40         22050000.00
06/28/2016        5.80        5.99        5.73        5.93          7400300.00
06/27/2016        5.45        5.82        5.25        5.80         29853199.00
06/24/2016        5.90        6.05        5.28        5.46         14702900.00
06/23/2016        5.97        6.02        5.85        5.90          3415700.00
06/22/2016        6.02        6.02        5.76        5.96          6295200.00
06/21/2016        6.05        6.18        5.93        6.02         13901100.00
06/20/2016        5.92        6.10        5.92        6.02         11766800.00
06/17/2016        5.75        5.90        5.75        5.90         18102500.00
06/16/2016        5.30        5.72        5.30        5.69         26758600.00
06/15/2016        5.00        5.36        4.90        5.30         14436300.00
06/14/2016        5.07        5.07        4.84        5.00          3481400.00
06/13/2016        5.26        5.26        4.92        5.07          3359800.00
06/10/2016        5.20        5.45        5.11        5.26         20396600.00
06/09/2016        4.83        5.25        4.83        5.19         17988000.00
06/08/2016        4.98        5.09        4.80        4.80          9711000.00
06/07/2016        4.70        5.14        4.69        4.91         38033000.00
06/06/2016        4.40        4.70        4.39        4.69         16523000.00
06/03/2016        4.25        4.40        4.20        4.37         19645000.00
06/02/2016        4.10        4.29        4.04        4.25         18563000.00
06/01/2016        4.18        4.19        4.01        4.08          9001000.00
05/31/2016        4.23        4.23        4.01        4.20         40070000.00
05/30/2016        4.15        4.23        4.12        4.23          2553000.00
05/27/2016        4.20        4.24        4.11        4.16         11076000.00
05/26/2016        4.30        4.31        4.16        4.16          4199000.00
05/25/2016        4.23        4.36        4.16        4.25         12033000.00
05/24/2016        4.10        4.29        4.09        4.19          8677000.00
05/23/2016        4.25        4.28        4.08        4.09          5858000.00
05/20/2016        4.39        4.39        4.20        4.25          3082000.00
05/19/2016        4.39        4.40        4.30        4.35          2970000.00
05/18/2016        4.49        4.49        4.36        4.37          2841000.00
05/17/2016        4.50        4.58        4.42        4.42          2452000.00
05/16/2016        4.70        4.72        4.48        4.50         12737000.00
05/13/2016        4.68        4.83        4.68        4.72         11094000.00
05/12/2016        4.69        4.69        4.51        4.58          5869000.00
05/11/2016        4.37        4.69        4.37        4.64         14491000.00
05/10/2016        4.06        4.34        4.06        4.34          5659000.00
05/06/2016        4.04        4.17        4.03        4.08          3852000.00
05/05/2016        4.04        4.06        4.00        4.00          6023000.00
05/04/2016        4.15        4.15        4.03        4.04          4158000.00
05/03/2016        4.19        4.32        4.13        4.13          4600000.00
05/02/2016        4.25        4.25        4.10        4.19          1431000.00
04/29/2016        4.31        4.31        4.18        4.26          1367000.00
04/28/2016        4.20        4.35        4.20        4.29          1343000.00
04/27/2016        4.30        4.30        4.18        4.19          2289000.00
04/26/2016        4.43        4.44        4.30        4.30          1676000.00
04/25/2016        4.50        4.51        4.43        4.45          1339000.00
04/22/2016        4.64        4.64        4.49        4.49          1059000.00
04/21/2016        4.51        4.70        4.50        4.64          1875000.00
04/20/2016        4.40        4.58        4.40        4.51          2326000.00
04/19/2016        4.37        4.44        4.29        4.40          3791000.00
04/18/2016        4.68        4.68        4.35        4.37         10443000.00
04/15/2016        4.77        4.80        4.68        4.70          2775000.00
04/14/2016        4.74        4.89        4.70        4.76          9363000.00
04/13/2016        4.73        4.77        4.70        4.70          4002000.00
04/12/2016        4.69        4.74        4.69        4.70          3668000.00
04/11/2016        4.59        4.70        4.56        4.66          7474000.00
04/08/2016        4.62        4.64        4.56        4.59          1007000.00
04/07/2016        4.75        4.81        4.60        4.60          4325000.00
04/06/2016        4.75        4.81        4.63        4.72          2468000.00
04/05/2016        4.98        4.98        4.71        4.75          7297000.00
04/04/2016        5.09        5.09        4.97        4.99          1120500.00
04/01/2016        5.13        5.15        5.05        5.08           887300.00
03/31/2016        5.14        5.15        5.07        5.15          2735700.00
03/30/2016        5.14        5.20        4.90        5.15          9018200.00
03/29/2016        5.22        5.25        5.15        5.15          2196300.00
03/28/2016        5.18        5.29        5.15        5.18           674100.00
03/23/2016        5.29        5.29        5.17        5.23          1404900.00
03/22/2016        5.30        5.39        5.15        5.29          2243100.00
03/21/2016        5.30        5.45        5.15        5.30          6379200.00
03/18/2016        5.30        5.54        5.29        5.30         12376400.00
03/17/2016        5.32        5.40        5.27        5.30          5403200.00
03/16/2016        5.20        5.40        5.08        5.28         22368199.00
03/15/2016        4.95        5.24        4.88        5.14         14422000.00
03/14/2016        5.10        5.15        4.94        4.95          5762400.00
03/11/2016        4.90        5.07        4.86        5.05         20145000.00
03/10/2016        4.65        5.00        4.56        4.85         19516000.00
03/09/2016        4.75        4.75        4.55        4.60          5920000.00
03/08/2016        4.80        4.90        4.75        4.79          2973000.00
03/07/2016        4.89        4.98        4.70        4.80          7057000.00
03/04/2016        4.88        4.96        4.77        4.87          7421000.00
03/03/2016        4.50        4.85        4.50        4.75         16787000.00
03/02/2016        4.22        4.57        4.22        4.48         13960000.00
03/01/2016        4.18        4.24        4.15        4.21          1423000.00
02/29/2016        4.15        4.26        4.14        4.18          3442000.00
02/26/2016        4.30        4.33        4.15        4.15          3828000.00
02/24/2016        4.37        4.37        4.25        4.30          1972000.00
02/23/2016        4.35        4.52        4.30        4.30          3425000.00
02/22/2016        4.28        4.42        4.25        4.33          2741000.00
02/19/2016        4.50        4.58        4.23        4.27         11045000.00
02/18/2016        4.45        4.60        4.45        4.52          6811000.00
02/17/2016        4.63        4.63        4.38        4.44          4153000.00
02/16/2016        4.65        4.85        4.48        4.49         29869000.00
02/15/2016        4.20        4.65        4.19        4.58         34703000.00
02/12/2016        4.18        4.20        4.07        4.11          3897000.00
02/11/2016        4.24        4.26        4.12        4.19          2515000.00
02/10/2016        3.96        4.24        3.96        4.16          5743000.00
02/09/2016        4.11        4.16        3.96        4.00          5011000.00
02/05/2016        4.22        4.23        4.10        4.11          3244000.00
02/04/2016        4.29        4.42        4.22        4.22          9899000.00
02/03/2016        4.40        4.46        4.25        4.25          4878000.00
02/02/2016        4.11        4.45        4.10        4.45         34195000.00
02/01/2016        4.16        4.45        4.11        4.11         15686000.00
01/29/2016        4.00        4.26        3.99        4.10         12972000.00
01/28/2016        3.99        4.18        3.92        3.99         19162000.00
01/27/2016        3.65        4.03        3.65        3.99         31745000.00
01/26/2016        3.50        3.65        3.50        3.59         13771000.00
01/25/2016        3.46        3.64        3.43        3.64         18504000.00
01/22/2016        3.11        3.45        3.11        3.42         19742000.00
01/21/2016        3.10        3.16        3.05        3.11          9154000.00
01/20/2016        3.16        3.28        3.09        3.12         15884000.00
01/19/2016        3.10        3.22        3.07        3.13         26296000.00
01/18/2016        3.00        3.15        2.90        3.08         42042000.00
01/15/2016        3.30        3.31        3.08        3.08         20117000.00
01/14/2016        3.51        3.51        3.21        3.24         20439000.00
01/13/2016        3.50        3.56        3.44        3.51         23314000.00
01/12/2016        3.50        3.61        3.44        3.44          6261000.00
01/11/2016        3.67        3.67        3.50        3.51          7967000.00
01/08/2016        3.84        3.85        3.66        3.67         12363000.00
01/07/2016        4.08        4.08        3.78        3.84         13607000.00
01/06/2016        4.18        4.24        4.00        4.05         12752000.00
01/05/2016        4.25        4.42        4.09        4.18          7101000.00
01/04/2016        4.55        4.55        4.20        4.30          2024000.00
12/29/2015        4.55        4.61        4.51        4.54          6462000.00
12/28/2015        4.38        4.55        4.38        4.54          4639000.00
12/23/2015        4.26        4.28        4.17        4.28          4117000.00
12/22/2015        4.35        4.36        4.20        4.20          5188000.00
12/21/2015        4.40        4.44        4.33        4.35          2466000.00
12/18/2015        4.54        4.54        4.44        4.44          1295000.00
12/17/2015        4.58        4.80        4.44        4.57          8309000.00
12/16/2015        4.34        4.55        4.34        4.55          6760000.00
12/15/2015        4.40        4.52        4.28        4.38          4652000.00
12/14/2015        4.43        4.46        4.35        4.41          7320000.00
12/11/2015        4.56        4.76        4.38        4.41          8814000.00
12/10/2015        4.79        4.79        4.55        4.56         13150000.00
12/09/2015        5.00        5.00        4.80        4.80          7757000.00
12/08/2015        5.15        5.15        4.88        4.89          7376800.00
12/07/2015        5.20        5.28        5.14        5.14          1363400.00
12/04/2015        5.32        5.34        5.18        5.18          2592400.00
12/03/2015        5.39        5.40        5.28        5.32           463600.00
12/02/2015        5.34        5.43        5.32        5.38          5541800.00
12/01/2015        5.30        5.34        5.14        5.34          1199500.00
11/27/2015        5.25        5.35        5.22        5.22          2077700.00
11/26/2015        5.32        5.34        5.24        5.26           986300.00
11/25/2015        5.25        5.38        5.25        5.32          1089600.00
11/24/2015        5.42        5.42        5.24        5.24          3002500.00
11/23/2015        5.19        5.50        5.19        5.49          5308800.00
11/20/2015        5.15        5.20        5.08        5.11          3675000.00
11/17/2015        4.95        5.20        4.95        5.05          3725000.00
11/16/2015        5.05        5.06        4.94        4.94         11296000.00
11/13/2015        5.06        5.27        5.03        5.10          4737400.00
11/12/2015        5.25        5.40        5.03        5.03          9373200.00
11/11/2015        5.46        5.46        5.25        5.25          8439700.00
11/10/2015        5.63        5.63        5.46        5.48          4494600.00
11/09/2015        5.79        5.79        5.62        5.63          7915400.00
11/06/2015        5.80        5.93        5.79        5.79          5918700.00
11/05/2015        6.20        6.20        5.73        5.78         15326600.00
11/04/2015        6.40        6.42        6.17        6.20          2528600.00
11/03/2015        6.00        6.47        6.00        6.40         17489199.00
11/02/2015        6.15        6.15        5.95        5.98          7721400.00
10/30/2015        6.20        6.20        6.11        6.15          4198100.00
10/29/2015        6.45        6.48        6.20        6.20          8835500.00
10/28/2015        6.70        6.72        6.44        6.50          6935800.00
10/27/2015        6.86        6.86        6.68        6.69          7115900.00
10/26/2015        6.82        7.00        6.82        6.86          8508300.00
10/23/2015        6.64        6.74        6.55        6.69          3201100.00
10/22/2015        6.70        6.85        6.59        6.59          6364700.00
10/21/2015        6.47        6.75        6.35        6.71          6148200.00
10/20/2015        6.50        6.50        6.36        6.48          1825500.00
10/19/2015        6.68        6.70        6.42        6.50          2273300.00
10/16/2015        6.60        6.76        6.50        6.64         17824600.00
10/15/2015        6.00        6.57        6.00        6.55         24661301.00
10/14/2015        5.99        6.19        5.90        5.91         23508400.00
10/13/2015        5.79        6.04        5.73        5.82          6821100.00
10/12/2015        5.95        6.03        5.75        5.80          5835000.00
10/09/2015        5.95        6.08        5.82        5.95          6567900.00
10/08/2015        6.16        6.25        5.90        5.95          9388600.00
10/07/2015        5.79        6.10        5.70        6.05         26583400.00
10/06/2015        5.42        5.76        5.40        5.70         20507000.00
10/05/2015        5.07        5.33        5.00        5.31         20676000.00
10/02/2015        5.22        5.22        4.83        4.87         10272900.00
10/01/2015        5.21        5.38        5.12        5.19         14449300.00
09/30/2015        5.60        5.60        5.20        5.21         12703400.00
09/29/2015        5.52        5.70        5.36        5.60          6286600.00
09/28/2015        5.95        5.95        5.47        5.51         16965699.00
09/24/2015        6.02        6.10        5.94        5.98          1487900.00
09/23/2015        6.24        6.24        5.90        6.00         11079700.00
09/22/2015        6.40        6.40        6.18        6.27          6959400.00
09/21/2015        6.40        6.50        6.36        6.40          6334500.00
09/18/2015        6.62        6.70        6.37        6.37         10921000.00
09/17/2015        6.66        6.73        6.56        6.61          6540200.00
09/16/2015        6.68        6.86        6.55        6.60          3589400.00
09/15/2015        6.68        6.85        6.59        6.59          3872500.00
09/14/2015        6.60        6.76        6.59        6.63          3459100.00
09/11/2015        6.56        6.65        6.56        6.60           688700.00
09/10/2015        6.55        6.70        6.54        6.59          1070100.00
09/09/2015        6.72        6.80        6.55        6.55          5742500.00
09/08/2015        6.64        6.65        6.43        6.62          3581500.00
09/07/2015        6.87        6.87        6.38        6.60         13829400.00
09/04/2015        6.78        7.00        6.75        6.90         10439100.00
09/03/2015        6.84        6.91        6.75        6.78          8251600.00
09/02/2015        6.75        6.86        6.62        6.84         18162500.00
09/01/2015        7.04        7.06        6.85        6.85         14796700.00
08/28/2015        7.06        7.20        6.99        7.02          8384500.00
08/27/2015        6.80        7.00        6.65        6.99         20746900.00
08/26/2015        6.85        6.98        6.52        6.59         12618200.00
08/25/2015        6.40        6.85        6.29        6.85         20112000.00
08/24/2015        6.95        6.95        6.30        6.50         18659600.00
08/20/2015        7.49        7.52        7.15        7.18          7549700.00
08/19/2015        7.20        7.43        7.18        7.40         23575199.00
08/18/2015        7.01        7.36        7.01        7.19         29471199.00
08/17/2015        7.41        7.55        6.98        6.99         37052500.00
08/14/2015        7.98        7.98        7.21        7.40         83386602.00
08/13/2015        8.93        9.05        7.98        7.98         61490102.00
08/12/2015        9.21        9.21        8.94        8.95          3665500.00
08/11/2015        9.40        9.40        9.21        9.28         17273500.00
08/10/2015        9.53        9.66        9.30        9.40          3390300.00
08/07/2015        9.55        9.59        9.53        9.55          6992500.00
08/06/2015        9.70       10.00        9.60        9.60          3218100.00
08/05/2015        9.75        9.92        9.64        9.65          9111600.00
08/04/2015        9.66        9.76        9.61        9.75          8997400.00
08/03/2015        9.71        9.77        9.64        9.69          8642400.00
07/31/2015        9.90        9.90        9.65        9.70          2550300.00
07/30/2015        9.86       10.10        9.70        9.90          5095900.00
07/29/2015        9.42        9.93        9.42        9.80         10038200.00
07/28/2015        9.56        9.65        9.40        9.40          6310100.00
07/27/2015        9.94        9.94        9.55        9.65          7233100.00
07/24/2015       10.12       10.14        9.88        9.94          3509900.00
07/23/2015       10.30       10.38       10.10       10.12         11246700.00
07/22/2015        9.90       10.30        9.80       10.22         30253301.00
07/21/2015        9.41        9.90        9.32        9.90         13976400.00
07/20/2015        9.51        9.55        9.30        9.41          9470800.00
07/16/2015        9.33        9.56        9.28        9.50         15783400.00
07/15/2015        9.25        9.40        9.15        9.29         22194900.00
07/14/2015        8.71        9.25        8.70        9.21         37050500.00
07/13/2015        8.65        8.76        8.52        8.53          5619800.00
07/10/2015        8.61        8.75        8.59        8.60          8007600.00
07/09/2015        8.77        8.83        8.58        8.60         10154500.00
07/08/2015        9.10        9.10        8.74        8.77          5069400.00
07/07/2015        8.74        9.18        8.74        9.10         15355900.00
07/06/2015        9.10        9.10        8.68        8.75          3138600.00
07/03/2015        9.15        9.23        9.07        9.14         10552600.00
07/02/2015        9.10        9.37        9.10        9.15          9763300.00
07/01/2015        8.61        9.10        8.61        9.10         18414600.00
06/30/2015        8.71        8.71        8.58        8.61          2503800.00
06/29/2015        8.76        8.78        8.66        8.70          3918000.00
06/26/2015        8.92        9.03        8.78        8.78          8157000.00
06/25/2015        9.08        9.08        8.83        8.85          3914400.00
06/24/2015        9.19        9.19        9.00        9.08          1891900.00
06/23/2015        9.39        9.39        8.96        9.01         12514400.00
06/22/2015        9.20        9.40        9.19        9.40          3492900.00
06/19/2015        9.34        9.50        9.00        9.00          8313900.00
06/18/2015        9.50        9.60        9.26        9.33          2194300.00
06/17/2015        9.55        9.60        9.40        9.50         14315500.00
06/16/2015        9.12        9.63        9.07        9.50         22334600.00
06/15/2015        8.95        9.10        8.85        9.10         13835000.00
06/11/2015        8.99        9.12        8.82        8.83         12099800.00
06/10/2015        8.80        8.99        8.74        8.97          5435100.00
06/09/2015        9.08        9.15        8.60        8.71         19639000.00
06/08/2015        9.38        9.38        9.06        9.10          6286900.00
06/05/2015        9.33        9.60        9.27        9.38         19092301.00
06/04/2015        9.38        9.40        9.26        9.34          3871200.00
06/03/2015        9.40        9.42        9.27        9.38          7378300.00
06/02/2015        9.48        9.58        9.35        9.40          3023900.00
06/01/2015        9.69        9.69        9.35        9.47          2741400.00
05/29/2015        9.38        9.80        9.31        9.70         20112500.00
05/28/2015        9.05        9.45        8.87        9.29         35782301.00
05/27/2015        9.29        9.29        9.00        9.01         29181699.00
05/26/2015        9.53        9.53        9.26        9.38          8090200.00
05/25/2015        9.92       10.00        9.39        9.55         20339000.00
05/22/2015        9.93       10.00        9.56        9.90         38271301.00
05/21/2015       10.56       10.56        9.89        9.90         30655301.00
05/20/2015       10.60       10.70       10.40       10.40         10586400.00
05/19/2015       10.50       10.72       10.42       10.58          9988900.00
05/18/2015       10.22       10.56       10.22       10.40         12252200.00
05/15/2015       10.56       10.70       10.00       10.00         33599102.00
05/14/2015       11.40       11.44       10.22       10.60         91404305.00
05/13/2015       12.22       12.42       12.10       12.18         11731300.00
05/12/2015       11.78       12.30       11.70       12.20         28000600.00
05/11/2015       11.58       11.84       11.58       11.70         13716200.00
05/08/2015       11.58       11.66       11.50       11.50          3624900.00
05/07/2015       11.68       11.68       11.42       11.60          8609900.00
05/06/2015       11.70       11.80       11.54       11.68         17976699.00
05/05/2015       11.70       11.88       11.68       11.70         15325300.00
05/04/2015       11.20       11.76       11.20       11.68          8934800.00
04/30/2015       11.50       11.66       11.16       11.20          6383700.00
04/29/2015       11.70       11.76       11.42       11.50          3809200.00
04/28/2015       11.54       11.70       11.36       11.70         14990300.00
04/27/2015       11.60       11.80       11.36       11.36         11923800.00
04/24/2015       11.32       11.68       11.32       11.60         19791100.00
04/23/2015       11.16       11.38       11.14       11.26         15807200.00
04/22/2015       11.48       11.48       11.04       11.10          8837800.00
04/21/2015       11.26       11.44       11.20       11.34          9741800.00
04/20/2015       11.80       11.80       11.10       11.14         18703199.00
04/17/2015       11.86       12.02       11.70       11.80         14554000.00
04/16/2015       11.48       11.90       11.32       11.84         21738900.00
04/15/2015       12.02       12.02       11.32       11.32         17288301.00
04/14/2015       11.80       12.12       11.80       12.04         13943500.00
04/13/2015       11.86       12.12       11.60       11.80         30609500.00
04/10/2015       11.50       11.92       11.50       11.80         37314000.00
04/08/2015       11.16       11.54       11.04       11.42         21178500.00
04/07/2015       11.20       11.40       11.18       11.18         13440500.00
04/06/2015       10.76       11.20       10.76       11.20         19908900.00
04/01/2015       10.44       10.70       10.32       10.68          7440300.00
03/31/2015       10.40       10.46       10.38       10.44          5361800.00
03/30/2015       10.50       10.54       10.40       10.40          9254400.00
03/27/2015       10.36       10.56       10.32       10.40          5571100.00
03/26/2015       10.38       10.50       10.36       10.36          1779300.00
03/25/2015       10.34       10.50       10.18       10.38          5227200.00
03/24/2015       10.60       10.64       10.26       10.36          8630800.00
03/23/2015       10.78       10.78       10.50       10.62          7803500.00
03/20/2015       10.50       10.80       10.50       10.80         27257100.00
03/19/2015       10.40       10.46       10.22       10.46         17580400.00
03/18/2015       10.76       10.76        9.90       10.14         29010000.00
03/17/2015       10.64       10.80       10.58       10.60         11266300.00
03/16/2015       10.70       10.88       10.52       10.56          6668100.00
03/13/2015       10.68       10.68       10.52       10.58          7572000.00
03/12/2015       10.60       10.62       10.50       10.50          4743300.00
03/11/2015       10.60       10.62       10.40       10.44         18571100.00
03/10/2015       10.70       10.86       10.62       10.70          4606000.00
03/09/2015       10.96       10.96       10.58       10.70         12432400.00
03/06/2015       10.88       11.08       10.88       11.04          7175900.00
03/05/2015       10.82       10.96       10.78       10.90          8805600.00
03/04/2015       10.40       10.88       10.40       10.76         17515000.00
03/03/2015       10.60       10.80       10.38       10.38         17569199.00
03/02/2015       10.80       10.90       10.60       10.60         13316600.00
02/27/2015       10.92       11.14       10.66       10.80         12290600.00
02/26/2015       11.14       11.16       10.76       10.92         21825801.00
02/25/2015       11.74       11.74       11.06       11.14         24253400.00
02/24/2015       11.66       11.82       11.62       11.76          2158300.00
02/23/2015       11.94       11.98       11.58       11.64          8037400.00
02/20/2015       11.52       11.72       11.40       11.72          6651600.00
02/18/2015       11.20       11.44       11.18       11.30         13436000.00
02/17/2015       11.16       11.24       11.14       11.20          3749800.00
02/16/2015       11.16       11.24       11.14       11.14          4836000.00
02/13/2015       11.18       11.26       11.04       11.10          8354400.00
02/12/2015       10.66       11.16       10.66       11.14         19769199.00
02/11/2015       10.74       10.82       10.50       10.56         25280600.00
02/10/2015       10.32       10.66       10.30       10.60         42189102.00
02/09/2015       11.50       11.52       10.14       10.32         48165301.00
02/06/2015       11.86       11.92       11.68       11.68          3327000.00
02/05/2015       11.86       12.16       11.82       11.88          9849000.00
02/04/2015       11.88       12.10       11.84       11.84          4441800.00
02/03/2015       11.94       12.06       11.86       11.88          8064400.00
02/02/2015       12.26       12.26       11.82       11.94         12325500.00
01/30/2015       12.30       12.50       12.30       12.38          5639300.00
01/29/2015       12.62       12.72       12.30       12.30         10387400.00
01/28/2015       12.90       13.00       12.58       12.60         21232400.00
01/27/2015       12.88       13.46       12.88       13.00         29421400.00
01/26/2015       12.50       12.96       12.40       12.88         17256600.00
01/23/2015       12.20       12.60       12.20       12.48         11831200.00
01/22/2015       12.48       12.48       12.16       12.30          2315100.00
01/21/2015       12.50       12.72       12.42       12.50          6779300.00
01/20/2015       12.16       12.60       12.16       12.30         13686800.00
01/19/2015       11.94       12.26       11.88       12.14          8322800.00
01/14/2015       11.50       11.98       11.46       11.94          9091200.00
01/13/2015       11.60       11.60       11.44       11.48          2085800.00
01/12/2015       11.52       11.70       11.46       11.60          6558200.00
01/09/2015       11.60       11.80       11.50       11.50          5736700.00
01/08/2015       11.84       11.88       11.48       11.50         23013000.00
01/07/2015       11.98       12.06       11.00       11.84         26069400.00
01/06/2015       12.10       12.10       11.96       11.98          8712000.00
01/05/2015       12.40       12.46       12.10       12.16          4059900.00
