BPI  1216

12/27/2019       80.76       80.76       79.57       80.67          2421767.47
12/26/2019       80.30       80.30       79.48       79.75           313500.19
12/23/2019       79.29       80.30       78.92       80.30          1824339.90
12/20/2019       76.91       79.84       75.44       79.84          7688191.51
12/19/2019       75.71       77.50       75.35       76.91          2410108.33
12/18/2019       77.09       77.09       74.61       76.26          4764405.31
12/17/2019       80.12       80.12       77.27       77.64          4180456.59
12/16/2019       83.51       83.51       79.94       80.12          1975886.97
12/13/2019       83.06       83.51       81.77       83.51          1580467.67
12/12/2019       81.68       83.38       81.68       83.06          2167347.53
12/11/2019       80.67       81.68       79.61       81.68          1079876.37
12/10/2019       81.63       81.63       79.38       79.38          1478455.62
12/09/2019       81.68       82.14       81.04       81.68          2513384.36
12/06/2019       80.90       82.00       80.39       81.68          6162053.27
12/05/2019       81.68       82.55       81.63       82.55          3179829.70
12/04/2019       80.58       81.68       80.39       81.68          3064916.31
12/03/2019       79.66       80.94       79.57       80.07          5192132.42
12/02/2019       79.75       79.75       77.92       79.29          3097115.16
11/29/2019       80.94       81.13       78.56       78.88          2878587.95
11/28/2019       81.68       81.68       79.94       80.76          4724742.43
11/27/2019       80.76       81.91       80.44       81.54          7259603.59
11/26/2019       82.69       83.24       79.84       79.84         10958472.19
11/25/2019       83.06       83.38       81.72       82.60          2249887.73
11/22/2019       83.24       84.43       81.91       82.96          5932804.00
11/21/2019       84.66       85.21       83.42       83.42          2477142.95
11/20/2019       85.90       85.90       84.61       85.35          2122018.53
11/19/2019       87.19       87.55       85.81       86.27          1583387.91
11/18/2019       87.64       88.10       86.13       87.64           725024.36
11/15/2019       87.55       89.02       85.90       88.10          3081053.87
11/14/2019       86.68       88.01       86.45       86.45           808970.19
11/13/2019       88.10       88.10       86.73       87.19          1568241.92
11/12/2019       89.30       89.94       88.10       88.56          1358671.55
11/11/2019       89.48       90.03       88.70       89.94          1038252.14
11/08/2019       88.42       89.94       87.37       89.48          1625829.37
11/07/2019       89.94       89.94       87.97       88.42          2447047.11
11/06/2019       91.77       91.77       88.29       88.65          2606352.41
11/05/2019       89.89       91.77       89.48       91.77          3949474.80
11/04/2019       89.53       90.58       89.02       89.30          4384055.73
10/31/2019       91.59       91.68       88.75       89.02          6099573.33
10/30/2019       90.86       91.68       90.40       91.68          2695604.78
10/29/2019       90.81       91.18       90.40       90.90          1503789.74
10/28/2019       90.86       91.13       90.40       90.86          2616965.50
10/25/2019       89.48       92.23       89.48       90.86          6266266.39
10/24/2019       88.84       89.57       88.29       89.16           931020.71
10/23/2019       89.57       89.57       88.06       89.02          2045318.80
10/22/2019       87.60       89.75       87.14       89.57          3367705.35
10/21/2019       87.28       87.64       87.14       87.64           662729.67
10/18/2019       87.28       87.37       86.82       87.28          2232464.39
10/17/2019       87.19       87.46       87.00       87.19          5211201.11
10/16/2019       85.44       86.27       84.66       86.27          3964762.44
10/15/2019       85.72       85.72       85.03       85.44          1660915.76
10/14/2019       85.30       86.08       84.98       85.72          1875825.37
10/11/2019       83.93       85.35       83.93       85.30          1156358.17
10/10/2019       83.97       85.58       83.93       85.39          3296235.89
10/09/2019       84.61       84.61       83.65       83.97          1766044.18
10/08/2019       85.35       86.27       84.16       84.61          1991447.02
10/07/2019       84.89       85.62       84.16       85.35          1217933.70
10/04/2019       82.14       85.39       82.14       85.35          2643661.66
10/03/2019       82.60       83.24       81.68       83.24          1418786.96
10/02/2019       84.43       84.75       83.56       84.06          1468736.04
10/01/2019       84.71       84.71       83.51       84.52          1875574.75
09/30/2019       84.25       85.35       83.79       85.35          1675048.39
09/27/2019       83.97       84.71       83.51       84.25           518265.26
09/26/2019       83.79       84.61       83.10       83.93          2103396.59
09/25/2019       84.02       84.80       83.83       83.97          1578124.95
09/24/2019       83.28       84.80       82.64       83.97          1633184.44
09/23/2019       83.61       83.97       82.60       82.92          2067885.23
09/20/2019       85.44       85.76       83.61       83.61          4245595.24
09/19/2019       85.81       86.04       84.89       85.53          5391547.35
09/18/2019       85.35       86.36       84.52       85.81          6465245.47
09/17/2019       86.59       86.59       84.20       85.35          1954944.10
09/16/2019       86.54       86.63       86.27       86.59          1798210.34
09/13/2019       85.12       86.59       84.25       86.54          3687841.45
09/12/2019       85.35       85.53       84.20       85.53          3000082.76
09/11/2019       84.98       85.35       84.43       85.35          5480047.88
09/10/2019       84.84       85.12       82.64       85.12          1522967.40
09/09/2019       82.05       85.12       81.68       85.07          2021335.83
09/06/2019       81.22       82.32       81.22       81.68          1041401.20
09/05/2019       79.94       82.50       79.94       82.14          2083870.25
09/04/2019       79.57       80.53       79.57       80.53           976415.10
09/03/2019       79.84       80.30       79.66       79.84          1567969.51
09/02/2019       80.53       80.81       79.84       79.84          1035484.46
08/30/2019       80.39       81.04       79.89       80.72          3716379.11
08/29/2019       79.75       80.30       79.66       80.30          2605731.31
08/28/2019       79.94       80.30       79.48       79.80          2269108.97
08/27/2019       82.14       82.14       79.61       79.94          4233663.69
08/23/2019       81.17       82.55       80.07       82.50          1877416.24
08/22/2019       81.22       81.22       80.03       81.22          1998464.30
08/20/2019       82.32       82.60       80.76       80.76          1912023.19
08/19/2019       81.68       82.60       80.90       82.60          1834931.20
08/16/2019       82.50       83.42       80.81       81.68          2294955.22
08/15/2019       81.86       82.60       79.16       82.60          2445423.54
08/14/2019       82.14       84.11       82.14       82.87          1489450.08
08/13/2019       86.17       86.41       81.68       84.11          4273315.67
08/09/2019       86.27       87.09       86.27       86.50          3317690.89
08/08/2019       86.17       87.09       84.61       86.41          4962447.30
08/07/2019       81.68       87.19       81.68       86.27          6462466.89
08/06/2019       82.55       82.55       80.76       81.22          4431040.99
08/05/2019       84.80       84.80       82.60       83.06          2826078.22
08/02/2019       83.97       84.80       82.23       84.80          2555400.86
08/01/2019       82.60       84.06       81.95       83.97          2773132.64
07/31/2019       82.60       82.60       82.05       82.60          2895401.09
07/30/2019       82.60       83.42       82.18       83.15          2846116.69
07/29/2019       83.15       83.15       81.91       82.55          2028603.73
07/26/2019       82.64       83.51       82.64       83.15          1198450.95
07/25/2019       82.60       84.06       82.60       84.06          2064812.45
07/24/2019       82.60       83.06       81.22       82.60          2306472.71
07/23/2019       83.97       83.97       83.15       83.19          3190279.34
07/22/2019       83.97       84.43       82.73       84.43          1729072.72
07/19/2019       84.25       85.35       83.06       85.35          5243617.89
07/18/2019       82.60       84.75       82.60       84.43          8788280.70
07/17/2019       82.50       82.50       80.76       82.50          6048120.55
07/16/2019       77.46       82.78       77.36       82.60         22404417.51
07/15/2019       75.07       77.04       75.03       77.00         14961034.22
07/12/2019       73.88       75.25       73.79       74.38          5155760.25
07/11/2019       71.95       73.79       71.95       73.60          5972259.85
07/10/2019       71.63       72.50       71.63       72.04           754847.79
07/09/2019       71.63       71.95       71.45       71.86          5148263.53
07/08/2019       72.13       72.32       71.58       71.58          1299623.98
07/05/2019       72.50       72.82       72.13       72.13          1864972.56
07/04/2019       72.13       72.96       72.13       72.32          1130740.75
07/03/2019       72.59       73.23       71.77       71.77          2957445.16
07/02/2019       72.50       72.87       72.41       72.59          1502689.20
07/01/2019       72.50       72.91       71.67       72.27          1612895.35
06/28/2019       72.50       72.87       71.03       72.04          2897493.20
06/27/2019       72.50       73.19       72.32       72.32          2939782.11
06/26/2019       73.42       73.42       72.50       72.50          1605267.87
06/25/2019       73.65       74.15       73.23       73.23          2529042.48
06/24/2019       73.97       74.57       73.47       73.47           948672.87
06/21/2019       73.88       74.20       73.56       73.88          2758749.39
06/20/2019       73.51       74.34       73.33       74.34          2106992.40
06/19/2019       73.51       74.34       73.42       73.42          1281612.24
06/18/2019       74.57       74.57       73.37       73.51          1134717.93
06/17/2019       75.25       75.25       73.79       74.57          1989191.47
06/14/2019       74.84       75.44       74.34       75.25          1646848.52
06/13/2019       74.02       75.16       74.02       75.16          1908318.42
06/11/2019       75.25       75.58       74.06       74.06          1269364.69
06/10/2019       75.25       75.48       74.98       75.12          7478054.53
06/07/2019       74.80       75.21       74.70       75.07          1812560.90
06/06/2019       74.57       75.71       74.34       74.34          3101506.41
06/04/2019       75.25       76.45       73.42       73.42          2578533.91
06/03/2019       74.34       76.13       74.29       75.12          3455998.84
05/31/2019       72.91       74.25       72.91       74.15          3647873.47
05/30/2019       71.58       73.56       71.54       72.69          2283089.04
05/29/2019       73.42       73.88       70.89       70.94          6697327.79
05/28/2019       74.34       74.34       73.23       73.23          5137018.45
05/27/2019       74.34       74.80       74.20       74.34          1255776.88
05/24/2019       74.38       74.61       73.42       74.34          2202880.68
05/23/2019       74.34       75.12       74.34       74.38          2067819.86
05/22/2019       74.34       75.58       74.34       74.34          1923856.68
05/21/2019       74.57       74.80       74.11       74.15          1924935.42
05/20/2019       74.20       74.98       74.15       74.34          1988929.95
05/17/2019       75.16       76.36       74.34       74.34          3637990.44
05/16/2019       74.29       74.75       74.06       74.25          1598435.83
05/15/2019       75.25       75.48       74.25       74.25          2048108.28
05/14/2019       76.58       76.58       73.88       74.61          4308728.95
05/10/2019       75.58       77.78       75.44       77.78          1662942.49
05/09/2019       77.55       77.55       75.71       75.71          1967703.77
05/08/2019       77.87       78.42       75.76       78.42          1916218.31
05/07/2019       76.63       78.19       76.63       77.87          1919323.78
05/06/2019       78.60       78.60       76.17       76.17          1799681.36
05/03/2019       78.01       79.16       77.87       78.60          4476282.83
05/02/2019       77.87       78.01       77.55       77.82          2513395.26
04/30/2019       76.81       77.87       76.81       77.87          2581029.18
04/29/2019       77.00       77.00       76.72       76.81          2972656.53
04/26/2019       75.21       76.91       75.21       76.58          3576055.32
04/25/2019       75.25       75.99       74.57       74.80          2071775.25
04/24/2019       75.25       75.71       74.80       75.25          1932334.08
04/23/2019       75.25       75.44       75.07       75.25          1742769.48
04/22/2019       76.17       76.54       75.21       75.99          2412178.64
04/17/2019       75.07       76.17       74.80       76.17          1257607.48
04/16/2019       74.47       75.07       74.34       74.52          2992357.21
04/15/2019       75.90       75.90       74.06       74.06          2165200.94
04/12/2019       76.63       76.68       74.80       74.80          2340273.33
04/11/2019       75.62       76.81       75.58       76.17          2893461.53
04/10/2019       75.21       76.03       74.25       75.48          2194316.11
04/08/2019       74.70       75.71       74.15       74.15          4475454.70
04/05/2019       74.80       75.99       74.34       74.38          2160384.74
04/04/2019       77.09       77.14       74.34       74.34          4166661.75
04/03/2019       77.18       78.01       77.09       77.09           574120.18
04/02/2019       77.04       77.96       76.86       77.14          1729029.13
04/01/2019       77.41       78.19       76.54       76.63           833835.76
03/29/2019       77.32       77.82       77.27       77.27          1790364.94
03/28/2019       77.18       78.01       76.95       77.27          1434336.12
03/27/2019       78.47       78.51       76.91       77.00          2518156.98
03/26/2019       78.28       79.20       78.01       78.05          1174184.67
03/25/2019       80.76       80.76       78.10       78.10          1728309.97
03/22/2019       80.94       81.72       80.76       80.76          1403815.31
03/21/2019       81.17       81.40       80.35       80.85          1136984.38
03/20/2019       79.75       81.17       79.75       80.67          1576752.00
03/19/2019       80.90       80.90       79.84       79.84          1401875.75
03/18/2019       81.40       81.40       80.39       80.85          2373932.29
03/15/2019       80.16       81.59       78.92       81.59          2596883.44
03/14/2019       79.02       80.26       78.05       80.26           714236.93
03/13/2019       78.10       79.98       78.10       79.52           747906.79
03/12/2019       77.64       78.51       77.18       78.10          1127035.97
03/11/2019       79.20       79.43       77.09       77.09          1888715.80
03/08/2019       80.94       80.99       79.02       79.20          1230933.10
03/07/2019       79.25       81.50       79.25       80.94          2365563.86
03/06/2019       77.00       79.75       77.00       79.25          1118569.47
03/05/2019       78.14       79.80       77.00       77.00          1029284.41
03/04/2019       76.49       78.38       76.45       78.14          1640169.02
03/01/2019       77.27       78.88       76.45       77.09          3818718.05
02/28/2019       79.84       79.84       77.09       77.09          2407885.46
02/27/2019       78.05       80.03       77.82       79.38          1593183.77
02/26/2019       79.75       79.75       77.69       77.92          2886269.91
02/22/2019       81.68       81.72       78.65       78.97          5347722.05
02/21/2019       82.37       82.37       81.40       81.63          2057729.79
02/20/2019       82.18       82.55       82.18       82.37          1921982.50
02/19/2019       81.86       82.60       81.86       82.18          2253211.13
02/18/2019       82.18       83.51       81.86       81.86          3253467.54
02/15/2019       83.42       84.43       81.86       81.86          9595932.42
02/14/2019       82.55       83.10       81.50       82.69          1991392.54
02/13/2019       82.60       82.73       81.22       81.31          2096204.97
02/12/2019       83.19       83.97       82.23       82.23          1984342.57
02/11/2019       84.43       85.07       83.19       83.19          1997102.25
02/08/2019       85.35       85.35       84.06       84.16          2049165.23
02/07/2019       85.35       85.72       84.98       85.35          4720917.80
02/06/2019       84.39       85.81       83.83       85.35          2695474.03
02/04/2019       83.97       84.43       83.74       83.88          1191324.70
02/01/2019       83.56       84.71       83.56       84.43          1575433.54
01/31/2019       83.51       85.07       83.10       83.51          2741195.30
01/30/2019       84.02       84.61       82.83       83.51          1891755.90
01/29/2019       84.52       84.57       82.78       83.51          2759675.59
01/28/2019       84.25       85.07       84.25       84.52          3849576.64
01/25/2019       85.30       85.90       83.56       83.65          2135181.37
01/24/2019       84.43       85.17       83.93       85.17          1516887.21
01/23/2019       83.47       84.89       83.24       83.42          1499594.63
01/22/2019       84.34       85.17       82.96       85.17          2590116.78
01/21/2019       86.22       86.22       83.70       84.43          1895046.61
01/18/2019       85.35       87.05       85.12       85.44          2097654.19
01/17/2019       86.59       86.59       84.89       85.35          2206498.28
01/16/2019       85.72       86.73       84.43       86.73          2374161.12
01/15/2019       84.34       86.13       83.51       86.08          2502041.21
01/14/2019       82.55       84.71       81.95       84.34          2003966.98
01/11/2019       84.89       85.35       82.32       82.60          8092480.47
01/10/2019       85.99       87.78       84.89       86.73          3892780.85
01/09/2019       84.89       85.81       84.25       85.35          2516991.07
01/08/2019       86.91       86.91       84.25       84.25          1595079.74
01/07/2019       86.27       87.83       85.35       85.35          2749585.52
01/04/2019       86.77       87.23       85.81       85.81          3179938.66
01/03/2019       86.27       87.19       84.89       87.19          2132043.21
01/02/2019       86.27       86.73       84.94       86.27          1003612.50
12/28/2018       85.85       86.73       85.30       86.27          1663160.42
12/27/2018       84.89       86.27       84.34       85.81          1978327.76
12/26/2018       83.33       84.89       83.33       84.89          1245098.42
12/21/2018       85.81       86.13       83.24       83.24          2893668.56
12/20/2018       84.43       87.05       84.29       86.13          1705144.23
12/19/2018       84.71       85.35       83.15       85.35          2204569.62
12/18/2018       86.08       86.13       83.51       84.48          3595559.87
12/17/2018       87.09       87.09       86.08       86.08          1206361.73
12/14/2018       86.08       87.14       86.08       87.14           916615.68
12/13/2018       86.31       87.14       86.31       87.00          2037081.12
12/12/2018       86.08       86.73       86.08       86.45          2767575.47
12/11/2018       85.81       86.50       85.62       85.99          1691403.88
12/10/2018       86.50       86.54       85.62       85.81          3744470.01
12/07/2018       85.72       87.05       85.72       86.50          1903022.77
12/06/2018       85.81       86.22       85.35       85.53          1870529.72
12/05/2018       85.35       86.22       84.48       85.81          3120062.97
12/04/2018       84.43       86.50       84.02       86.27          5374309.25
12/03/2018       86.27       87.19       83.97       84.48          2866133.37
11/29/2018       86.27       86.41       86.08       86.27          4193238.06
11/28/2018       86.17       86.27       85.62       86.08          1158744.48
11/27/2018       86.13       86.22       85.44       86.22          1953876.25
11/26/2018       86.54       86.86       85.44       86.13          2292765.04
11/23/2018       83.74       87.00       83.15       86.73          3096603.03
11/22/2018       83.51       84.11       82.64       83.74           550409.62
11/21/2018       83.06       83.88       80.85       83.88          1311784.36
11/20/2018       80.85       84.16       79.84       83.06          1999630.21
11/19/2018       81.68       81.68       80.76       81.40          2239764.98
11/16/2018       78.24       81.95       78.24       81.59          5497503.90
11/15/2018       75.81       78.74       75.25       77.55          5659969.16
11/14/2018       73.42       75.81       73.23       75.81          1710134.78
11/13/2018       73.37       73.42       72.55       73.23          1375353.93
11/12/2018       73.88       73.88       73.28       73.42          1630656.47
11/09/2018       75.71       75.71       73.23       73.42          1196827.38
11/08/2018       75.25       75.99       73.51       75.99          1486279.23
11/07/2018       75.85       76.08       74.70       75.81          1359597.74
11/06/2018       75.76       76.49       75.76       75.85          2506443.36
11/05/2018       75.25       76.45       75.03       75.25          2408408.49
10/31/2018       73.23       75.39       73.23       75.39          1877754.03
10/30/2018       74.29       74.38       72.59       72.96          3076052.43
10/29/2018       75.25       75.71       74.38       75.21           499719.59
10/26/2018       74.34       75.16       73.51       74.34           654993.23
10/25/2018       75.58       75.58       74.34       74.66          1847516.53
10/24/2018       76.36       76.63       75.81       75.81          1204814.44
10/23/2018       76.72       77.14       76.08       76.17          1221169.93
10/22/2018       75.71       76.72       75.35       76.49          1948090.26
10/19/2018       75.39       76.13       74.38       76.13          1332018.96
10/18/2018       76.13       76.13       74.52       75.25          1437343.52
10/17/2018       74.61       76.58       74.61       76.13          3030145.91
10/16/2018       74.29       75.25       73.97       74.34           571014.71
10/15/2018       75.53       75.85       74.06       74.29           832451.92
10/12/2018       75.16       75.48       74.52       74.52          1622048.32
10/11/2018       74.34       75.16       73.47       75.16           745128.21
10/10/2018       75.58       75.58       74.66       75.16          1955554.29
10/09/2018       74.89       75.35       74.84       75.35           827494.06
10/08/2018       74.52       75.76       74.43       75.16           534577.16
10/05/2018       74.52       74.66       73.97       74.34          2043989.44
10/04/2018       74.61       74.61       73.88       73.88           957749.57
10/03/2018       75.62       75.62       72.82       74.43          1325960.57
10/02/2018       76.63       76.68       75.25       75.58           958348.87
10/01/2018       76.86       77.36       75.16       76.63          2756079.78
09/28/2018       74.38       76.81       74.38       76.45          3571293.60
09/27/2018       74.66       75.67       73.19       73.19          2763053.47
09/26/2018       78.01       78.05       74.38       74.38          2001166.61
09/25/2018       80.58       80.58       78.01       78.01          1256158.26
09/24/2018       77.00       80.94       76.31       80.94          2832169.31
09/21/2018       74.57       77.00       74.34       77.00          3060862.85
09/20/2018       73.23       74.38       73.14       73.42          2339674.03
09/19/2018       74.61       76.36       72.41       72.96          5404546.75
09/18/2018       78.56       78.60       74.02       75.35          5234355.95
09/17/2018       79.20       79.20       78.28       78.60           672122.36
09/14/2018       79.20       80.76       78.47       78.92          5144526.07
09/13/2018       79.02       79.20       78.88       79.02          7317398.07
09/12/2018       79.48       79.48       78.79       78.79          3442650.76
09/11/2018       79.84       79.84       78.92       79.75          3930101.01
09/10/2018       81.77       81.77       79.98       80.44          2729852.15
09/07/2018       81.86       83.33       81.17       81.86          3760356.96
09/06/2018       82.60       82.64       81.31       81.68          3711214.21
09/05/2018       84.34       84.34       81.72       82.60          2246673.29
09/04/2018       85.35       85.35       84.06       84.34          1550807.69
09/03/2018       86.50       86.59       84.34       84.43          1222553.77
08/31/2018       86.27       86.73       85.44       86.04          1443064.13
08/30/2018       85.81       86.91       85.39       86.27          1146257.21
08/29/2018       85.85       85.90       85.07       85.35          1239497.67
08/28/2018       85.07       87.37       85.03       85.85          1293238.69
08/24/2018       87.19       87.19       84.89       85.07          1012482.17
08/23/2018       83.79       87.92       83.79       87.92          2189565.28
08/22/2018       83.06       84.39       82.78       83.61          1495279.65
08/20/2018       83.97       83.97       82.64       82.69          1109547.26
08/17/2018       85.07       86.73       82.14       82.14          4211751.03
08/16/2018       85.35       85.81       84.61       85.17          1039679.57
08/15/2018       84.80       85.81       84.66       85.81           486349.71
08/14/2018       87.37       87.37       84.43       84.80          1620708.06
08/13/2018       88.97       88.97       87.51       87.64           656769.34
08/10/2018       90.03       90.03       88.56       88.97           871907.77
08/09/2018       89.20       90.03       88.84       89.02           572801.71
08/08/2018       90.03       90.03       89.02       89.20           757996.85
08/07/2018       90.40       91.04       89.02       89.02           961596.00
08/06/2018       89.25       92.23       88.56       90.40          1841283.80
08/03/2018       88.10       89.25       87.92       89.02          2406000.38
08/02/2018       87.92       87.97       87.78       87.92          1960730.08
08/01/2018       88.10       88.56       87.73       87.92          3454560.52
07/31/2018       91.64       91.64       89.48       89.94          2763445.74
07/30/2018       91.86       92.14       90.95       91.68          2408114.29
07/27/2018       91.31       92.69       90.90       92.69          2158390.69
07/26/2018       90.86       91.77       90.81       91.31          2118444.51
07/25/2018       88.15       92.69       88.15       90.67          3205065.75
07/24/2018       87.37       88.10       87.37       88.10          1589315.55
07/23/2018       87.64       87.64       87.19       87.46          3176985.74
07/20/2018       89.02       89.02       87.64       87.64           546214.51
07/19/2018       88.75       88.75       88.06       88.10           482067.43
07/18/2018       87.46       89.02       87.46       89.02           422671.18
07/17/2018       88.38       88.52       87.23       87.64          1561671.39
07/16/2018       88.10       88.65       86.82       88.65          1114766.63
07/13/2018       89.94       89.94       86.91       88.10          2358415.83
07/12/2018       86.45       89.30       85.49       88.10          3149603.10
07/11/2018       83.51       87.19       83.51       86.36          4631414.81
07/10/2018       82.14       83.51       80.94       83.51          2514844.48
07/09/2018       80.30       81.68       79.84       81.68          1049126.74
07/06/2018       79.16       80.30       79.11       80.30          2369028.91
07/05/2018       80.85       80.85       79.02       79.20          4799687.84
07/04/2018       80.94       80.94       80.03       80.76          2319918.86
07/03/2018       80.30       81.50       80.16       80.94          3168410.28
07/02/2018       81.22       81.36       79.38       80.30          2312193.32
06/29/2018       80.76       82.60       80.76       81.22          2815879.19
06/28/2018       82.32       82.32       81.22       81.40          1983579.82
06/27/2018       78.92       82.69       78.24       82.60          2502858.44
06/26/2018       81.22       81.22       78.01       78.92          2832517.99
06/25/2018       83.15       83.19       80.30       80.58          1830180.37
06/22/2018       82.41       82.41       78.05       80.76          6981429.51
06/21/2018       83.83       83.83       82.50       83.06          2302593.59
06/20/2018       84.57       85.81       83.51       83.51          1219589.95
06/19/2018       84.52       85.30       84.52       84.52          2087869.22
06/18/2018       86.86       86.86       84.52       84.75          1915520.94
06/14/2018       88.56       90.63       87.37       87.97          4735486.28
06/13/2018       90.76       90.76       88.56       90.53          1231063.86
06/11/2018       91.31       91.36       90.76       90.76           605828.69
06/08/2018       91.59       91.96       90.86       91.13           737250.11
06/07/2018       90.86       91.77       90.21       91.59          3670930.24
06/06/2018       91.45       91.45       90.53       90.53          1396155.15
06/05/2018       90.58       91.77       89.07       91.45          1386980.38
06/04/2018       90.21       90.90       89.98       90.53           889963.10
06/01/2018       87.28       91.08       87.28       90.86          1932246.90
05/31/2018       88.97       89.85       87.19       87.19          3630548.20
05/30/2018       90.86       90.90       87.19       88.10          1376944.80
05/29/2018       91.27       91.77       90.40       91.77          3347863.01
05/28/2018       89.07       91.31       88.56       91.22           558353.09
05/25/2018       89.94       89.94       88.47       89.02          2140150.13
05/24/2018       88.01       90.86       86.73       90.86          1152544.43
05/23/2018       89.57       89.57       85.35       86.27          2723107.28
05/22/2018       89.75       89.75       88.47       89.30          1010760.54
05/21/2018       91.22       91.22       89.66       89.66           813426.81
05/18/2018       91.31       91.68       90.67       91.31          1366865.63
05/17/2018       91.50       93.42       90.86       90.86          2789161.23
05/16/2018       91.04       91.77       89.02       90.86          1155704.39
05/15/2018       89.94       91.04       89.85       90.76          2160853.28
05/11/2018       89.48       90.17       88.10       89.94          3724017.48
05/10/2018       87.83       88.65       87.19       87.92          2558615.30
05/09/2018       89.16       89.16       86.73       88.10          1790855.28
05/08/2018       89.57       89.94       89.02       89.34          1602729.01
05/07/2018       90.86       90.86       89.11       89.57          1299972.66
05/04/2018       91.08       91.08       88.01       90.26           978659.75
05/03/2018       94.07       94.07       91.04       91.73          1662877.11
05/02/2018       96.00       96.27       92.97       93.61          1411181.27
04/30/2018       94.53       96.36       94.53       96.36          2001972.94
04/27/2018       96.27       96.73       94.53       94.53          1734324.78
04/26/2018       94.80       96.36       94.80       96.36           603475.07
04/25/2018       97.19       98.11       93.70       96.36          1143369.67
04/24/2018       98.84       99.85       95.54       95.54           953031.43
04/23/2018       97.28       99.11       96.36       99.11           890224.61
04/20/2018       96.36       98.20       96.36       97.28           565348.58
04/19/2018       93.24      100.03       91.77      100.03          3308254.61
04/18/2018       93.61       96.73       93.61       95.44           722180.40
04/17/2018       95.72       96.09       93.88       94.53          1788741.38
04/16/2018       97.28       98.20       97.28       97.46           473993.20
04/13/2018       99.85       99.85       97.28       98.47          1673054.35
04/12/2018       96.55      100.03       95.44      100.03          1784143.10
04/11/2018       96.36       96.36       94.89       95.26          1517366.65
04/10/2018       99.57       99.57       96.18       96.36          2585834.49
04/06/2018       99.11      100.49       97.19       99.21           936959.25
04/05/2018       97.74       99.30       97.74       99.11          1911805.27
04/04/2018      100.95      100.95       98.66       98.66          1890753.43
04/03/2018      101.13      102.33       99.76       99.76          1201425.66
04/02/2018      102.64      102.99       98.00      102.64          2564312.09
03/28/2018      100.94      104.42      100.94      104.42          1497638.67
03/27/2018       97.28      102.64       97.28      102.64          1939214.73
03/26/2018       96.83       97.55       96.83       97.55           755161.18
03/23/2018       99.33       99.51       97.28       97.37          2714096.13
03/22/2018       97.46      100.85       97.28       99.96          4332128.98
03/21/2018      101.03      101.03       97.28       97.46          2126366.34
03/20/2018      102.55      102.55      100.41      101.03          1573158.15
03/19/2018      102.10      102.64      101.30      102.64          1109564.91
03/16/2018      102.72      102.72      101.83      102.37          4704919.57
03/15/2018      102.81      102.81       98.17      102.37          3755547.84
03/14/2018      105.58      105.58      102.46      102.81          3928738.44
03/13/2018      107.10      107.10      105.31      105.94          1079861.32
03/12/2018      104.24      106.30      104.24      106.21          1297736.14
03/09/2018      105.14      105.31      104.69      104.87          1432080.14
03/08/2018      105.14      105.76      104.60      105.14          2166400.63
03/07/2018      105.31      105.40      105.05      105.14          1672801.28
03/06/2018      105.05      105.31      104.96      105.05          1680297.21
03/05/2018      105.31      105.31      104.87      105.05          1415105.07
03/02/2018      105.40      105.76      105.31      105.49          3919987.59
03/01/2018      107.10      107.10      105.67      105.76          2297383.23
02/28/2018      106.21      115.13      105.31      107.01          3039031.57
02/27/2018      107.72      107.90      106.38      107.01          1809072.48
02/26/2018      106.74      108.88      106.65      108.88          1384370.65
02/23/2018      106.47      107.10      106.47      106.74          1317064.20
02/22/2018      107.54      107.54      106.65      106.65          1837375.48
02/21/2018      108.26      109.78      107.99      107.99          2055608.85
02/20/2018      111.03      111.03      109.60      110.31          1330957.99
02/19/2018      106.21      114.42      106.21      111.03          4384040.22
02/15/2018      105.22      109.78      105.14      107.10           855790.32
02/14/2018      107.10      107.10      105.05      106.21          2272015.86
02/13/2018      105.22      107.10      104.78      107.10          3886127.07
02/12/2018      105.22      105.31      104.69      104.96          1561269.99
02/09/2018      104.87      106.21      104.24      105.22          1680431.66
02/08/2018      106.21      107.10      105.31      106.12          1137598.99
02/07/2018      107.10      107.10      106.30      106.65          1913746.52
02/06/2018      105.31      107.10      104.42      105.31          3375395.78
02/05/2018      105.14      108.70      102.81      108.70          1293388.73
02/02/2018      107.01      107.10      105.94      107.10           997473.38
02/01/2018      106.38      108.88      106.38      107.01           752942.65
01/31/2018      106.21      107.81      105.14      106.38          2509196.32
01/30/2018      107.01      107.10      105.14      107.10          1849577.37
01/29/2018      105.22      107.81      105.22      107.10          1132086.29
01/26/2018      105.22      105.31      104.51      105.14          1732555.79
01/25/2018      105.40      105.67      104.87      105.22          2589959.59
01/24/2018      107.72      107.72      104.78      105.40          3091738.34
01/23/2018      109.33      109.78      107.45      107.99          2789279.47
01/22/2018      106.92      110.31      106.92      110.13          4953820.13
01/19/2018      102.46      110.49      100.85      110.22         11139246.43
01/18/2018       91.03      102.64       90.41      102.64          8948822.98
01/17/2018      102.90      104.06      101.65      102.19          1480013.72
01/16/2018      103.97      105.58      102.90      102.90          1855504.64
01/15/2018      104.42      104.42      100.85      103.97          1506781.68
01/12/2018      104.42      104.78      103.71      104.24          1684521.37
01/11/2018      106.47      106.47      102.72      104.78          2488602.14
01/10/2018      102.64      106.65      102.46      106.65          3646739.29
01/09/2018      101.56      103.08      100.85      102.72          1597001.69
01/08/2018      101.65      101.74      101.30      101.56          1708589.00
01/05/2018      100.58      101.83      100.41      101.56          2485588.08
01/04/2018       98.17      100.67       98.00      100.58          1789049.74
01/03/2018       96.48       98.62       96.39       98.17          2052471.54
12/29/2017       95.23       97.37       94.60       96.48          3012767.83
12/28/2017       94.16       95.94       94.16       95.23          1459251.47
12/27/2017       94.60       94.60       93.71       94.60           754365.65
12/22/2017       93.89       94.60       93.71       94.60           554821.67
12/21/2017       93.44       94.34       93.27       94.16          1302755.83
12/20/2017       93.53       93.53       92.82       93.44          1603982.20
12/19/2017       94.60       94.60       92.46       93.53          2368577.71
12/18/2017       91.75       94.60       91.75       94.51           654621.67
12/15/2017       93.80       93.80       91.93       91.93          3479296.69
12/14/2017       93.00       94.96       93.00       94.96          1384325.84
12/13/2017       93.71       94.16       93.44       94.16          2294705.31
12/12/2017       92.82       93.89       92.46       93.71          1766931.72
12/11/2017       92.37       92.91       91.03       92.82           924721.46
12/08/2017       91.84       92.37       90.86       92.37          1528507.54
12/07/2017       91.03       91.93       90.50       91.84          1035826.97
12/06/2017       91.48       91.84       90.14       90.59          1122416.66
12/05/2017       89.11       91.48       88.98       91.48          4084718.65
12/04/2017       89.69       91.03       88.98       88.98          2253752.24
12/01/2017       90.50       91.84       88.36       89.43          2199913.80
11/29/2017       91.03       91.84       90.59       91.84          5484294.05
11/28/2017       91.03       92.10       90.77       91.03          1630391.60
11/27/2017       92.37       92.37       89.43       92.10          1222205.46
11/24/2017       90.14       92.73       89.25       92.73          1560552.89
11/23/2017       90.14       90.41       89.69       90.23          1340840.51
11/22/2017       89.25       90.41       88.62       90.14          2758612.29
11/21/2017       87.91       89.69       87.28       88.62          1569595.06
11/20/2017       87.46       88.36       87.02       87.91          2795856.61
11/17/2017       86.97       87.37       86.66       87.06          1473750.31
11/16/2017       87.20       87.46       86.21       87.02          3219068.22
11/15/2017       89.96       89.96       87.46       88.00           707776.63
11/14/2017       88.36       89.96       88.36       89.96          8211297.96
11/13/2017       88.36       88.89       88.09       88.36          2222491.21
11/10/2017       88.71       89.03       88.36       88.36           901225.26
11/09/2017       88.94       89.25       88.09       88.71          1975775.57
11/08/2017       87.46       88.89       87.46       88.89          1525908.05
11/07/2017       87.46       87.91       87.02       87.46          2443043.95
11/06/2017       86.12       87.46       86.12       87.46          2165313.78
11/03/2017       88.36       88.36       85.32       85.32          2881236.20
11/02/2017       87.28       89.16       87.20       89.03          5915270.49
10/30/2017       87.46       87.60       86.93       87.46          1501437.05
10/27/2017       86.35       87.46       86.21       87.46           734365.31
10/26/2017       87.02       87.46       86.35       87.46          1941746.99
10/25/2017       87.28       87.51       87.02       87.28          1730639.79
10/24/2017       87.46       87.51       87.28       87.46          2642206.96
10/23/2017       87.46       87.91       86.57       87.46          1824086.74
10/20/2017       87.46       87.69       87.24       87.46          2053457.55
10/19/2017       87.46       87.73       86.93       87.46          2979837.30
10/18/2017       87.55       87.73       85.86       87.02          3086124.80
10/17/2017       88.00       88.98       87.11       87.46          3727782.67
10/13/2017       90.14       90.14       88.98       89.16          2764326.67
10/12/2017       90.59       90.77       88.67       89.25          2348162.80
10/11/2017       90.50       90.94       90.41       90.68           885729.20
10/10/2017       90.94       90.94       90.14       90.59          1465212.35
10/09/2017       91.57       91.57       90.68       91.12           550787.99
10/06/2017       91.03       91.03       90.68       90.68          1156209.95
10/05/2017       91.30       91.48       90.68       90.94           496131.60
10/04/2017       91.03       91.39       90.59       91.03          1208154.80
10/03/2017       90.94       91.03       90.41       90.86          1595780.38
10/02/2017       91.03       91.12       89.16       90.23          2119688.36
09/29/2017       88.76       89.11       88.67       88.76          3313568.41
09/28/2017       90.50       90.68       88.31       88.76          3990969.18
09/27/2017       90.50       90.50       88.98       89.61          2752460.92
09/26/2017       90.32       90.32       88.80       89.25          2378393.00
09/25/2017       90.68       90.68       89.43       90.23          1563835.86
09/22/2017       91.39       91.39       90.32       90.68          1220872.10
09/21/2017       91.30       91.30       90.50       90.59          1798528.89
09/20/2017       91.84       91.84       90.68       91.03          2031227.49
09/19/2017       92.82       92.82       91.03       91.57           658722.58
09/18/2017       90.14       92.82       90.14       92.82           520793.08
09/15/2017       91.03       91.03       89.78       90.14          4649646.94
09/14/2017       91.03       91.93       90.86       90.94          1539107.15
09/13/2017       91.93       93.09       90.94       91.03          3433122.25
09/11/2017       91.93       92.02       90.59       91.03          2647069.79
09/08/2017       91.66       92.55       91.12       92.37          2123878.91
09/07/2017       93.53       93.53       91.03       91.66          2703418.08
09/06/2017       93.27       93.27       91.66       91.93          2018599.82
09/05/2017       94.60       94.60       92.82       93.35          2280318.52
09/04/2017       94.60       94.60       93.71       94.25          1620441.86
08/31/2017       92.10       94.51       91.48       94.51          2002117.75
08/30/2017       93.44       94.25       92.28       92.37           788831.21
08/29/2017       93.71       93.71       92.37       92.55          2009367.17
08/25/2017       93.71       93.71       93.27       93.27          3830439.86
08/24/2017       94.25       94.25       93.44       93.71           722286.67
08/23/2017       93.71       94.07       93.62       93.80          1132814.60
08/22/2017       94.42       94.60       93.35       93.80          1712421.00
08/18/2017       94.60       94.60       93.44       93.71           975075.25
08/17/2017       95.50       95.50       93.35       93.62           489005.43
08/16/2017       94.60       95.05       93.80       94.69           378773.89
08/15/2017       95.41       95.41       93.44       94.34           128607.21
08/14/2017       93.71       93.71       93.35       93.53           694745.59
08/11/2017       94.60       94.60       93.35       93.62           337876.84
08/10/2017       93.62       94.60       93.35       94.60           374628.16
08/09/2017       94.16       94.16       93.44       93.53           338235.39
08/08/2017       95.23       95.32       92.91       93.53          1113374.49
08/07/2017       94.78       94.78       93.71       94.34           530227.42
08/04/2017       94.16       94.78       93.71       94.07           822400.41
08/03/2017       94.60       94.60       93.44       94.07           400085.17
08/02/2017       94.60       95.50       92.46       92.46          1684454.14
08/01/2017       93.71       94.60       92.37       92.73          1068567.02
07/31/2017       94.60       94.60       92.82       93.35          2957954.58
07/28/2017       96.83       96.83       95.50       95.85           619898.40
07/27/2017       95.67       96.48       95.14       95.14          1151750.49
07/26/2017       95.67       95.67       95.14       95.41          1571869.61
07/25/2017       95.67       95.67       95.05       95.41           479537.49
07/24/2017       95.50       95.50       94.60       95.50          1164826.34
07/21/2017       93.89       95.50       93.09       95.50          1767738.46
07/20/2017       93.71       93.89       93.27       93.89          1464058.27
07/19/2017       93.71       93.89       93.00       93.35          1291685.62
07/18/2017       92.02       93.71       92.02       93.00          1315282.66
07/17/2017       91.48       92.19       90.50       92.02          1158372.45
07/14/2017       92.82       92.82       91.39       91.66          1571936.84
07/13/2017       92.19       93.71       91.84       92.55          1912379.55
07/12/2017       92.02       92.19       91.03       92.02          1334207.34
07/11/2017       92.46       92.46       90.59       91.93           924318.09
07/10/2017       91.93       92.46       91.93       92.28          1280402.52
07/07/2017       92.19       92.19       91.75       91.84          2590262.11
07/06/2017       92.64       92.73       91.75       91.93          3473347.01
07/05/2017       93.00       93.00       92.37       92.64          1894183.16
07/04/2017       92.55       93.27       92.46       92.82           845717.32
07/03/2017       92.82       93.35       92.46       93.27          1070617.47
06/30/2017       93.27       93.27       91.93       92.82          3503644.44
06/29/2017       93.71       93.89       91.93       93.62          2981932.57
06/28/2017       93.53       94.07       93.27       93.98          2147117.39
06/27/2017       93.71       93.80       92.82       93.71          1652879.38
06/23/2017       93.71       93.71       92.19       93.44          1573494.29
06/22/2017       94.16       94.16       92.55       93.71          3228905.92
06/21/2017       93.71       94.34       93.62       94.34          2071777.19
06/20/2017       93.71       94.60       93.35       93.89           976363.78
06/19/2017       94.69       94.69       93.27       93.89          1837196.21
06/16/2017       93.71       94.07       93.00       93.71          2410359.92
06/15/2017       94.87       94.87       93.17       93.71          1475699.92
06/14/2017       93.89       94.87       93.89       94.87          1405771.57
06/13/2017       93.89       94.51       93.53       94.34           696112.56
06/09/2017       92.82       94.69       92.82       94.51          1703199.55
06/08/2017       93.80       94.60       93.00       94.51          1781609.84
06/07/2017       92.19       95.14       92.19       95.14          1447587.40
06/06/2017       95.05       95.14       93.89       93.98          2824955.14
06/05/2017       94.42       95.14       93.71       95.14          1557594.86
06/02/2017       94.78       95.23       93.62       93.62           857235.73
06/01/2017       93.98       95.05       93.98       95.05           817604.81
05/31/2017       94.16       94.16       93.89       94.07          6327098.16
05/30/2017       94.16       94.60       94.16       94.16          1582323.57
05/29/2017       94.07       94.60       93.71       94.16           611080.32
05/26/2017       94.51       94.60       93.35       94.07          3127851.00
05/25/2017       94.51       94.51       93.71       94.42          1235359.74
05/24/2017       94.42       94.60       93.71       94.51          1349019.92
05/23/2017       94.51       95.50       94.16       94.34          2401642.69
05/22/2017       94.87       95.41       93.89       94.51          1701350.78
05/19/2017       94.60       94.78       94.51       94.69           884295.01
05/18/2017       93.89       94.96       93.71       94.60          1385110.16
05/17/2017       94.60       95.58       94.51       94.51          1953556.71
05/16/2017       94.60       95.32       93.27       94.60          2043899.97
05/15/2017       95.41       95.50       93.89       94.60          1144209.75
05/12/2017       93.80       95.50       92.82       95.23          1599892.49
05/11/2017       93.71       94.42       93.62       93.89          1957086.18
05/10/2017       93.71       94.51       93.62       93.71          2857650.37
05/09/2017       94.60       94.60       93.80       94.25          4968442.22
05/08/2017       94.51       95.50       93.80       94.60          2230390.50
05/05/2017       93.27       95.50       93.27       93.80          2372118.38
05/04/2017       92.82       93.89       92.82       93.53          1908166.59
05/03/2017       93.17       93.35       93.00       93.09           743710.00
05/02/2017       93.00       93.35       92.82       93.35          1371059.51
04/27/2017       93.62       93.62       93.27       93.53          1181095.52
04/26/2017       93.62       93.62       93.35       93.62           971870.71
04/25/2017       93.44       94.51       93.44       93.62          1287842.42
04/24/2017       93.44       93.71       93.35       93.53           185493.32
04/21/2017       94.42       94.60       92.91       93.44           982089.37
04/20/2017       94.34       94.60       94.34       94.42           623640.76
04/19/2017       95.50       95.50       92.91       94.60          2112315.69
04/18/2017       93.89       94.69       93.35       94.69           366493.57
04/17/2017       93.71       94.42       93.62       93.80           560872.19
04/12/2017       93.53       94.07       93.27       93.71          1865790.53
04/11/2017       93.71       93.80       93.35       93.53           756001.53
04/10/2017       92.82       94.60       92.46       93.98           894502.46
04/07/2017       93.71       95.50       93.71       93.98          2793593.27
04/06/2017       95.32       95.50       94.34       94.51          1852927.56
04/05/2017       94.16       96.30       94.16       95.50          2332745.17
04/04/2017       92.37       94.60       92.37       94.16          4916351.71
04/03/2017       90.41       92.37       90.14       92.37          1211908.37
03/31/2017       90.14       90.41       90.05       90.32          1175045.00
03/30/2017       89.25       90.50       89.25       90.14          1284301.74
03/29/2017       90.94       91.03       89.25       89.87          1154114.68
03/28/2017       88.98       91.03       88.94       91.03          1664935.60
03/27/2017       89.03       89.20       88.36       88.98          1192423.44
03/24/2017       89.52       89.69       88.94       88.94          2081939.83
03/23/2017       90.14       90.14       89.16       89.25          1030919.32
03/22/2017       89.25       89.69       88.04       89.25           458741.62
03/21/2017       89.07       91.03       89.07       89.25          1473862.36
03/20/2017       91.93       91.93       88.80       89.25           740314.99
03/17/2017       87.02       91.93       87.02       91.39          3415374.05
03/16/2017       87.33       88.58       87.33       88.31           386718.00
03/15/2017       86.62       88.27       86.62       88.27           918962.26
03/14/2017       87.33       87.46       86.84       87.11           668067.27
03/13/2017       87.02       87.46       86.97       87.11           610060.69
03/10/2017       87.69       87.86       87.02       87.02          1154383.59
03/09/2017       88.85       88.85       88.22       88.36          1727939.47
03/08/2017       88.58       89.07       88.58       88.85          1981489.95
03/07/2017       87.55       89.03       87.46       88.80          3521560.71
03/06/2017       86.57       87.91       85.72       87.46           750264.74
03/03/2017       85.86       86.57       84.70       86.39          1579051.80
03/02/2017       84.38       85.86       84.38       85.86           718779.61
03/01/2017       83.89       84.61       83.67       84.38          1245275.87
02/28/2017       85.41       85.41       83.89       83.89          1207504.93
02/27/2017       84.83       85.45       84.83       85.32           663798.29
02/24/2017       85.68       85.68       84.12       84.79           395984.26
02/23/2017       84.07       85.86       84.07       85.68          1820792.57
02/22/2017       84.61       85.10       84.07       84.07          1280189.63
02/21/2017       84.97       85.01       83.89       84.79           628940.56
02/20/2017       84.79       84.97       84.34       84.92          1739144.14
02/17/2017       84.74       84.79       83.63       84.79          1550087.73
02/16/2017       82.73       84.79       82.73       84.61          2203476.89
02/15/2017       84.16       84.65       82.11       82.64          1355888.38
02/14/2017       83.89       84.79       83.89       84.16          1298475.65
02/13/2017       83.00       83.89       82.73       83.89           851017.13
02/10/2017       82.47       83.18       82.38       83.00          9328179.51
02/09/2017       81.13       82.47       81.13       82.38          3200345.22
02/08/2017       81.62       81.62       81.08       81.13          2068113.26
02/07/2017       82.06       82.06       81.48       81.66          2049166.16
02/06/2017       82.11       82.11       81.22       81.97           872608.53
02/03/2017       82.11       82.11       80.37       80.77          1954184.17
02/02/2017       80.32       81.66       80.32       81.22          3046112.93
02/01/2017       82.20       82.20       80.01       80.32          1234295.30
01/31/2017       82.11       82.11       79.97       79.97          1326005.53
01/30/2017       82.56       82.56       82.20       82.20           565947.91
01/27/2017       82.56       82.60       82.29       82.38           854008.78
01/26/2017       81.75       82.60       81.75       82.29          2415592.50
01/25/2017       82.56       82.56       81.22       81.66           633086.29
01/24/2017       81.66       81.66       81.22       81.22           583819.36
01/23/2017       80.32       81.66       80.14       81.22          1966666.18
01/20/2017       81.66       81.66       80.23       80.32          2900631.48
01/19/2017       82.56       82.56       80.23       80.28          1808501.05
01/18/2017       79.43       80.37       79.12       79.43          2634755.86
01/17/2017       81.66       81.66       79.43       79.43          2806938.03
01/16/2017       82.02       82.56       81.22       81.39           862210.60
01/13/2017       82.60       82.60       81.93       81.93           496960.75
01/12/2017       82.33       82.91       82.24       82.29          1750102.30
01/11/2017       82.51       82.87       81.89       82.33           489408.80
01/10/2017       81.66       82.56       81.66       82.47           707899.88
01/09/2017       82.11       82.78       81.71       81.75           808909.98
01/06/2017       82.11       82.56       82.02       82.11          1954139.35
01/05/2017       80.77       83.09       80.14       82.11          3118954.49
01/04/2017       79.43       80.68       79.16       80.32          2214692.76
01/03/2017       79.03       79.34       78.00       78.98          1227325.99
12/29/2016       79.39       79.52       79.03       79.25          1938497.63
12/28/2016       78.49       79.43       78.49       79.34          1205476.88
12/27/2016       78.00       78.72       78.00       78.49           411838.87
12/23/2016       78.54       78.81       77.73       78.00          1060835.79
12/22/2016       78.81       78.81       77.83       78.76          1306565.42
12/21/2016       78.54       78.98       78.54       78.81          1629327.16
12/20/2016       76.66       77.65       76.31       77.65          1681563.33
12/19/2016       80.50       80.50       76.66       76.66          1870418.06
12/16/2016       81.17       81.17       79.25       79.97          1534266.74
12/15/2016       79.43       80.23       78.05       79.88          3032869.01
12/14/2016       78.54       79.61       78.41       79.43          1682493.32
12/13/2016       77.73       78.63       77.65       78.54          1707434.92
12/12/2016       81.57       81.93       77.65       77.65          3000823.65
12/09/2016       82.73       82.73       81.48       81.57          2228552.94
12/08/2016       82.47       82.56       81.35       82.11          1949097.25
12/07/2016       80.23       82.33       80.23       81.62           484579.59
12/06/2016       80.41       80.59       80.19       80.32          2331344.59
12/05/2016       83.00       83.00       80.06       80.32          3350577.44
12/02/2016       83.45       83.45       80.86       81.71          1241197.37
12/01/2016       82.11       83.40       80.81       83.00          1182787.43
11/29/2016       80.77       80.81       79.61       80.32          6706230.59
11/28/2016       80.59       81.66       80.41       80.77          2749458.07
11/25/2016       82.11       82.11       80.50       80.77          1743995.76
11/24/2016       83.89       83.89       81.84       82.02           888631.21
11/23/2016       82.96       83.89       81.39       83.89           844966.61
11/22/2016       83.89       83.89       83.00       83.00          1564127.18
11/21/2016       85.32       85.68       83.58       83.89          1259393.76
11/18/2016       85.14       85.63       84.21       85.41           664504.19
11/17/2016       84.16       86.84       84.12       85.14          1538098.73
11/16/2016       83.94       84.56       83.94       84.12          1978968.90
11/15/2016       83.89       84.74       83.89       84.21          1936223.09
11/14/2016       84.79       85.77       83.89       84.25          2444276.46
11/11/2016       85.72       85.77       84.83       85.77          2420836.29
11/10/2016       85.86       86.57       85.86       86.26          2898267.30
11/09/2016       86.70       86.84       82.11       86.12          2871510.55
11/08/2016       87.42       87.46       85.59       86.70          7390533.43
11/07/2016       86.84       86.97       85.72       85.90          1850821.09
11/04/2016       86.75       87.46       86.57       87.06          1838652.81
11/03/2016       87.55       87.78       86.57       86.84          2174546.43
11/02/2016       90.23       91.03       87.86       88.00          2065995.58
10/28/2016       91.03       91.03       88.36       90.23          2495089.64
10/27/2016       91.48       91.48       90.59       91.03          2526922.11
10/26/2016       91.57       92.37       91.03       91.66          1441267.97
10/25/2016       92.10       93.53       92.10       92.37          1831078.46
10/24/2016       92.37       92.91       92.28       92.28          1010750.92
10/21/2016       93.27       93.27       92.37       92.91          1922945.55
10/20/2016       91.12       93.62       91.12       92.91          1344426.00
10/19/2016       91.93       93.53       91.75       92.73          2087654.21
10/18/2016       91.03       92.02       91.03       91.93          1365602.83
10/17/2016       91.21       91.93       91.03       91.48          1270643.25
10/14/2016       91.48       92.46       91.48       92.10          1204849.42
10/13/2016       92.37       92.82       90.14       91.48          1890564.05
10/12/2016       92.82       93.27       92.64       92.73          2808215.36
10/11/2016       93.53       93.71       93.00       93.17           967243.18
10/10/2016       92.37       93.71       92.19       92.82          1887897.34
10/07/2016       94.16       94.16       92.19       92.19          2152854.18
10/06/2016       93.98       94.16       93.89       94.07          1027591.54
10/05/2016       94.07       94.07       93.35       94.07           939164.28
10/04/2016       93.53       93.98       93.44       93.98          1693003.30
10/03/2016       93.71       93.89       93.35       93.80           745133.00
09/30/2016       93.71       93.80       93.44       93.71          1864905.36
09/29/2016       93.71       93.89       93.53       93.71           904631.48
09/28/2016       93.27       93.71       93.27       93.71           252990.26
09/27/2016       93.71       93.71       92.02       93.27           978044.48
09/26/2016       94.07       94.07       92.82       93.71           788887.24
09/23/2016       94.51       94.51       92.73       94.16          1816814.91
09/22/2016       93.89       94.51       93.71       94.51          1061597.71
09/21/2016       95.32       95.32       92.82       93.80          1658885.08
09/20/2016       92.64       93.17       92.55       92.91          2426259.35
09/19/2016       94.25       94.25       92.02       92.64          1758785.92
09/16/2016       95.14       95.14       92.64       94.42          2298436.47
09/15/2016       91.66       96.30       91.30       96.30          1199269.50
09/14/2016       93.00       93.00       91.84       92.46          3049619.99
09/13/2016       94.60       94.78       91.48       93.00          1458422.32
09/09/2016       93.62       94.16       93.00       93.62          2075665.21
09/08/2016       93.71       94.16       93.62       93.71          4685737.18
09/07/2016       93.71       94.69       93.71       94.51          1309859.60
09/06/2016       94.60       94.60       94.16       94.60          1526513.10
09/05/2016       93.71       94.60       93.35       93.80          1047513.44
09/02/2016       93.71       95.14       93.71       94.60          1312122.94
09/01/2016       94.16       94.60       93.27       94.60          2340409.16
08/31/2016       92.82       94.16       92.82       94.16          3443721.86
08/30/2016       92.82       93.17       92.19       92.64          2128573.66
08/26/2016       94.16       94.16       92.82       93.80          1916032.27
08/25/2016       93.71       94.07       91.84       93.62          4670487.62
08/24/2016       94.60       94.60       93.44       93.71          2473397.40
08/23/2016       93.62       94.60       93.35       94.60          1100836.47
08/22/2016       93.71       93.71       93.53       93.71           817167.82
08/19/2016       93.44       93.71       93.44       93.71          8828025.43
08/18/2016       92.91       93.71       92.91       93.44          1828815.11
08/17/2016       93.27       93.35       92.37       92.91          1349636.18
08/16/2016       92.19       93.27       91.93       93.27          2651966.23
08/15/2016       92.19       92.37       91.21       92.19          1067536.19
08/12/2016       91.93       92.19       91.84       92.19           953427.82
08/11/2016       92.64       92.64       91.21       91.93          1715838.42
08/10/2016       92.64       92.73       90.68       92.73          1073474.66
08/09/2016       91.03       92.82       85.68       92.73          2558283.98
08/08/2016       91.03       91.66       88.80       91.03          3352011.64
08/05/2016       91.03       91.03       90.14       90.41          1071950.83
08/04/2016       88.89       91.03       88.36       91.03          2979389.11
08/03/2016       88.80       88.94       86.79       88.94          1687098.44
08/02/2016       87.78       88.89       87.73       88.89          2131195.56
08/01/2016       86.04       88.09       85.99       87.91          1560452.05
07/29/2016       86.48       88.00       85.68       85.68          1299203.95
07/28/2016       87.02       88.00       86.39       88.00          1337120.56
07/27/2016       87.20       87.46       87.02       87.20           503638.73
07/26/2016       87.20       88.31       87.02       87.20          1294072.21
07/25/2016       86.39       88.44       86.39       87.20          2728214.01
07/22/2016       88.31       88.36       85.77       85.77          1112310.05
07/21/2016       88.80       88.80       88.27       88.31          1265870.06
07/20/2016       88.36       89.03       88.31       88.80          3192322.67
07/19/2016       88.36       88.76       87.55       88.36          2084584.13
07/18/2016       88.36       88.80       88.18       88.27           978806.40
07/15/2016       88.36       88.80       88.31       88.36          4851779.19
07/14/2016       88.36       88.36       87.55       88.18           914805.32
07/13/2016       87.91       90.14       87.91       88.36          3580934.26
07/12/2016       88.18       88.18       87.60       87.82          1998084.07
07/11/2016       88.36       88.36       87.78       88.18          1425144.45
07/08/2016       87.86       88.76       87.64       88.36           678767.73
07/07/2016       88.36       88.76       87.46       87.86           506865.68
07/05/2016       88.85       88.89       88.44       88.49           796932.19
07/04/2016       88.36       88.98       87.46       88.53          2128954.62
07/01/2016       87.20       88.89       87.20       88.36          1382600.32
06/30/2016       87.24       89.16       86.84       86.84          2431660.00
06/29/2016       86.57       87.24       86.57       87.24          1048084.88
06/28/2016       87.42       87.42       85.95       86.57          1712521.84
06/27/2016       85.77       87.95       81.26       87.42         12343434.77
06/24/2016       87.02       87.02       85.68       86.62          1557169.08
06/23/2016       86.79       86.84       86.12       86.84          1229813.43
06/22/2016       87.02       87.02       86.79       86.79          1504036.53
06/21/2016       86.66       87.02       86.57       86.75           968240.40
06/20/2016       86.75       86.88       86.57       86.66           888250.25
06/17/2016       86.57       87.02       86.53       86.75          1102707.65
06/16/2016       86.21       86.66       86.12       86.57          1300705.38
06/15/2016       85.55       86.48       85.55       86.21           741267.39
06/14/2016       85.68       86.48       84.88       86.48           636167.58
06/13/2016       84.79       87.02       84.21       87.02          2418371.26
06/10/2016       84.43       84.97       84.43       84.79          1692824.03
06/09/2016       85.86       85.86       84.38       84.43           808719.50
06/08/2016       87.02       87.02       85.81       85.86          1709093.21
06/07/2016       86.04       87.46       85.90       87.20          1749598.09
06/06/2016       84.34       85.68       84.03       85.68          1881958.87
06/03/2016       83.89       84.43       83.72       83.89          2197191.07
06/02/2016       83.80       83.89       83.63       83.63          1405132.91
06/01/2016       83.00       84.34       83.00       83.45          1021888.36
05/31/2016       84.52       84.70       82.33       82.33         13528911.32
05/30/2016       84.79       84.79       84.34       84.70           888732.05
05/27/2016       83.89       84.83       83.00       84.79           690431.80
05/26/2016       83.89       84.34       83.18       84.34           769716.04
05/25/2016       82.20       83.89       82.20       83.89          1129105.85
05/24/2016       81.66       82.02       81.22       81.57          1224782.53
05/23/2016       82.29       82.56       81.71       82.20           737054.43
05/20/2016       82.82       82.82       81.62       82.29          1674190.66
05/19/2016       83.45       83.45       82.82       83.00          2949528.67
05/18/2016       83.14       83.89       82.87       83.89          2984856.99
05/17/2016       83.00       83.49       82.96       83.00          2493196.05
05/16/2016       83.00       83.22       82.96       83.00          3117116.92
05/13/2016       83.09       83.89       82.78       83.00          1922844.71
05/12/2016       84.52       84.56       83.00       83.00           753514.09
05/11/2016       83.00       84.79       81.22       84.52          1942889.86
05/10/2016       81.13       83.00       79.61       83.00          1868446.03
05/06/2016       80.59       81.22       80.01       81.17          1554087.80
05/05/2016       80.77       80.77       80.14       80.59          1362857.69
05/04/2016       81.17       81.17       80.46       80.77          2637971.60
05/03/2016       81.13       81.44       80.77       81.17         14952094.96
05/02/2016       80.32       81.17       78.90       81.17           791262.63
04/29/2016       80.95       81.04       80.50       80.77          2292800.52
04/28/2016       81.04       81.22       80.81       80.95          1193543.91
04/27/2016       80.19       81.04       79.25       81.04           745446.73
04/26/2016       81.22       81.22       79.34       80.19          1040510.52
04/25/2016       80.32       81.22       80.23       81.22           644335.78
04/22/2016       80.23       80.77       79.83       80.32          3467733.47
04/21/2016       79.30       80.14       78.98       80.14           918301.18
04/20/2016       79.25       80.14       79.03       79.16           901281.29
04/19/2016       80.14       80.14       79.03       79.30          1223213.88
04/18/2016       80.32       81.22       79.97       80.14          1629461.62
04/15/2016       80.10       80.32       79.65       80.32          1610111.15
04/14/2016       80.32       80.50       80.01       80.10           826209.99
04/13/2016       80.28       80.46       80.28       80.32          1389110.23
04/12/2016       80.14       80.37       80.14       80.28           884037.30
04/11/2016       80.10       80.68       79.83       80.10          3474926.87
04/08/2016       80.64       80.64       79.43       80.10          1539151.97
04/07/2016       80.06       80.64       79.88       80.64          1335226.97
04/06/2016       80.50       80.50       79.25       80.06          1033843.74
04/05/2016       80.32       81.13       80.19       81.13          1150663.64
04/04/2016       79.61       80.32       79.43       80.32           679877.00
04/01/2016       78.54       79.12       78.09       79.12          2819476.06
03/31/2016       80.50       80.50       77.60       77.65          2212070.87
03/30/2016       80.59       80.59       80.23       80.46          1257175.23
03/29/2016       81.22       81.26       80.23       80.59          1252816.62
03/28/2016       81.57       81.57       80.86       81.57           915208.69
03/23/2016       81.48       81.57       80.41       81.57          1811279.80
03/22/2016       80.23       81.57       79.88       81.57          1183538.14
03/21/2016       80.32       80.46       79.83       80.32          1978643.97
03/18/2016       80.28       80.32       79.88       80.32          3577091.06
03/17/2016       78.09       80.28       77.65       80.28          1587421.69
03/16/2016       76.75       78.05       76.66       77.47           653187.47
03/15/2016       77.20       78.58       76.17       76.75          1535499.25
03/14/2016       76.93       78.05       75.59       75.59           736225.28
03/11/2016       76.62       76.93       76.04       76.93          1459117.01
03/10/2016       74.79       76.49       74.75       75.77          2914032.27
03/09/2016       74.75       74.97       74.39       74.79          1064992.73
03/08/2016       74.79       74.97       74.52       74.75          1247371.15
03/07/2016       74.92       74.92       74.70       74.83          1445794.66
03/04/2016       74.97       75.15       74.66       74.70          1332873.99
03/03/2016       74.17       75.37       74.17       74.97          1851829.51
03/02/2016       74.97       75.24       74.03       74.12          4185941.65
03/01/2016       74.75       75.42       74.75       74.92           904060.04
02/29/2016       75.24       76.04       74.61       74.75          2893191.58
02/26/2016       75.86       75.86       74.79       75.15          3856289.04
02/24/2016       77.65       77.73       74.97       76.08          4267657.31
02/23/2016       77.96       78.54       77.96       78.36          1252547.71
02/22/2016       80.59       80.59       77.83       78.18          1298139.51
02/19/2016       80.86       80.86       80.64       80.68          1650817.72
02/18/2016       80.28       80.90       80.28       80.86          2559460.47
02/17/2016       80.32       80.41       80.06       80.28          1304346.90
02/16/2016       80.14       80.32       80.10       80.32          1558860.99
02/15/2016       80.32       80.32       79.65       80.01          2199656.09
02/12/2016       80.19       80.23       78.90       80.23           554149.39
02/11/2016       78.90       80.32       78.90       80.32           474529.00
02/10/2016       78.98       79.61       77.65       78.90          1665103.67
02/09/2016       80.32       80.41       79.43       80.28           318066.98
02/05/2016       80.46       80.46       79.88       80.32          8391939.65
02/04/2016       79.88       80.77       78.98       80.32          2833212.98
02/03/2016       79.43       80.06       77.69       79.88          1719726.44
02/02/2016       78.32       79.70       78.32       79.70          2133951.91
02/01/2016       78.45       78.98       77.29       78.98          4122287.91
01/29/2016       77.47       78.45       77.29       78.23          3370801.87
01/28/2016       77.20       77.47       75.95       77.38          3820198.79
01/27/2016       75.06       77.20       75.06       77.20          1355294.53
01/26/2016       75.86       76.58       74.25       75.68          1385065.34
01/25/2016       76.58       77.20       75.86       77.20          1758124.85
01/22/2016       75.15       76.58       74.70       76.58           662083.98
01/21/2016       74.97       75.82       73.81       75.06          1804467.37
01/20/2016       76.13       76.13       74.97       75.46          2752001.53
01/19/2016       76.08       76.13       74.79       75.42          1114987.97
01/18/2016       75.55       75.95       74.34       75.91          1694818.46
01/15/2016       75.46       76.08       75.46       76.08          5298341.33
01/14/2016       75.77       75.77       74.25       75.46          2992834.72
01/13/2016       74.17       75.77       74.17       75.77          4856597.20
01/12/2016       72.51       74.79       72.47       74.17          2808080.91
01/11/2016       72.74       73.18       72.29       72.51          3848512.99
01/08/2016       72.69       73.18       72.29       73.18          1131985.45
01/07/2016       73.63       73.63       72.65       72.92          9094001.90
01/06/2016       74.08       74.97       73.18       73.18          1098875.65
01/05/2016       74.52       74.52       73.90       74.12           493924.28
01/04/2016       74.70       74.75       74.08       74.25           430864.40
12/29/2015       74.83       75.33       74.17       74.83           315277.02
12/28/2015       74.08       76.13       74.08       74.83           556569.60
12/23/2015       76.53       76.53       75.86       76.22           955511.89
12/22/2015       74.12       76.53       74.12       76.53           975232.11
12/21/2015       74.08       75.10       73.90       74.52          1855213.32
12/18/2015       74.43       74.75       73.99       74.03          1464080.68
12/17/2015       74.08       75.10       74.08       74.97          1029160.19
12/16/2015       74.21       74.21       73.50       74.08          2655394.86
12/15/2015       73.36       74.17       73.18       73.18          1256603.80
12/14/2015       73.18       74.08       72.74       74.08          3074348.70
12/11/2015       73.67       74.25       73.18       73.50          1172501.54
12/10/2015       73.99       74.39       73.54       73.85          2337462.34
12/09/2015       72.83       74.08       72.83       73.90           914435.57
12/08/2015       73.14       73.27       72.69       72.83          2204518.92
12/07/2015       73.90       74.92       72.92       73.14          2275556.53
12/04/2015       74.97       74.97       73.81       73.94          2955635.21
12/03/2015       75.42       75.42       74.97       75.19          1382566.70
12/02/2015       74.97       75.42       74.57       75.42          2472411.39
12/01/2015       74.25       74.97       73.94       74.97          3812568.41
11/27/2015       76.66       76.66       74.43       74.52          5403799.69
11/26/2015       76.75       77.11       74.30       76.66          1290800.45
11/25/2015       77.20       77.38       76.40       76.75          9834585.80
11/24/2015       76.35       76.98       76.35       76.75           880720.72
11/23/2015       77.42       77.42       76.66       76.80          1105620.86
11/20/2015       75.86       77.42       75.86       77.42          1703905.45
11/17/2015       74.70       76.17       74.52       75.86          3705126.83
11/16/2015       74.17       75.86       73.18       74.34          1778819.87
11/13/2015       74.17       75.55       74.12       75.06          1989445.27
11/12/2015       75.33       76.31       75.33       76.22          2033345.17
11/11/2015       75.50       75.64       74.97       75.28          2177336.39
11/10/2015       75.86       76.04       75.19       75.50           956049.71
11/09/2015       75.77       76.31       75.77       75.86          1450242.91
11/06/2015       75.24       75.77       74.75       75.68          2167140.14
11/05/2015       73.90       75.24       73.90       75.24         13268660.44
11/04/2015       74.92       74.92       73.45       73.90          2747205.93
11/03/2015       75.50       75.86       73.63       74.52          1916951.05
11/02/2015       76.58       76.58       75.15       75.50          1341591.22
10/30/2015       76.04       76.08       74.97       75.50          1327899.11
10/29/2015       77.20       77.20       75.37       76.04          1823358.44
10/28/2015       76.40       77.25       76.17       76.84          1828490.18
10/27/2015       76.13       76.40       75.77       76.40          2369574.92
10/26/2015       75.77       76.49       75.77       76.08          4095620.80
10/23/2015       73.85       75.77       73.81       75.24          2465330.04
10/22/2015       74.08       74.08       73.72       73.85           477901.61
10/21/2015       73.99       74.88       73.99       74.03          1218563.94
10/20/2015       73.90       74.43       73.63       73.99          2335053.33
10/19/2015       74.21       74.25       73.72       73.90          1885208.22
10/16/2015       74.88       75.10       73.45       73.99          3362129.45
10/15/2015       72.96       74.52       72.34       74.08          1750494.47
10/14/2015       73.72       73.72       71.93       71.93           940620.88
10/13/2015       75.42       75.73       73.72       73.72          1673395.13
10/12/2015       75.42       75.42       74.79       74.97          1333658.32
10/09/2015       74.92       74.92       74.08       74.52          1245309.49
10/08/2015       74.97       75.37       74.25       74.61          1767928.93
10/07/2015       73.63       74.75       73.45       74.70          2292755.70
10/06/2015       74.17       74.97       74.17       74.70          2325148.40
10/05/2015       71.40       73.45       71.40       73.00          2495179.28
10/02/2015       72.83       72.87       71.44       71.67          1601864.51
10/01/2015       73.14       73.14       71.58       71.58           942234.36
09/30/2015       71.49       74.08       71.49       71.67          4036292.07
09/29/2015       71.89       73.63       71.40       73.18          1179706.14
09/28/2015       73.99       74.43       71.44       71.44          1451867.59
09/24/2015       74.08       74.08       73.18       73.63          3334991.74
09/23/2015       74.52       74.52       73.94       74.08          2479414.31
09/22/2015       74.75       75.42       74.17       74.48          1360930.48
09/21/2015       75.10       75.24       74.12       74.48          2041580.60
09/18/2015       74.30       75.42       74.30       75.10          3505470.80
09/17/2015       74.97       75.50       74.08       74.12          2874009.19
09/16/2015       75.50       76.00       74.12       74.21          2277237.23
09/15/2015       75.86       75.86       74.88       75.24          1252704.57
09/14/2015       74.57       76.31       74.57       75.86          1057687.28
09/11/2015       76.31       76.31       74.43       74.52          1139358.12
09/10/2015       76.75       76.75       74.08       75.15          1216233.37
09/09/2015       76.17       76.71       75.42       76.71          1298800.59
09/08/2015       75.95       75.95       74.97       74.97          1011815.36
09/07/2015       76.71       76.71       75.68       75.95          2459066.62
09/04/2015       76.75       76.75       76.31       76.62          1038785.00
09/03/2015       76.75       76.75       75.46       75.86          1418869.83
09/02/2015       75.42       75.42       74.39       75.42          1806618.66
09/01/2015       75.86       77.20       75.37       75.42          4941999.20
08/28/2015       76.40       77.42       75.06       75.50          3675535.29
08/27/2015       76.04       77.42       75.82       76.31          4816092.32
08/26/2015       76.17       76.26       75.59       75.95          3661518.25
08/25/2015       75.86       76.31       74.79       76.17          1839683.64
08/24/2015       79.88       79.88       75.86       76.17          2933461.17
08/20/2015       81.84       81.84       80.06       80.28          2728662.20
08/19/2015       81.22       81.44       80.32       81.44          1063087.93
08/18/2015       81.22       81.22       79.61       81.22          1122797.62
08/17/2015       83.00       83.31       81.31       81.31           731295.23
08/14/2015       82.64       83.00       80.90       83.00          1006358.69
08/13/2015       82.42       82.56       80.32       82.56           859443.05
08/12/2015       82.29       82.78       81.80       81.80           954806.00
08/11/2015       82.82       83.00       82.02       82.47          1264122.13
08/10/2015       82.56       83.36       82.47       82.82           890928.17
08/07/2015       82.96       83.18       81.48       82.20          1501705.96
08/06/2015       85.63       85.68       82.56       82.96          1407071.32
08/05/2015       86.12       86.12       84.79       85.63           994705.83
08/04/2015       85.41       85.41       84.79       85.32          2558283.98
08/03/2015       85.86       85.86       84.88       85.37           908541.91
07/31/2015       85.95       86.04       84.79       84.79          1894608.94
07/30/2015       85.68       86.04       85.68       85.95          1244054.57
07/29/2015       83.98       85.90       83.98       85.68          1218944.90
07/28/2015       83.89       84.79       83.45       83.98           919107.92
07/27/2015       85.32       85.59       83.85       83.89           731003.91
07/24/2015       85.90       86.21       85.28       86.17          2282044.04
07/23/2015       84.34       85.90       83.89       85.90           853358.91
07/22/2015       83.89       84.34       83.67       84.34           965898.62
07/21/2015       85.55       85.55       83.18       84.34           918715.75
07/20/2015       85.68       86.12       85.19       85.55           819935.38
07/16/2015       84.43       84.79       84.43       84.79          1166148.49
07/15/2015       84.34       84.79       83.72       84.38          1042090.38
07/14/2015       84.34       84.79       84.25       84.34           461083.40
07/13/2015       83.89       83.89       82.20       83.89           729278.39
07/10/2015       81.75       84.34       80.77       84.34          1087659.77
07/09/2015       81.93       82.56       79.43       81.75          3350129.25
07/08/2015       81.66       82.11       80.32       82.11          3411295.55
07/07/2015       82.96       83.98       82.11       82.11           701894.17
07/06/2015       84.12       84.12       82.96       82.96           704829.80
07/03/2015       83.89       84.52       83.85       84.12          1623926.51
07/02/2015       84.43       84.61       83.89       83.89          1664633.08
07/01/2015       84.16       84.43       83.89       84.16          1203011.86
06/30/2015       83.72       84.56       83.72       84.34          2494943.98
06/29/2015       85.68       85.68       83.72       84.61          1861980.94
06/26/2015       86.12       87.42       85.50       85.68           635999.51
06/25/2015       87.20       87.20       85.72       85.72          1515857.46
06/24/2015       86.79       87.42       86.66       87.20          1009753.70
06/23/2015       87.46       87.46       86.79       86.79          1384101.74
06/22/2015       88.13       88.36       86.93       87.28          1812187.38
06/19/2015       88.36       88.80       88.13       88.13          2554743.31
06/18/2015       87.73       88.31       87.73       88.04          1887281.08
06/17/2015       87.46       88.00       87.11       87.73          1743289.86
06/16/2015       87.91       88.36       87.46       87.86          1884009.32
06/15/2015       87.46       87.46       86.35       87.20          1040488.11
06/11/2015       86.12       87.37       86.12       86.35          1837241.03
06/10/2015       86.12       86.57       85.23       86.08          1167896.42
06/09/2015       87.46       87.91       85.86       86.08          1305142.43
06/08/2015       88.36       88.36       87.91       87.91           291388.66
06/05/2015       88.22       89.69       87.46       88.36          1440506.05
06/04/2015       90.14       90.14       87.91       88.22           960072.19
06/03/2015       88.89       90.50       87.95       90.50          1412673.65
06/02/2015       88.53       90.23       88.53       89.25          1821935.45
06/01/2015       87.46       91.21       86.75       91.21          1874339.69
05/29/2015       87.91       89.43       87.46       87.46          4900060.12
05/28/2015       89.25       89.52       87.37       88.36          1696790.48
05/27/2015       90.14       90.14       89.16       89.25          1528776.45
05/26/2015       89.25       90.50       89.16       90.14          1115066.40
05/25/2015       91.12       91.12       90.14       90.50           502988.86
05/22/2015       90.77       91.12       90.14       90.59           414707.26
05/21/2015       90.05       90.77       89.87       90.77          2598419.11
05/20/2015       89.96       89.96       89.69       89.96          1675949.79
05/19/2015       89.20       90.14       89.20       89.96          2255601.01
05/18/2015       89.25       89.25       89.16       89.20          6348936.06
05/15/2015       90.14       90.14       89.16       89.25          4652515.33
05/14/2015       89.52       90.05       89.34       89.61          9880457.72
05/13/2015       90.23       90.41       89.43       89.43           490372.40
05/12/2015       90.59       90.68       89.25       90.23          6295265.69
05/11/2015       90.32       91.03       90.32       90.59           707384.46
05/08/2015       90.14       91.03       89.61       90.14          2228205.59
05/07/2015       89.25       89.87       89.25       89.78         12960397.55
05/06/2015       91.75       91.75       89.69       91.03          4419805.53
05/05/2015       91.84       92.55       91.39       91.84           635428.07
05/04/2015       90.41       91.93       88.89       91.93          8482507.01
04/30/2015       92.82       92.82       89.69       90.41          4896687.51
04/29/2015       91.84       92.82       91.84       92.82           714555.45
04/28/2015       93.71       93.71       91.03       91.84          1953332.62
04/27/2015       92.91       93.53       91.93       92.64          1710101.63
04/24/2015       94.60       94.60       92.82       93.53          1224121.46
04/23/2015       91.93       93.71       91.93       92.82          2109099.95
04/22/2015       94.60       94.60       91.66       92.28          1885757.25
04/21/2015       95.41       95.41       93.71       93.89           954514.68
04/20/2015       94.42       95.50       93.27       95.50          2642812.02
04/17/2015       94.69       94.69       93.98       94.60          1336795.62
04/16/2015       93.00       94.60       92.82       94.60          3056275.56
04/15/2015       94.07       94.07       92.46       93.00          1623130.98
04/14/2015       93.71       94.07       92.82       94.07          1049048.48
04/13/2015       94.60       94.60       92.10       93.71           797828.56
04/10/2015       91.03       94.60       91.03       94.60          4018924.83
04/08/2015       91.03       91.48       89.20       91.48          1095435.82
04/07/2015       91.48       91.93       90.14       91.03          1339417.52
04/06/2015       91.48       91.93       90.50       91.30           943892.65
04/01/2015       89.78       91.39       89.69       91.39           963422.39
03/31/2015       90.32       90.86       89.34       89.69          1768063.39
03/30/2015       90.59       92.82       90.41       90.77          2334762.01
03/27/2015       90.14       90.41       89.25       90.41           951511.82
03/26/2015       90.77       90.77       89.43       90.14          3237029.31
03/25/2015       90.59       91.03       90.14       90.77          2610542.57
03/24/2015       91.03       91.03       89.78       90.59           924542.18
03/23/2015       89.78       91.03       89.34       90.23           384297.79
03/20/2015       90.14       90.14       89.25       89.69          2135554.17
03/19/2015       90.14       91.39       89.25       90.14           739474.64
03/18/2015       89.96       90.59       89.16       89.69          1487431.21
03/17/2015       88.80       90.14       88.49       90.14          1551936.50
03/16/2015       89.11       89.11       88.36       88.80          1753172.38
03/13/2015       89.52       89.52       89.16       89.25          1349826.65
03/12/2015       88.62       90.23       88.62       89.69          1625775.28
03/11/2015       88.80       88.80       87.37       88.62           745390.70
03/10/2015       89.69       90.14       89.52       90.05          4535975.55
03/09/2015       89.07       89.69       87.86       89.69          3462769.80
03/06/2015       88.85       89.25       88.80       89.25          4298514.97
03/05/2015       88.98       88.98       88.71       88.85          4847330.94
03/04/2015       88.31       88.89       87.64       88.89          1114158.82
03/03/2015       88.31       88.36       87.64       88.31          1487733.74
03/02/2015       86.08       88.31       86.08       88.31          1243001.33
02/27/2015       87.02       87.46       84.34       86.08          1961937.80
02/26/2015       87.37       87.37       86.04       86.57          2509319.57
02/25/2015       88.53       88.53       87.20       87.42           752416.03
02/24/2015       88.36       88.36       87.42       88.13           435514.34
02/23/2015       88.36       88.67       88.18       88.44          1566973.17
02/20/2015       88.36       88.36       88.04       88.18           584065.86
02/18/2015       88.62       88.62       87.11       88.31           527739.98
02/17/2015       88.49       88.80       88.40       88.62          1294464.38
02/16/2015       87.91       88.62       87.51       88.40           663450.95
02/13/2015       88.36       88.36       87.51       88.13           868742.92
02/12/2015       87.64       88.36       87.02       88.36          2162064.42
02/11/2015       87.06       87.46       86.84       87.46          4384846.96
02/10/2015       88.36       88.36       87.02       87.06          2782758.35
02/09/2015       87.64       88.89       87.28       87.46          2831151.32
02/06/2015       87.46       87.69       87.46       87.60          1055625.62
02/05/2015       87.64       87.69       87.37       87.60          1543219.27
02/04/2015       87.55       88.27       87.55       87.64          1178552.06
02/03/2015       88.36       88.36       86.66       87.42          2189202.14
02/02/2015       88.36       88.44       86.57       87.37           991097.92
01/30/2015       87.42       88.36       87.42       88.36          2308363.81
01/29/2015       86.39       87.64       86.35       87.02          1360874.46
01/28/2015       86.57       86.93       85.77       86.93          3017182.47
01/27/2015       87.02       87.15       84.79       86.75          1155436.83
01/26/2015       84.79       87.02       83.89       87.02          1733855.53
01/23/2015       83.98       84.79       83.98       84.79          2630475.67
01/22/2015       83.98       83.98       83.00       83.67           917303.96
01/21/2015       84.43       84.47       82.29       82.73          1400763.09
01/20/2015       83.98       83.98       82.29       82.33           644358.19
01/19/2015       83.89       84.70       83.89       83.89          1144579.50
01/14/2015       82.82       84.52       82.82       83.45          2461890.20
01/13/2015       83.00       83.89       83.00       83.63          2494182.06
01/12/2015       83.89       83.89       82.56       83.00          1190272.15
01/09/2015       83.89       84.74       82.38       82.82          1671221.42
01/08/2015       83.45       83.45       82.29       82.29          2798713.80
01/07/2015       84.16       84.25       83.45       83.45          1017339.26
01/06/2015       84.79       84.79       83.89       84.16           722365.11
01/05/2015       85.32       85.32       84.70       84.79          2503470.73
