DMC  1216

12/27/2019        6.87        6.93        6.61        6.61         19598000.00
12/26/2019        6.40        6.85        6.30        6.68         17809400.00
12/23/2019        6.38        6.51        6.34        6.40         16924600.00
12/20/2019        6.40        6.40        6.11        6.38         19116000.00
12/19/2019        5.95        6.47        5.95        6.47         30015600.00
12/18/2019        5.60        5.93        5.41        5.93         21017801.00
12/17/2019        5.55        5.55        5.10        5.41         13574700.00
12/16/2019        5.72        5.83        5.44        5.55         18917100.00
12/13/2019        5.23        5.79        5.23        5.55         33278801.00
12/12/2019        5.19        5.44        5.05        5.05         31347199.00
12/11/2019        5.97        6.18        4.95        5.11         66135203.00
12/10/2019        5.95        6.03        5.79        5.90         14215600.00
12/09/2019        6.00        6.15        5.94        5.96         18796301.00
12/06/2019        6.14        6.27        6.05        6.05         20122100.00
12/05/2019        6.25        6.30        6.12        6.13         20816100.00
12/04/2019        6.51        6.51        6.10        6.25         24786900.00
12/03/2019        6.50        6.64        6.41        6.50         22768100.00
12/02/2019        6.50        6.52        6.24        6.40         27189699.00
11/29/2019        6.83        6.83        6.50        6.50         31555100.00
11/28/2019        6.88        6.92        6.71        6.85         39619602.00
11/27/2019        6.75        6.96        6.74        6.80         89833102.00
11/26/2019        6.56        6.85        6.45        6.56        348635812.00
11/25/2019        6.55        6.56        6.25        6.55         64404500.00
11/22/2019        6.71        6.72        6.55        6.55         35104801.00
11/21/2019        6.97        7.05        6.67        6.70         38521301.00
11/20/2019        7.59        7.59        6.96        6.98         48091500.00
11/19/2019        7.48        7.62        7.45        7.62         22551199.00
11/18/2019        7.62        7.68        7.50        7.51         12376700.00
11/15/2019        7.62        7.68        7.44        7.59         21202801.00
11/14/2019        7.88        7.89        7.59        7.68         25368301.00
11/13/2019        8.06        8.07        7.87        7.90         17789100.00
11/12/2019        7.95        8.09        7.82        8.06         12753600.00
11/11/2019        7.63        7.99        7.63        7.90         19867301.00
11/08/2019        8.05        8.05        7.43        7.63         72220898.00
11/07/2019        8.35        8.35        8.05        8.05         11780600.00
11/06/2019        8.35        8.41        8.26        8.30         15518300.00
11/05/2019        8.25        8.34        8.22        8.32         20325199.00
11/04/2019        8.17        8.34        8.10        8.21         15508100.00
10/31/2019        8.29        8.37        8.04        8.21         12139100.00
10/30/2019        8.18        8.27        8.17        8.27         10678100.00
10/29/2019        8.18        8.24        8.12        8.14         14472300.00
10/28/2019        8.23        8.28        8.01        8.18         11449600.00
10/25/2019        8.65        8.66        8.15        8.20         25171400.00
10/24/2019        8.90        8.99        8.63        8.66         11970300.00
10/23/2019        8.98        8.99        8.86        8.89          3990400.00
10/22/2019        8.96        9.01        8.94        9.00          4991600.00
10/21/2019        9.08        9.08        8.83        8.96          7834100.00
10/18/2019        8.80        9.10        8.71        9.10         26798301.00
10/17/2019        8.88        8.90        8.68        8.78          6187300.00
10/16/2019        8.70        8.90        8.59        8.85         10958000.00
10/15/2019        8.82        8.83        8.58        8.75          6546300.00
10/14/2019        9.01        9.03        8.79        8.82          8239800.00
10/11/2019        8.75        9.02        8.72        9.00         15633500.00
10/10/2019        8.76        8.78        8.58        8.66          8358800.00
10/09/2019        8.71        8.80        8.53        8.60          5785300.00
10/08/2019        8.63        8.82        8.59        8.71          6719600.00
10/07/2019        8.46        8.64        8.40        8.63          3572200.00
10/04/2019        8.40        8.45        8.32        8.44          5487700.00
10/03/2019        8.34        8.49        8.26        8.41          4645900.00
10/02/2019        8.17        8.53        8.17        8.45          9066500.00
10/01/2019        8.36        8.40        8.15        8.24         16409699.00
09/30/2019        8.50        8.50        8.31        8.31          6247600.00
09/27/2019        8.69        8.69        8.41        8.50          9568200.00
09/26/2019        8.70        8.75        8.61        8.65          4882300.00
09/25/2019        8.70        8.74        8.50        8.69          5751100.00
09/24/2019        8.79        8.85        8.69        8.70          6597800.00
09/23/2019        8.86        8.86        8.80        8.80          4734300.00
09/20/2019        8.92        8.98        8.84        8.84          7344100.00
09/19/2019        8.93        9.00        8.88        8.92          4733400.00
09/18/2019        9.06        9.06        8.92        8.99          4086000.00
09/17/2019        9.12        9.12        9.05        9.10          6450600.00
09/16/2019        9.20        9.20        9.05        9.12          5950300.00
09/13/2019        9.17        9.25        9.13        9.19         10289300.00
09/12/2019        9.19        9.22        9.13        9.15          6526500.00
09/11/2019        9.10        9.20        9.06        9.12          8449600.00
09/10/2019        8.83        9.10        8.83        9.05          8011800.00
09/09/2019        8.83        8.96        8.82        8.85          3519600.00
09/06/2019        8.91        8.91        8.80        8.82          5438800.00
09/05/2019        8.90        9.00        8.90        8.90          3740400.00
09/04/2019        8.95        8.95        8.88        8.89          9246100.00
09/03/2019        9.10        9.24        8.80        8.80          9383500.00
09/02/2019        9.25        9.29        9.10        9.10          4818000.00
08/30/2019        9.10        9.21        8.98        9.05          9591900.00
08/29/2019        8.94        9.10        8.85        9.10          5478400.00
08/28/2019        8.80        9.12        8.80        8.90         13397600.00
08/27/2019        9.22        9.24        8.88        8.88         15826300.00
08/23/2019        9.06        9.22        9.01        9.22          3960200.00
08/22/2019        9.30        9.31        9.01        9.13          6983400.00
08/20/2019        9.46        9.47        9.18        9.24          2763600.00
08/19/2019        9.29        9.45        9.29        9.45          5270000.00
08/16/2019        8.81        9.28        8.79        9.25          8829700.00
08/15/2019        9.03        9.03        8.75        8.80          6294800.00
08/14/2019        9.16        9.25        9.08        9.08          5933000.00
08/13/2019        9.65        9.65        9.06        9.14          6010600.00
08/09/2019        9.80        9.86        9.67        9.67          7007300.00
08/08/2019        9.93        9.93        9.79        9.79          3284300.00
08/07/2019        9.84        9.97        9.83        9.87          3608900.00
08/06/2019       10.02       10.08        9.80        9.84          7318700.00
08/05/2019       10.30       10.32       10.04       10.10          3390600.00
08/02/2019       10.22       10.30       10.08       10.30          4015200.00
08/01/2019       10.30       10.30       10.06       10.20          1386400.00
07/31/2019       10.28       10.28       10.14       10.14          9035600.00
07/30/2019       10.48       10.48       10.24       10.30         12786100.00
07/29/2019       10.38       10.52       10.20       10.48          2081400.00
07/26/2019       10.48       10.48       10.34       10.38          2465500.00
07/25/2019       10.48       10.60       10.38       10.48          1769600.00
07/24/2019       10.64       10.70       10.38       10.38          3406300.00
07/23/2019       10.70       10.72       10.62       10.64          4487500.00
07/22/2019       10.42       10.68       10.40       10.68          8504200.00
07/19/2019       10.60       10.64       10.52       10.56          5744500.00
07/18/2019       10.50       10.58       10.46       10.50          1017100.00
07/17/2019       10.70       10.70       10.48       10.50          5745000.00
07/16/2019       10.44       10.74       10.30       10.50         11381900.00
07/15/2019       10.12       10.40       10.12       10.40          4314100.00
07/12/2019       10.16       10.40       10.10       10.10          2552600.00
07/11/2019       10.16       10.16       10.02       10.10          2095400.00
07/10/2019       10.12       10.12       10.02       10.02          3826400.00
07/09/2019       10.24       10.24       10.10       10.12          3101000.00
07/08/2019       10.24       10.30       10.22       10.24          2099800.00
07/05/2019       10.30       10.38       10.22       10.22          4303600.00
07/04/2019       10.48       10.48       10.22       10.22          2110400.00
07/03/2019       10.54       10.56       10.30       10.30          1951500.00
07/02/2019       10.30       10.52       10.30       10.50          4217400.00
07/01/2019       10.32       10.40       10.24       10.30          1196800.00
06/28/2019       10.38       10.40       10.22       10.30          3163900.00
06/27/2019       10.46       10.52       10.26       10.46          3328600.00
06/26/2019       10.46       10.56       10.40       10.46          2825300.00
06/25/2019       10.50       10.52       10.44       10.50          7839600.00
06/24/2019       10.56       10.56       10.42       10.44          3649000.00
06/21/2019       10.46       10.54       10.36       10.54          9540600.00
06/20/2019       10.44       10.50       10.30       10.48          4814600.00
06/19/2019       10.16       10.48       10.12       10.48          2681200.00
06/18/2019       10.16       10.20       10.10       10.12          4895700.00
06/17/2019       10.14       10.20       10.08       10.16          1678800.00
06/14/2019       10.04       10.22        9.95       10.22          5004400.00
06/13/2019       10.24       10.24        9.90       10.00         11316600.00
06/11/2019       10.44       10.56       10.24       10.24          3019000.00
06/10/2019       10.44       10.60       10.40       10.44          2503000.00
06/07/2019       10.38       10.46       10.36       10.44           494700.00
06/06/2019       10.48       10.48       10.26       10.38          2907400.00
06/04/2019       10.62       10.62       10.20       10.24          2961300.00
06/03/2019       10.58       10.72       10.58       10.62          3993700.00
05/31/2019       10.40       10.60       10.40       10.58          3833100.00
05/30/2019       10.52       10.60       10.30       10.40          5722300.00
05/29/2019       10.46       10.54       10.30       10.40          2316400.00
05/28/2019       10.14       10.46       10.14       10.46         16745301.00
05/27/2019       10.04       10.30       10.04       10.16          2552000.00
05/24/2019       10.32       10.32       10.06       10.12          2308900.00
05/23/2019       10.48       10.48       10.22       10.46          4474300.00
05/22/2019       10.68       10.68       10.44       10.58          4045600.00
05/21/2019       10.50       10.66       10.28       10.60          8544900.00
05/20/2019        9.84       10.42        9.82       10.42         10226600.00
05/17/2019        9.71        9.86        9.71        9.76          5960300.00
05/16/2019        9.83        9.85        9.71        9.71          7983200.00
05/15/2019       10.20       10.48        9.78        9.86         12943700.00
05/14/2019       10.30       10.32       10.02       10.18          5899900.00
05/10/2019       10.52       10.60       10.32       10.38          3440800.00
05/09/2019       10.82       11.00       10.50       10.52          6369600.00
05/08/2019       11.38       11.38       10.80       10.80          4704600.00
05/07/2019       11.24       11.38       11.24       11.34          1157800.00
05/06/2019       11.30       11.52       11.22       11.28          1348200.00
05/03/2019       11.40       11.46       11.28       11.28          3270900.00
05/02/2019       11.22       11.48       11.22       11.40          1584300.00
04/30/2019       11.74       11.74       11.16       11.16          4066500.00
04/29/2019       11.38       11.80       11.38       11.80          2431100.00
04/26/2019       11.44       11.48       11.30       11.38          2265300.00
04/25/2019       11.78       11.78       11.40       11.52          3846300.00
04/24/2019       11.76       11.86       11.56       11.72          6491800.00
04/23/2019       12.14       12.14       11.98       12.00          2030200.00
04/22/2019       12.00       12.16       11.98       12.06          4855000.00
04/17/2019       11.94       12.00       11.80       12.00          3280800.00
04/16/2019       11.90       12.04       11.90       11.92          2707500.00
04/15/2019       12.10       12.32       11.90       11.90          2033200.00
04/12/2019       12.16       12.42       12.08       12.08          5635300.00
04/11/2019       12.16       12.28       12.10       12.16          7071700.00
04/10/2019       11.82       12.10       11.82       12.10          5065400.00
04/08/2019       11.76       12.02       11.74       11.84          4459500.00
04/05/2019       11.92       11.94       11.70       11.74          4625200.00
04/04/2019       11.80       11.90       11.78       11.90          3589600.00
04/03/2019       11.76       11.92       11.76       11.80          5463700.00
04/02/2019       11.96       12.00       11.72       11.72          2638800.00
04/01/2019       12.02       12.06       11.88       11.88          2806900.00
03/29/2019       12.00       12.14       11.96       12.00          7075500.00
03/28/2019       12.00       12.20       11.98       11.98          2981400.00
03/27/2019       12.40       12.40       12.02       12.02           646400.00
03/26/2019       12.48       12.50       12.26       12.26          2274100.00
03/25/2019       12.20       12.50       12.20       12.50          3387700.00
03/22/2019       12.34       12.54       12.20       12.40          9043100.00
03/21/2019       12.12       12.40       12.12       12.34          3212700.00
03/20/2019       11.92       12.26       11.92       12.12          1731600.00
03/19/2019       12.30       12.30       11.90       11.90          7903600.00
03/18/2019       12.22       12.38       12.04       12.30          2896200.00
03/15/2019       11.88       12.40       11.70       12.40          6084800.00
03/14/2019       11.22       11.90       11.22       11.90          4441700.00
03/13/2019       11.20       11.24       11.12       11.20          5897600.00
03/12/2019       11.16       11.38       11.16       11.20          4949200.00
03/11/2019       11.66       11.68       11.16       11.16          2781600.00
03/08/2019       11.68       11.70       11.46       11.56          1516600.00
03/07/2019       11.32       11.64       11.32       11.60          2865800.00
03/06/2019       11.18       11.44       11.18       11.32          1990900.00
03/05/2019       11.30       11.34       11.18       11.20          6602200.00
03/04/2019       11.22       11.50       11.18       11.32          4852000.00
03/01/2019       11.56       11.60       11.08       11.18          6137700.00
02/28/2019       12.04       12.06       11.40       11.40         13125900.00
02/27/2019       12.40       12.40       12.06       12.10          4799500.00
02/26/2019       12.18       12.40       12.10       12.32          4914500.00
02/22/2019       12.46       12.46       12.20       12.28          3984200.00
02/21/2019       12.70       12.78       12.46       12.46          3454100.00
02/20/2019       12.32       12.72       12.32       12.68          7383500.00
02/19/2019       12.40       12.46       12.38       12.46           563000.00
02/18/2019       12.42       12.50       12.28       12.28          1274500.00
02/15/2019       12.60       12.72       12.48       12.50          2369100.00
02/14/2019       12.44       12.64       12.14       12.60          1912600.00
02/13/2019       12.12       12.22       12.10       12.12          4433400.00
02/12/2019       12.26       12.38       12.04       12.12          4302300.00
02/11/2019       12.40       12.46       12.26       12.30          5534100.00
02/08/2019       12.60       12.68       12.40       12.42          1865200.00
02/07/2019       12.66       12.72       12.58       12.60          2076000.00
02/06/2019       12.60       12.90       12.60       12.70          5651900.00
02/04/2019       12.78       12.78       12.48       12.58          1189900.00
02/01/2019       12.46       12.76       12.46       12.76          4474900.00
01/31/2019       12.38       12.58       12.38       12.58          5326300.00
01/30/2019       12.50       12.60       12.32       12.60          4398700.00
01/29/2019       12.26       12.50       12.24       12.50          2296200.00
01/28/2019       12.04       12.40       12.04       12.24          3895500.00
01/25/2019       12.00       12.12       12.00       12.00          2095900.00
01/24/2019       12.20       12.30       11.92       12.00          4343500.00
01/23/2019       11.92       12.18       11.84       12.18          3132900.00
01/22/2019       12.30       12.38       11.98       12.00          5721700.00
01/21/2019       12.12       12.40       12.10       12.26          5511000.00
01/18/2019       12.48       12.50       12.12       12.12          5045500.00
01/17/2019       12.40       12.54       12.14       12.50          6447300.00
01/16/2019       12.54       12.58       12.20       12.40          5566500.00
01/15/2019       12.70       12.88       12.60       12.60          3171500.00
01/14/2019       12.80       12.86       12.68       12.80          3430900.00
01/11/2019       12.82       12.86       12.62       12.80          2476100.00
01/10/2019       12.80       12.84       12.66       12.82          4843800.00
01/09/2019       12.62       12.86       12.52       12.66          3730900.00
01/08/2019       12.64       12.68       12.50       12.50          4704300.00
01/07/2019       12.78       12.92       12.60       12.60          5163300.00
01/04/2019       13.00       13.00       12.78       12.78          3132000.00
01/03/2019       12.62       13.00       12.62       13.00          4356300.00
01/02/2019       12.78       12.80       12.56       12.80          2259600.00
12/28/2018       12.56       12.78       12.50       12.78          1706300.00
12/27/2018       12.50       12.56       12.44       12.50          3870300.00
12/26/2018       12.50       12.50       12.34       12.50          1769800.00
12/21/2018       12.90       12.90       12.54       12.70          5085900.00
12/20/2018       12.80       12.90       12.46       12.90          3427100.00
12/19/2018       12.18       12.90       12.10       12.90          4903500.00
12/18/2018       12.08       12.18       11.98       12.08          2028600.00
12/17/2018       12.46       12.58       12.00       12.00          5493900.00
12/14/2018       12.86       12.90       12.40       12.40          4493400.00
12/13/2018       12.86       12.90       12.78       12.88          8020400.00
12/12/2018       12.50       12.86       12.44       12.78          4113000.00
12/11/2018       12.80       12.80       12.42       12.60          3779700.00
12/10/2018       12.60       12.78       12.56       12.70          2614000.00
12/07/2018       12.58       12.70       12.56       12.58          4857500.00
12/06/2018       12.92       12.92       12.46       12.58          4158400.00
12/05/2018       12.82       12.92       12.72       12.92          4048800.00
12/04/2018       13.00       13.00       12.56       12.90          5437300.00
12/03/2018       12.70       13.00       12.50       13.00          8326600.00
11/29/2018       12.80       12.96       12.34       12.34         16741000.00
11/28/2018       13.80       13.80       12.80       12.90          9474200.00
11/27/2018       13.38       13.86       13.16       13.86          3880100.00
11/26/2018       13.06       13.50       13.06       13.38          3790800.00
11/23/2018       12.98       13.08       12.90       13.08          3677300.00
11/22/2018       12.78       12.96       12.60       12.90          2888200.00
11/21/2018       12.60       12.80       12.22       12.80          4560300.00
11/20/2018       13.06       13.08       12.60       12.60          3727600.00
11/19/2018       12.86       13.10       12.80       13.10          3580900.00
11/16/2018       12.70       12.88       12.66       12.70          3544200.00
11/15/2018       12.74       12.74       12.42       12.42          3378800.00
11/14/2018       12.24       12.74       12.24       12.58          2166900.00
11/13/2018       12.44       12.50       12.18       12.24          2670100.00
11/12/2018       12.50       12.60       12.40       12.46          1884300.00
11/09/2018       12.64       12.80       12.46       12.50          6984000.00
11/08/2018       12.80       12.80       12.50       12.64         10101900.00
11/07/2018       13.00       13.00       12.60       12.90          4688400.00
11/06/2018       12.80       13.04       12.80       13.04          6144200.00
11/05/2018       12.88       12.90       12.60       12.80          4480500.00
10/31/2018       12.00       12.90       12.00       12.84          9680900.00
10/30/2018       12.56       12.56       11.90       11.90          2983400.00
10/29/2018       12.00       12.70       11.96       12.40          7000400.00
10/26/2018       12.08       12.10       11.94       11.98          2335000.00
10/25/2018       12.10       12.18       12.00       12.08          2911000.00
10/24/2018       12.20       12.44       12.16       12.16          5498000.00
10/23/2018       12.20       12.44       12.02       12.20          2134800.00
10/22/2018       12.34       12.60       12.10       12.10          1019100.00
10/19/2018       12.44       12.84       12.14       12.34          8899300.00
10/18/2018       12.08       12.50       12.00       12.50          1647300.00
10/17/2018       12.00       12.28       11.80       12.00          2234700.00
10/16/2018       12.00       12.02       11.68       12.00          2948600.00
10/15/2018       12.06       12.06       11.84       11.84          4576300.00
10/12/2018       12.08       12.08       11.82       12.00          2450400.00
10/11/2018       12.04       12.18       11.62       12.18          3954100.00
10/10/2018       12.20       12.20       11.82       12.06          3274300.00
10/09/2018       11.78       12.20       11.76       12.20          2524800.00
10/08/2018       11.80       12.16       11.80       12.04           976700.00
10/05/2018       11.70       11.98       11.58       11.72          2697400.00
10/04/2018       12.02       12.08       11.70       11.80          4765900.00
10/03/2018       11.84       12.12       11.48       12.12          1110700.00
10/02/2018       11.70       11.80       11.22       11.80          8208800.00
10/01/2018       11.30       11.80       11.22       11.80          3144000.00
09/28/2018       11.40       11.54       11.38       11.38          5366800.00
09/27/2018       11.82       11.98       11.20       11.40          5939600.00
09/26/2018       11.98       12.00       11.80       11.98          1563100.00
09/25/2018       11.90       12.14       11.90       11.94           804000.00
09/24/2018       12.14       12.20       11.88       11.88          1122400.00
09/21/2018       12.00       12.42       11.88       12.14          5287900.00
09/20/2018       12.18       12.18       11.92       11.92          1449400.00
09/19/2018       12.60       12.60       12.00       12.18          2392900.00
09/18/2018       11.96       12.66       11.96       12.66          6272800.00
09/17/2018       12.30       12.30       12.06       12.20          1419900.00
09/14/2018       12.30       12.38       12.20       12.38          3190400.00
09/13/2018       11.90       12.30       11.90       12.30           994100.00
09/12/2018       12.22       12.34       11.80       12.18          3604800.00
09/11/2018       12.68       12.68       12.18       12.20          1779700.00
09/10/2018       12.60       12.68       12.16       12.68          2367400.00
09/07/2018       12.04       12.60       12.04       12.60          1982100.00
09/06/2018       12.82       12.82       12.02       12.16          2443900.00
09/05/2018       12.94       12.94       12.50       12.88          2417300.00
09/04/2018       12.74       12.96       12.74       12.96          2680900.00
09/03/2018       12.76       12.78       12.50       12.72          2655200.00
08/31/2018       12.20       12.80       11.92       12.80          8870100.00
08/30/2018       12.00       12.32       12.00       12.20          4322000.00
08/29/2018       12.04       12.04       11.50       11.90          7112900.00
08/28/2018       12.04       12.10       11.72       12.00          5581700.00
08/24/2018       12.00       12.04       11.70       12.02          5339200.00
08/23/2018       11.60       12.06       11.58       12.00          2024900.00
08/22/2018       11.00       11.60       11.00       11.60          2859300.00
08/20/2018       11.48       11.48       10.98       10.98          3633700.00
08/17/2018       11.70       11.80       11.34       11.38          3339100.00
08/16/2018       11.56       11.70       11.26       11.70          3126500.00
08/15/2018       11.50       11.72       11.50       11.70          1272900.00
08/14/2018       11.92       11.92       11.36       11.50          8900600.00
08/13/2018       12.22       12.34       11.92       11.92           884900.00
08/10/2018       12.34       12.40       12.10       12.38          2150100.00
08/09/2018       12.18       12.40       11.98       12.40          1571800.00
08/08/2018       11.82       12.18       11.80       12.18           979600.00
08/07/2018       12.32       12.32       11.82       11.82          1413600.00
08/06/2018       12.40       12.40       12.10       12.20          3001000.00
08/03/2018       12.10       12.40       12.10       12.40          3821300.00
08/02/2018       12.34       12.34       11.98       12.10          3011300.00
08/01/2018       11.80       12.34       11.78       12.34          4993500.00
07/31/2018       11.72       11.80       11.62       11.80         11012300.00
07/30/2018       11.64       11.72       11.52       11.72          4717400.00
07/27/2018       11.28       11.70       11.22       11.70          1992300.00
07/26/2018       11.32       11.48       11.26       11.32          3467600.00
07/25/2018       11.38       11.48       11.28       11.32          6371100.00
07/24/2018       11.02       11.34       11.02       11.26          3595100.00
07/23/2018       11.00       11.20       10.98       11.02           841900.00
07/20/2018       11.16       11.16       11.00       11.00          1727500.00
07/19/2018       11.00       11.16       10.92       11.16          1980300.00
07/18/2018       11.00       11.18       10.98       11.00          1795600.00
07/17/2018       10.90       10.98       10.80       10.98          3172300.00
07/16/2018       11.18       11.18       10.94       11.00          2213900.00
07/13/2018       10.98       11.20       10.98       11.00          5679400.00
07/12/2018       11.00       11.00       10.78       11.00          1452500.00
07/11/2018       10.92       11.28       10.84       11.00          2809900.00
07/10/2018       10.74       11.00       10.74       10.90          2941900.00
07/09/2018       11.00       11.02       10.70       10.78          2076600.00
07/06/2018       11.00       11.28       10.64       11.02          3668100.00
07/05/2018       11.10       11.12       11.02       11.06          2386200.00
07/04/2018       10.78       11.40       10.78       11.30          5952500.00
07/03/2018       10.64       10.92       10.64       10.92          4287600.00
07/02/2018       10.56       10.94       10.54       10.90          4441100.00
06/29/2018       10.42       10.96       10.42       10.50          8008400.00
06/28/2018       10.84       10.84       10.40       10.54          5145500.00
06/27/2018       10.26       10.90       10.06       10.90          8688000.00
06/26/2018       10.00       10.40        9.90       10.20         10606500.00
06/25/2018       10.20       10.28        9.87        9.87          4429200.00
06/22/2018       10.08       10.20        9.82       10.00         12272200.00
06/21/2018       10.20       10.20        9.82        9.99         10578300.00
06/20/2018       10.24       10.38       10.18       10.20          5960400.00
06/19/2018       10.46       10.46       10.16       10.24          7600900.00
06/18/2018       10.56       10.58       10.20       10.40          6981300.00
06/14/2018       10.70       10.90       10.40       10.74         24212699.00
06/13/2018       11.20       11.20       10.62       10.70         11510400.00
06/11/2018       11.28       11.60       11.14       11.26          2302300.00
06/08/2018       11.42       11.42       11.12       11.12          5933800.00
06/07/2018       10.84       11.46       10.80       11.38         32254500.00
06/06/2018       10.96       10.96       10.80       10.84          5999800.00
06/05/2018       10.82       10.96       10.70       10.96          9590700.00
06/04/2018       10.80       10.92       10.70       10.92          2597700.00
06/01/2018       10.74       10.94       10.50       10.90          4688400.00
05/31/2018       10.60       10.80       10.16       10.80         18838199.00
05/30/2018       10.78       10.78       10.34       10.60          3642000.00
05/29/2018       10.90       10.90       10.70       10.80          7242400.00
05/28/2018       10.82       10.88       10.70       10.84          5071700.00
05/25/2018       10.66       10.86       10.44       10.78         13945700.00
05/24/2018       10.24       10.74       10.10       10.66          6596100.00
05/23/2018       10.20       10.30       10.00       10.28          3732700.00
05/22/2018       10.32       10.32       10.14       10.16          3497500.00
05/21/2018       10.28       10.44       10.18       10.18          2196600.00
05/18/2018       10.42       10.44       10.20       10.20          3360100.00
05/17/2018       10.90       10.90       10.24       10.24          3851000.00
05/16/2018       11.10       11.10       10.60       10.80          9238200.00
05/15/2018       10.86       11.06       10.80       10.98          7838700.00
05/11/2018       10.50       10.80       10.44       10.70          9180000.00
05/10/2018       10.20       10.60       10.20       10.38          5818000.00
05/09/2018       10.50       10.50       10.14       10.14          7729800.00
05/08/2018       10.46       10.64       10.30       10.46         14548700.00
05/07/2018       10.98       11.26       10.26       10.30          6479100.00
05/04/2018       10.50       11.00       10.42       10.80         22506500.00
05/03/2018       10.88       10.90       10.40       10.40         12183000.00
05/02/2018       11.10       11.20       10.70       10.70         10815400.00
04/30/2018       11.60       11.60       11.04       11.04          9517700.00
04/27/2018       11.50       11.54       11.42       11.50          5666500.00
04/26/2018       12.00       12.00       11.42       11.42          8234500.00
04/25/2018       12.20       12.30       12.02       12.08          3333900.00
04/24/2018       12.38       12.38       12.04       12.20          2376700.00
04/23/2018       12.20       12.38       12.02       12.38          2177200.00
04/20/2018       12.00       12.18       12.00       12.10          3676000.00
04/19/2018       12.00       12.22       11.48       12.00         10020700.00
04/18/2018       12.10       12.30       12.10       12.24          3330000.00
04/17/2018       12.16       12.30       12.08       12.10          5994300.00
04/16/2018       12.38       12.38       12.14       12.14          4538500.00
04/13/2018       12.74       12.74       12.36       12.36          2422200.00
04/12/2018       12.40       12.80       12.30       12.80          3163900.00
04/11/2018       12.32       12.40       12.30       12.36          7353100.00
04/10/2018       12.60       12.62       12.02       12.20          7147500.00
04/06/2018       12.50       12.68       12.46       12.46          2448700.00
04/05/2018       12.50       12.74       12.32       12.64          6511900.00
04/04/2018       12.50       12.62       12.38       12.40          1158600.00
04/03/2018       12.60       12.72       12.20       12.50          3156400.00
04/02/2018       12.30       12.68       12.18       12.68          2617500.00
03/28/2018       12.32       12.50       12.14       12.16          7112400.00
03/27/2018       12.40       12.48       12.24       12.26          5855800.00
03/26/2018       12.80       12.80       12.12       12.30          6893400.00
03/23/2018       13.00       13.06       12.60       12.98          2728200.00
03/22/2018       12.78       13.30       12.64       13.30          3215900.00
03/21/2018       13.00       13.00       12.60       12.60          5355900.00
03/20/2018       13.40       13.40       13.00       13.00          5335100.00
03/19/2018       13.50       13.68       13.42       13.66          2100600.00
03/16/2018       13.58       13.68       13.38       13.68          7571200.00
03/15/2018       13.50       13.58       13.40       13.50          3382000.00
03/14/2018       13.50       13.60       13.44       13.60          3507900.00
03/13/2018       13.50       13.50       13.42       13.48         10606500.00
03/12/2018       13.32       13.48       13.30       13.38          2969600.00
03/09/2018       13.30       13.32       13.12       13.22          8389700.00
03/08/2018       13.08       13.28       13.06       13.28          3692500.00
03/07/2018       13.36       13.36       13.00       13.10          4336500.00
03/06/2018       13.40       13.40       13.10       13.20          2703700.00
03/05/2018       13.40       13.48       13.10       13.20          5571000.00
03/02/2018       13.72       13.72       13.22       13.24          5461100.00
03/01/2018       13.92       13.98       13.70       13.72          2433600.00
02/28/2018       13.98       13.98       13.90       13.92          5299900.00
02/27/2018       13.60       14.06       13.50       14.04          4642800.00
02/26/2018       13.60       13.60       13.50       13.54          3994500.00
02/23/2018       13.72       13.74       13.52       13.60          3591300.00
02/22/2018       13.90       13.90       13.54       13.72          2146100.00
02/21/2018       13.74       14.00       13.66       13.82          3858300.00
02/20/2018       13.90       13.92       13.62       13.74          3123000.00
02/19/2018       14.00       14.06       13.90       13.92          2120200.00
02/15/2018       13.96       13.96       13.70       13.80          1848100.00
02/14/2018       13.52       14.00       13.52       14.00          1227100.00
02/13/2018       13.58       13.74       13.50       13.70          5007600.00
02/12/2018       13.74       13.80       13.36       13.40          6702200.00
02/09/2018       14.20       14.20       13.72       13.80         11555100.00
02/08/2018       14.32       14.32       14.00       14.20          5049000.00
02/07/2018       14.00       14.30       13.98       14.30          3107600.00
02/06/2018       13.80       13.98       13.36       13.78          7115600.00
02/05/2018       14.14       14.14       13.82       13.84          7163500.00
02/02/2018       14.56       14.56       14.32       14.56          2126000.00
02/01/2018       14.56       14.56       14.38       14.46          6256400.00
01/31/2018       14.30       14.54       14.16       14.40         11161400.00
01/30/2018       14.46       14.50       14.16       14.30          5313900.00
01/29/2018       14.48       14.48       14.22       14.46          7819200.00
01/26/2018       14.58       14.62       14.50       14.50          8071100.00
01/25/2018       14.54       14.84       14.54       14.66          4110000.00
01/24/2018       14.84       14.84       14.52       14.52          4574600.00
01/23/2018       15.00       15.06       14.80       14.84          3258700.00
01/22/2018       14.64       15.00       14.60       14.90          3445100.00
01/19/2018       14.94       14.94       14.58       14.64          4668100.00
01/18/2018       14.70       15.00       14.70       14.80          3824700.00
01/17/2018       14.82       14.94       14.74       14.90          9166700.00
01/16/2018       15.06       15.06       14.82       14.82          4505000.00
01/15/2018       14.60       15.06       14.60       14.94           963200.00
01/12/2018       14.50       14.64       14.38       14.60         11186100.00
01/11/2018       14.98       15.00       14.32       14.64          9749600.00
01/10/2018       15.00       15.18       14.90       14.98          5858300.00
01/09/2018       14.60       14.94       14.50       14.90          9301600.00
01/08/2018       14.88       14.94       14.50       14.50          5851500.00
01/05/2018       14.44       15.00       14.40       14.72          9569000.00
01/04/2018       14.16       14.44       14.16       14.44          6671200.00
01/03/2018       14.60       14.64       14.04       14.14          6155400.00
12/29/2017       14.60       14.80       14.36       14.40          4419700.00
12/28/2017       14.40       14.60       14.34       14.50          4536400.00
12/27/2017       14.30       14.34       14.22       14.34          1823800.00
12/22/2017       14.10       14.28       14.10       14.28          1054200.00
12/21/2017       14.20       14.20       14.02       14.10          1560000.00
12/20/2017       14.20       14.24       14.10       14.16          3892700.00
12/19/2017       14.10       14.30       14.04       14.20          6902200.00
12/18/2017       13.90       14.20       13.86       14.10          2180700.00
12/15/2017       14.28       14.36       13.86       13.86         15753700.00
12/14/2017       14.30       14.40       14.18       14.24         11396800.00
12/13/2017       14.22       14.30       14.20       14.24          4467400.00
12/12/2017       14.68       14.68       14.14       14.22          7478300.00
12/11/2017       14.58       14.70       14.40       14.70          4436600.00
12/08/2017       14.48       14.48       14.26       14.32          6102900.00
12/07/2017       14.06       14.38       14.02       14.26          5496100.00
12/06/2017       14.28       14.40       14.04       14.04         10317100.00
12/05/2017       14.20       14.58       14.20       14.40          5066500.00
12/04/2017       14.50       14.88       14.22       14.22          3508000.00
12/01/2017       14.98       14.98       14.46       14.50          9362500.00
11/29/2017       14.40       15.04       14.10       15.04         12428900.00
11/28/2017       15.10       15.10       14.42       14.42          6480600.00
11/27/2017       15.00       15.10       14.62       15.10           982600.00
11/24/2017       14.70       15.00       14.46       15.00          4079500.00
11/23/2017       14.50       14.60       14.50       14.54          4634600.00
11/22/2017       14.64       14.94       14.48       14.48          3546100.00
11/21/2017       14.70       14.70       14.56       14.62          7089200.00
11/20/2017       14.60       14.70       14.48       14.58          6715500.00
11/17/2017       14.60       14.68       14.48       14.50          5364200.00
11/16/2017       14.60       14.80       14.50       14.60          7079800.00
11/15/2017       15.10       15.20       14.42       14.42          9501200.00
11/14/2017       15.24       15.28       15.04       15.10          5702000.00
11/13/2017       15.60       15.60       15.10       15.10          6141000.00
11/10/2017       15.50       15.80       15.26       15.50          7521700.00
11/09/2017       15.50       15.56       15.22       15.50          8223700.00
11/08/2017       15.70       15.80       15.36       15.48          4890800.00
11/07/2017       15.80       15.80       15.62       15.70          9364800.00
11/06/2017       15.54       15.80       15.48       15.80          3734900.00
11/03/2017       15.80       15.94       15.60       15.60          3424800.00
11/02/2017       15.62       15.90       15.44       15.70          6931200.00
10/30/2017       15.50       15.90       15.34       15.34          4113600.00
10/27/2017       15.30       15.90       15.30       15.68          7446000.00
10/26/2017       15.52       15.66       15.24       15.24          3160100.00
10/25/2017       15.60       15.62       15.52       15.52          8384400.00
10/24/2017       15.52       15.66       15.52       15.56          6831900.00
10/23/2017       15.60       15.74       15.52       15.60          2895900.00
10/20/2017       15.80       15.80       15.54       15.60          6849800.00
10/19/2017       15.84       15.86       15.60       15.80          3487500.00
10/18/2017       16.20       16.20       15.52       15.84          2826100.00
10/17/2017       16.26       16.40       16.00       16.00          4517600.00
10/13/2017       16.28       16.28       15.90       16.00          4032700.00
10/12/2017       16.46       16.48       16.20       16.28          5679800.00
10/11/2017       16.00       16.40       15.98       16.30         18839900.00
10/10/2017       15.92       15.98       15.70       15.70          4916200.00
10/09/2017       15.82       15.90       15.76       15.76          2151100.00
10/06/2017       15.92       15.98       15.70       15.80          4122500.00
10/05/2017       15.76       15.88       15.70       15.80         12020800.00
10/04/2017       15.76       15.76       15.68       15.70         15087800.00
10/03/2017       15.68       15.76       15.60       15.66          6443700.00
10/02/2017       15.56       15.80       15.56       15.68          9229700.00
09/29/2017       15.68       15.80       15.58       15.60          8171500.00
09/28/2017       15.76       15.76       15.66       15.70         10369100.00
09/27/2017       15.70       15.84       15.68       15.72         13637500.00
09/26/2017       15.78       15.78       15.64       15.70         13057600.00
09/25/2017       15.90       15.90       15.76       15.80          6255100.00
09/22/2017       15.88       16.10       15.86       15.90          5116200.00
09/21/2017       15.90       15.90       15.82       15.88          7438400.00
09/20/2017       15.82       16.04       15.80       15.90          5527500.00
09/19/2017       16.26       16.26       15.82       15.92          5359600.00
09/18/2017       16.50       16.50       15.96       16.04          9460900.00
09/15/2017       16.66       16.70       16.46       16.52         10917200.00
09/14/2017       16.40       16.70       16.30       16.60         11319900.00
09/13/2017       16.10       16.38       16.00       16.28         14089700.00
09/11/2017       15.78       16.08       15.78       16.00          7849600.00
09/08/2017       15.60       15.78       15.56       15.76          9638500.00
09/07/2017       15.60       15.60       15.36       15.60          6778800.00
09/06/2017       15.32       15.60       15.30       15.60          6045100.00
09/05/2017       15.44       15.56       15.22       15.40          5862800.00
09/04/2017       15.70       15.70       15.42       15.44          4342800.00
08/31/2017       15.30       15.70       15.30       15.70          7911300.00
08/30/2017       15.32       15.48       15.32       15.36          4097000.00
08/29/2017       15.80       15.80       15.30       15.50          6175000.00
08/25/2017       15.90       15.90       15.64       15.66          6207900.00
08/24/2017       15.72       15.98       15.70       15.80          6332600.00
08/23/2017       15.76       15.80       15.50       15.72          9353400.00
08/22/2017       15.78       15.82       15.60       15.74          7087500.00
08/18/2017       15.80       15.80       15.30       15.60         11735400.00
08/17/2017       15.88       15.88       15.70       15.70          6220600.00
08/16/2017       15.96       15.98       15.70       15.90          9101200.00
08/15/2017       15.88       15.94       15.82       15.90          2978400.00
08/14/2017       15.88       15.90       15.82       15.86          6436800.00
08/11/2017       15.88       15.88       15.40       15.68          2934500.00
08/10/2017       15.58       15.80       15.52       15.80          4876300.00
08/09/2017       15.80       15.80       15.52       15.58          4829900.00
08/08/2017       15.80       15.80       15.50       15.76          5807200.00
08/07/2017       15.66       15.90       15.64       15.66          3372000.00
08/04/2017       15.60       15.98       15.60       15.66          2113800.00
08/03/2017       15.50       15.80       15.50       15.60          4931600.00
08/02/2017       16.00       16.28       15.50       15.50          3573500.00
08/01/2017       16.30       16.30       15.92       16.00         12532200.00
07/31/2017       16.10       16.38       16.04       16.10         24120801.00
07/28/2017       15.96       16.10       15.90       16.02         17846000.00
07/27/2017       15.78       15.98       15.78       15.84         12543800.00
07/26/2017       15.70       16.00       15.70       15.78          8430700.00
07/25/2017       15.84       15.94       15.58       15.60         13598900.00
07/24/2017       15.68       15.98       15.58       15.90          9358400.00
07/21/2017       15.46       15.68       15.20       15.60          8428700.00
07/20/2017       15.76       15.76       15.32       15.46          9584800.00
07/19/2017       15.30       15.78       15.30       15.72         20430400.00
07/18/2017       15.30       15.30       15.16       15.24          5800300.00
07/17/2017       15.12       15.40       15.12       15.20          6352500.00
07/14/2017       15.20       15.38       14.88       15.10          6883000.00
07/13/2017       15.00       15.40       15.00       15.10         22271801.00
07/12/2017       14.60       14.94       14.60       14.94         15043200.00
07/11/2017       14.52       14.74       14.50       14.56         14315200.00
07/10/2017       14.70       14.70       14.52       14.52         10048400.00
07/07/2017       14.80       14.82       14.70       14.70          6894300.00
07/06/2017       14.56       14.82       14.52       14.74          6123000.00
07/05/2017       14.50       14.54       14.42       14.50         12356500.00
07/04/2017       14.34       14.54       14.28       14.50         12848700.00
07/03/2017       14.20       14.40       14.20       14.30         17171801.00
06/30/2017       14.40       14.40       14.04       14.10         19168801.00
06/29/2017       14.60       14.60       14.20       14.34         15501000.00
06/28/2017       14.64       14.66       14.50       14.60          9138600.00
06/27/2017       14.72       14.76       14.50       14.60         10336900.00
06/23/2017       14.70       14.76       14.56       14.64          9592100.00
06/22/2017       14.52       14.70       14.50       14.56          8657900.00
06/21/2017       14.62       14.62       14.38       14.52         10603600.00
06/20/2017       14.64       14.82       14.50       14.52          6558700.00
06/19/2017       14.46       14.80       14.44       14.64          7928400.00
06/16/2017       14.54       14.70       14.40       14.42         10218300.00
06/15/2017       14.90       15.10       14.40       14.54         13822700.00
06/14/2017       14.62       15.04       14.60       14.90         12344500.00
06/13/2017       14.74       15.20       14.36       14.50         18789900.00
06/09/2017       14.20       14.90       14.20       14.50         19590900.00
06/08/2017       14.68       14.80       14.10       14.20         11819800.00
06/07/2017       14.16       14.72       14.16       14.60         19804801.00
06/06/2017       14.00       14.30       14.00       14.10         13772500.00
06/05/2017       13.70       14.06       13.66       13.92         14385500.00
06/02/2017       13.38       13.90       13.38       13.66         12243400.00
06/01/2017       13.44       13.44       13.38       13.42         12879400.00
05/31/2017       13.34       13.46       13.32       13.44         22405100.00
05/30/2017       13.42       13.46       13.34       13.36          5625600.00
05/29/2017       13.38       13.50       13.38       13.42          3981100.00
05/26/2017       13.44       13.48       13.40       13.40         11060600.00
05/25/2017       13.50       13.50       13.36       13.42         13462100.00
05/24/2017       13.50       13.68       13.44       13.50          8061100.00
05/23/2017       13.40       13.56       13.36       13.52          9662400.00
05/22/2017       13.24       13.36       13.22       13.36          4585200.00
05/19/2017       13.22       13.28       13.22       13.24          7620700.00
05/18/2017       13.32       13.32       13.10       13.24          7068200.00
05/17/2017       13.28       13.40       13.24       13.32          3746300.00
05/16/2017       13.28       13.28       13.08       13.18         12909800.00
05/15/2017       13.16       13.28       13.12       13.16         10495500.00
05/12/2017       13.20       13.28       13.08       13.12         16616000.00
05/11/2017       13.16       13.28       13.14       13.16         11661800.00
05/10/2017       13.26       13.46       13.04       13.18         23087100.00
05/09/2017       13.30       13.30       13.10       13.18          5606900.00
05/08/2017       13.20       13.38       13.10       13.26          7442300.00
05/05/2017       13.20       13.26       13.10       13.24         12289400.00
05/04/2017       12.96       13.34       12.96       13.10         13012800.00
05/03/2017       12.96       13.08       12.96       12.96          9357800.00
05/02/2017       12.96       13.02       12.84       13.00          6620200.00
04/27/2017       13.04       13.06       12.78       12.86          9565900.00
04/26/2017       13.12       13.22       12.78       13.00         20789301.00
04/25/2017       12.72       13.12       12.72       13.00         31019199.00
04/24/2017       12.78       12.80       12.44       12.60          4495600.00
04/21/2017       12.24       12.78       12.22       12.78         13882600.00
04/20/2017       11.90       12.26       11.90       12.26          8292300.00
04/19/2017       11.88       11.90       11.80       11.88          8908900.00
04/18/2017       11.94       11.96       11.80       11.80         12098400.00
04/17/2017       12.18       12.32       12.16       12.20         14692400.00
04/12/2017       12.10       12.18       12.08       12.16         13917700.00
04/11/2017       12.10       12.34       11.98       12.02         16771000.00
04/10/2017       12.06       12.22       12.06       12.10         15415100.00
04/07/2017       11.92       12.22       11.88       12.00         26463500.00
04/06/2017       11.84       12.08       11.84       12.00         21951301.00
04/05/2017       11.84       11.88       11.60       11.70         32755801.00
04/04/2017       11.50       11.86       11.50       11.80         15530100.00
04/03/2017       11.56       11.56       11.40       11.50         12079100.00
03/31/2017       11.76       11.76       11.26       11.40         15237100.00
03/30/2017       11.84       11.86       11.60       11.60         14349600.00
03/29/2017       11.68       11.86       11.68       11.74         34205199.00
03/28/2017       11.60       11.64       11.56       11.62         15635800.00
03/27/2017       11.50       11.60       11.50       11.50         12650300.00
03/24/2017       11.64       11.64       11.50       11.50         39686398.00
03/23/2017       11.58       11.78       11.52       11.62         21413801.00
03/22/2017       11.74       11.74       11.44       11.56         15441400.00
03/21/2017       11.80       11.96       11.74       11.76         14881900.00
03/20/2017       11.86       12.02       11.84       11.86         10560000.00
03/17/2017       12.24       12.24       11.80       11.86         29720699.00
03/16/2017       12.28       12.28       12.00       12.04         13285000.00
03/15/2017       12.36       12.40       12.18       12.26          5156500.00
03/14/2017       12.50       12.52       12.28       12.36          9919300.00
03/13/2017       12.46       12.58       12.44       12.52          1657500.00
03/10/2017       12.38       12.54       12.34       12.46          6672100.00
03/09/2017       12.40       12.42       12.24       12.36          5961900.00
03/08/2017       12.76       12.78       12.36       12.40          6492000.00
03/07/2017       12.80       13.00       12.66       12.68          6997000.00
03/06/2017       13.06       13.10       12.78       12.80          8321100.00
03/03/2017       13.06       13.06       12.90       13.06          2602200.00
03/02/2017       12.84       13.12       12.72       13.06          3271100.00
03/01/2017       12.72       12.92       12.72       12.86          2661000.00
02/28/2017       13.10       13.10       12.68       12.68          5824100.00
02/27/2017       13.06       13.20       13.00       13.10          3903800.00
02/24/2017       13.18       13.26       12.96       13.00         14990200.00
02/23/2017       13.16       13.32       13.12       13.18         13830800.00
02/22/2017       13.16       13.24       13.14       13.16          3172200.00
02/21/2017       13.20       13.22       13.08       13.16          5298800.00
02/20/2017       13.04       13.32       13.00       13.20         16329800.00
02/17/2017       13.10       13.10       12.92       13.00          8163400.00
02/16/2017       13.00       13.24       13.00       13.04         10769800.00
02/15/2017       13.08       13.10       12.94       13.10          2341400.00
02/14/2017       12.94       13.10       12.94       13.04          2946000.00
02/13/2017       13.12       13.18       12.86       13.04          5535500.00
02/10/2017       13.18       13.18       12.90       13.00          7744100.00
02/09/2017       13.18       13.18       12.98       13.10          4857500.00
02/08/2017       12.98       13.18       12.96       12.98          9823500.00
02/07/2017       13.08       13.26       12.92       12.98          7541900.00
02/06/2017       13.04       13.12       13.04       13.10          6502300.00
02/03/2017       13.00       13.08       12.82       12.96          3630600.00
02/02/2017       13.12       13.12       12.78       13.00          4690200.00
02/01/2017       12.90       13.08       12.82       13.08          4094100.00
01/31/2017       13.04       13.04       12.92       12.92          4294600.00
01/30/2017       13.00       13.10       12.96       13.00          1497500.00
01/27/2017       12.90       13.06       12.90       13.00          3920700.00
01/26/2017       12.86       13.14       12.82       13.00          9545300.00
01/25/2017       13.16       13.16       12.86       12.86          9119900.00
01/24/2017       13.02       13.16       13.02       13.10         11458400.00
01/23/2017       13.04       13.26       12.96       13.10          7845400.00
01/20/2017       13.14       13.18       12.96       13.06          8987600.00
01/19/2017       13.18       13.24       12.94       13.10          9755700.00
01/18/2017       12.90       13.18       12.74       13.16          5890900.00
01/17/2017       13.08       13.20       12.78       12.90          6191200.00
01/16/2017       13.10       13.16       13.02       13.08          3844700.00
01/13/2017       13.40       13.40       13.06       13.08          7529600.00
01/12/2017       13.04       13.20       12.96       13.10          2300900.00
01/11/2017       13.10       13.20       13.00       13.04          7137300.00
01/10/2017       13.10       13.20       12.88       13.00         18204400.00
01/09/2017       13.12       13.12       13.00       13.00          6079800.00
01/06/2017       13.40       13.50       13.08       13.10         14624500.00
01/05/2017       13.50       13.50       13.40       13.46         14181800.00
01/04/2017       13.30       13.58       13.30       13.48          9498700.00
01/03/2017       13.26       13.26       13.00       13.26          1064100.00
12/29/2016       12.74       13.28       12.74       13.26          5157500.00
12/28/2016       12.68       13.10       12.68       13.10          2797400.00
12/27/2016       12.30       12.68       12.28       12.68          2852200.00
12/23/2016       12.48       12.60       12.08       12.60          8843600.00
12/22/2016       12.84       13.00       12.50       12.50         12015700.00
12/21/2016       13.00       13.00       12.84       12.84          5395800.00
12/20/2016       13.20       13.20       12.86       12.86          7799600.00
12/19/2016       12.94       13.40       12.90       13.20          8707400.00
12/16/2016       13.50       13.60       12.90       12.90          8867900.00
12/15/2016       13.46       13.54       13.30       13.48          6211300.00
12/14/2016       13.66       13.66       13.44       13.46         10372100.00
12/13/2016       13.48       13.52       13.40       13.48          4947800.00
12/12/2016       13.50       13.60       13.32       13.48          4773200.00
12/09/2016       13.60       13.68       13.42       13.50          5585600.00
12/08/2016       13.36       13.50       13.34       13.48          8658100.00
12/07/2016       13.06       13.30       13.06       13.22         10478500.00
12/06/2016       13.10       13.10       12.96       13.06          8604000.00
12/05/2016       13.40       13.40       13.10       13.14          5770300.00
12/02/2016       13.50       13.54       13.36       13.40          8534700.00
12/01/2016       13.80       13.80       13.48       13.50         13703100.00
11/29/2016       13.00       13.70       13.00       13.50         21006500.00
11/28/2016       12.74       13.20       12.70       13.16          8350300.00
11/25/2016       12.98       13.26       12.74       12.74          7372300.00
11/24/2016       13.18       13.38       13.00       13.00          3832600.00
11/23/2016       13.44       13.44       13.02       13.20          4330100.00
11/22/2016       13.50       14.00       13.40       13.44         16379300.00
11/21/2016       13.40       13.90       13.34       13.50          9961900.00
11/18/2016       13.08       13.70       12.88       13.40         15039000.00
11/17/2016       12.94       13.20       12.94       13.00          4841300.00
11/16/2016       13.00       13.30       12.88       12.92          6129800.00
11/15/2016       12.02       13.22       12.02       13.00         18083900.00
11/14/2016       12.00       12.50       11.94       12.22          7726700.00
11/11/2016       12.56       12.80       12.10       12.10         11277100.00
11/10/2016       12.80       13.16       12.70       12.80          9485200.00
11/09/2016       12.62       12.84       12.34       12.72          5288100.00
11/08/2016       12.30       12.84       12.30       12.60         10379500.00
11/07/2016       12.18       12.30       12.00       12.18          4704600.00
11/04/2016       12.16       12.28       11.84       12.24          4262600.00
11/03/2016       12.10       12.38       11.78       12.18          7197600.00
11/02/2016       12.24       12.60       12.10       12.10          9477400.00
10/28/2016       12.32       12.50       12.22       12.50          3199400.00
10/27/2016       12.64       12.70       12.30       12.30         16621900.00
10/26/2016       13.00       13.00       12.64       12.76         14529800.00
10/25/2016       13.20       13.30       13.06       13.06          4654500.00
10/24/2016       13.20       13.26       13.10       13.16          3418100.00
10/21/2016       13.56       13.60       13.12       13.34          6637900.00
10/20/2016       13.80       13.82       13.48       13.56          7133400.00
10/19/2016       13.20       13.80       13.20       13.80         11727600.00
10/18/2016       12.96       13.40       12.94       13.20         12801900.00
10/17/2016       12.68       13.20       12.54       12.96         12512700.00
10/14/2016       12.50       12.92       12.50       12.68          5151700.00
10/13/2016       12.40       12.52       12.32       12.50          5563400.00
10/12/2016       12.66       12.66       12.34       12.50          8675700.00
10/11/2016       12.70       12.96       12.70       12.76          6199500.00
10/10/2016       12.60       12.70       12.20       12.60          5432200.00
10/07/2016       12.62       12.90       12.54       12.70          6853800.00
10/06/2016       12.70       12.80       12.62       12.68          2831300.00
10/05/2016       12.82       12.82       12.64       12.82          2354300.00
10/04/2016       12.60       12.92       12.60       12.82          6905100.00
10/03/2016       12.08       12.72       12.08       12.60         12096000.00
09/30/2016       12.16       12.52       12.00       12.06          4781000.00
09/29/2016       11.88       12.30       11.88       12.16         18236801.00
09/28/2016       11.96       11.96       11.80       11.80          5092000.00
09/27/2016       11.94       11.96       11.64       11.96          6857400.00
09/26/2016       12.00       12.00       11.72       11.86          1700300.00
09/23/2016       11.80       12.00       11.80       11.94          9006000.00
09/22/2016       12.00       12.06       11.94       12.00         12303400.00
09/21/2016       11.88       11.98       11.86       11.98          9675600.00
09/20/2016       11.60       12.06       11.60       11.88          9814000.00
09/19/2016       11.38       11.64       11.38       11.56          2891900.00
09/16/2016       11.96       11.96       11.36       11.36          8812200.00
09/15/2016       11.60       12.18       11.52       12.18          4460300.00
09/14/2016       11.66       11.66       11.54       11.60          6389400.00
09/13/2016       11.62       11.74       11.56       11.66          3364600.00
09/09/2016       11.80       12.00       11.70       11.74          5783900.00
09/08/2016       11.56       12.00       11.50       11.90          8467700.00
09/07/2016       11.80       11.80       11.50       11.74          8231600.00
09/06/2016       11.80       11.96       11.60       11.70          4085600.00
09/05/2016       11.80       11.84       11.70       11.80          2035900.00
09/02/2016       11.90       11.90       11.70       11.80          7100900.00
09/01/2016       11.50       11.88       11.50       11.80         11740200.00
08/31/2016       11.94       11.94       11.50       11.50          6660600.00
08/30/2016       12.16       12.16       11.52       11.96          7668000.00
08/26/2016       11.90       12.04       11.90       12.00         20641600.00
08/25/2016       11.96       12.00       11.90       11.90          3251700.00
08/24/2016       12.18       12.18       11.90       11.96          4527500.00
08/23/2016       12.58       12.58       12.10       12.18          3655400.00
08/22/2016       12.60       12.86       12.56       12.60         12336500.00
08/19/2016       12.36       12.88       12.26       12.70         10612600.00
08/18/2016       12.10       12.30       12.04       12.22          5293300.00
08/17/2016       12.24       12.34       12.06       12.10          4098500.00
08/16/2016       12.24       12.40       12.20       12.24          7798200.00
08/15/2016       12.28       12.30       11.90       12.10          9431900.00
08/12/2016       12.72       12.80       12.00       12.28         12031200.00
08/11/2016       12.98       13.00       12.60       12.80          7507000.00
08/10/2016       12.98       13.00       12.80       12.98          6631800.00
08/09/2016       13.00       13.00       12.94       13.00          8170700.00
08/08/2016       13.02       13.02       12.90       13.00          6760400.00
08/05/2016       13.00       13.06       12.98       13.00          6094400.00
08/04/2016       12.70       13.04       12.68       13.00         10965200.00
08/03/2016       13.00       13.00       12.56       12.70          5651900.00
08/02/2016       13.08       13.08       12.90       13.00          8037700.00
08/01/2016       13.04       13.08       12.84       13.08          5931300.00
07/29/2016       13.08       13.18       13.00       13.02          7931800.00
07/28/2016       13.00       13.06       12.82       13.00         12143900.00
07/27/2016       13.06       13.20       12.86       13.00         10221300.00
07/26/2016       12.94       13.20       12.90       13.06         15172100.00
07/25/2016       12.78       13.00       12.70       12.90          4930900.00
07/22/2016       12.90       13.14       12.70       12.70          5281200.00
07/21/2016       12.70       12.90       12.56       12.90          4318100.00
07/20/2016       12.80       12.80       12.62       12.78          2593800.00
07/19/2016       12.86       12.86       12.76       12.80          3942100.00
07/18/2016       12.80       12.80       12.58       12.60          4810500.00
07/15/2016       12.80       12.80       12.70       12.76          4904000.00
07/14/2016       12.86       12.86       12.70       12.70          3449400.00
07/13/2016       12.80       12.84       12.78       12.80          3715400.00
07/12/2016       12.72       12.78       12.70       12.78          2159000.00
07/11/2016       12.76       12.86       12.60       12.70          2311100.00
07/08/2016       12.68       12.70       12.42       12.50          3576200.00
07/07/2016       12.74       12.74       12.64       12.68          1776000.00
07/05/2016       12.90       12.96       12.64       12.74          3302200.00
07/04/2016       12.70       12.94       12.66       12.86          4307700.00
07/01/2016       12.80       12.84       12.66       12.70          1464100.00
06/30/2016       12.82       13.00       12.44       12.60          8470200.00
06/29/2016       12.60       12.86       12.60       12.80          4512300.00
06/28/2016       12.70       12.70       12.46       12.60          4845300.00
06/27/2016       12.42       12.70       12.38       12.70          3826800.00
06/24/2016       12.94       13.00       12.38       12.42          7893000.00
06/23/2016       12.90       12.90       12.64       12.78          5739000.00
06/22/2016       12.90       13.00       12.40       12.90         10308800.00
06/21/2016       12.90       12.94       12.86       12.90          4395600.00
06/20/2016       12.92       12.92       12.72       12.84          3820100.00
06/17/2016       12.92       13.00       12.86       12.92          5094100.00
06/16/2016       12.96       12.96       12.70       12.78          2408500.00
06/15/2016       12.70       12.90       12.70       12.78          2714100.00
06/14/2016       12.98       12.98       12.70       12.70          1805800.00
06/13/2016       12.82       13.20       12.66       13.20          2367700.00
06/10/2016       12.82       13.00       12.82       12.88          2465300.00
06/09/2016       13.22       13.22       12.74       12.74          3063000.00
06/08/2016       13.30       13.38       13.16       13.22          7979600.00
06/07/2016       12.82       13.34       12.80       13.14         10064800.00
06/06/2016       12.76       12.78       12.64       12.64          2016200.00
06/03/2016       12.70       12.80       12.70       12.76          1543200.00
06/02/2016       12.58       12.76       12.56       12.72          1821800.00
06/01/2016       12.70       12.82       12.64       12.74           982100.00
05/31/2016       12.62       12.70       12.36       12.70         12941100.00
05/30/2016       12.60       12.82       12.60       12.66          3773200.00
05/27/2016       12.60       12.60       12.50       12.60          3375700.00
05/26/2016       12.64       12.74       12.52       12.60          2863000.00
05/25/2016       12.60       12.72       12.58       12.64          3387700.00
05/24/2016       12.82       12.82       12.34       12.56         10976900.00
05/23/2016       12.96       12.98       12.86       12.92          8371900.00
05/20/2016       12.88       12.98       12.88       12.96          9606700.00
05/19/2016       13.10       13.10       12.94       13.00         10162600.00
05/18/2016       13.00       13.20       12.90       13.02         13012600.00
05/17/2016       12.86       13.00       12.76       12.92          9296900.00
05/16/2016       12.50       12.94       12.50       12.82         18102699.00
05/13/2016       12.66       12.74       12.46       12.62          4215800.00
05/12/2016       12.66       12.66       12.48       12.60          5778300.00
05/11/2016       12.26       12.72       12.20       12.66         11848800.00
05/10/2016       11.74       12.20       11.66       12.20          4471900.00
05/06/2016       11.66       11.82       11.56       11.70          4251900.00
05/05/2016       11.80       11.92       11.62       11.74          3300000.00
05/04/2016       11.90       12.00       11.78       12.00          2300900.00
05/03/2016       12.16       12.16       11.80       11.90          4249700.00
05/02/2016       12.30       12.30       11.80       11.98          4381300.00
04/29/2016       12.36       12.48       12.24       12.48          4063800.00
04/28/2016       12.20       12.42       12.12       12.36          6337400.00
04/27/2016       12.38       12.38       11.90       12.10          3564400.00
04/26/2016       12.48       12.48       12.28       12.38          6577600.00
04/25/2016       12.36       12.64       12.36       12.46          6105800.00
04/22/2016       12.38       12.40       12.32       12.36          5887300.00
04/21/2016       12.40       12.44       12.30       12.36          8186000.00
04/20/2016       12.44       12.70       12.20       12.36          8375600.00
04/19/2016       12.42       12.50       12.38       12.42          5160200.00
04/18/2016       12.70       12.72       12.40       12.40          6909200.00
04/15/2016       12.80       12.80       12.64       12.70         12489400.00
04/14/2016       12.72       13.02       12.72       12.76          6858700.00
04/13/2016       12.82       12.90       12.68       12.72         11554500.00
04/12/2016       12.90       12.94       12.74       12.82          9596600.00
04/11/2016       12.68       12.98       12.60       12.72          6328800.00
04/08/2016       12.76       12.78       12.60       12.70          7707800.00
04/07/2016       12.80       12.82       12.70       12.76          8836200.00
04/06/2016       12.80       12.82       12.52       12.60          3542600.00
04/05/2016       12.66       12.84       12.66       12.78          2230400.00
04/04/2016       13.00       13.28       12.52       12.64          4439200.00
04/01/2016       13.30       13.40       12.82       13.00          3742900.00
03/31/2016       13.60       13.60       13.24       13.40          8119300.00
03/30/2016       13.54       13.56       13.50       13.54          5519800.00
03/29/2016       13.38       13.50       13.38       13.50          1393200.00
03/28/2016       13.60       13.64       13.44       13.54          1829100.00
03/23/2016       13.32       13.50       13.32       13.50          4080700.00
03/22/2016       13.74       13.86       13.28       13.40          6335500.00
03/21/2016       13.80       13.80       13.56       13.74          6977800.00
03/18/2016       13.70       13.78       13.50       13.56          8188900.00
03/17/2016       13.26       13.74       13.26       13.36          5603400.00
03/16/2016       13.24       13.68       13.02       13.26          7042200.00
03/15/2016       13.10       13.60       13.10       13.22          8916400.00
03/14/2016       12.90       13.28       12.82       13.10          3854200.00
03/11/2016       12.30       12.90       12.30       12.90          7765500.00
03/10/2016       12.88       13.00       12.86       12.90          4713600.00
03/09/2016       12.98       13.00       12.86       12.88          3796900.00
03/08/2016       13.20       13.20       12.86       12.98          4850500.00
03/07/2016       13.30       13.30       12.96       13.14          3228500.00
03/04/2016       13.40       13.40       12.94       12.96          3594300.00
03/03/2016       13.06       13.50       13.06       13.20          4368200.00
03/02/2016       13.20       13.30       13.00       13.04          4996600.00
03/01/2016       12.70       13.08       12.68       12.94          5887200.00
02/29/2016       12.30       12.80       12.30       12.80         10418400.00
02/26/2016       12.50       12.60       12.14       12.30          8657800.00
02/24/2016       12.50       12.50       12.30       12.48          1842000.00
02/23/2016       12.50       12.58       12.40       12.58          4120900.00
02/22/2016       12.30       12.46       12.20       12.46          2444700.00
02/19/2016       12.00       12.40       11.98       12.30          5608000.00
02/18/2016       11.90       12.26       11.90       12.00         11826500.00
02/17/2016       11.84       11.94       11.84       11.90          3035500.00
02/16/2016       11.80       11.90       11.60       11.84          4956600.00
02/15/2016       11.80       11.90       11.76       11.80          3179100.00
02/12/2016       11.80       11.88       11.60       11.80          2377000.00
02/11/2016       11.90       11.94       11.66       11.90          2005900.00
02/10/2016       11.50       11.90       11.36       11.90          1250300.00
02/09/2016       11.86       11.86       11.42       11.60          4453600.00
02/05/2016       11.82       11.98       11.34       11.90          4423500.00
02/04/2016       11.18       11.80       11.18       11.80          4397100.00
02/03/2016       11.50       11.50       11.14       11.14          3201900.00
02/02/2016       11.26       11.66       11.26       11.52         15991300.00
02/01/2016       11.30       11.42       11.00       11.26          7371600.00
01/29/2016       11.20       11.60       11.20       11.40         24370500.00
01/28/2016       11.30       11.38       11.18       11.20         15946300.00
01/27/2016       11.02       11.30       11.00       11.20          8068300.00
01/26/2016       10.78       10.98       10.62       10.90          7234300.00
01/25/2016       11.00       11.12       10.78       10.96         16454900.00
01/22/2016       10.98       11.24       10.72       10.78         13804400.00
01/21/2016       11.22       11.40       10.84       10.90         15364200.00
01/20/2016       11.98       11.98       11.30       11.52          6011400.00
01/19/2016       11.70       12.20       11.46       12.00          3120400.00
01/18/2016       11.82       12.00       11.20       11.70         10171100.00
01/15/2016       12.16       12.22       12.00       12.12          2882000.00
01/14/2016       11.80       11.90       11.74       11.82          4801500.00
01/13/2016       11.82       12.08       11.82       12.02          3559600.00
01/12/2016       11.72       12.20       11.72       11.74          3743500.00
01/11/2016       12.26       12.36       11.72       11.72          5497700.00
01/08/2016       12.70       12.82       12.40       12.58          5133100.00
01/07/2016       13.48       13.50       12.80       12.80          2339300.00
01/06/2016       13.30       13.64       13.30       13.48          7352700.00
01/05/2016       13.22       13.44       13.20       13.40          1925900.00
01/04/2016       13.50       13.90       13.22       13.24          2702200.00
12/29/2015       13.62       13.86       13.60       13.80          1011000.00
12/28/2015       13.36       14.00       13.36       14.00           998500.00
12/23/2015       13.90       14.00       13.84       14.00          3313600.00
12/22/2015       13.60       13.90       13.60       13.86          2567900.00
12/21/2015       13.70       13.80       13.60       13.80          2760900.00
12/18/2015       13.30       13.80       13.26       13.80          6256800.00
12/17/2015       13.00       13.90       13.00       13.48          9632600.00
12/16/2015       12.82       13.10       12.82       12.98          7037400.00
12/15/2015       13.40       13.60       12.84       13.00          3095400.00
12/14/2015       13.18       13.70       12.92       13.04          2728600.00
12/11/2015       13.54       13.54       13.30       13.30          3482300.00
12/10/2015       13.42       13.70       13.34       13.54          1698300.00
12/09/2015       13.50       13.78       13.44       13.54          1273600.00
12/08/2015       13.50       13.60       13.30       13.50          1268800.00
12/07/2015       13.64       13.76       13.46       13.50          2199200.00
12/04/2015       13.68       13.80       13.50       13.64          2304900.00
12/03/2015       13.84       13.92       13.58       13.68          1277200.00
12/02/2015       13.66       14.10       13.66       13.72          4473700.00
12/01/2015       13.48       13.96       13.38       13.66          6867200.00
11/27/2015       13.84       13.84       13.48       13.48         12110400.00
11/26/2015       13.94       14.06       13.62       13.84         13665400.00
11/25/2015       13.76       13.98       13.64       13.90         13567000.00
11/24/2015       13.30       13.70       13.20       13.60         12842700.00
11/23/2015       13.00       13.24       13.00       13.20          3736800.00
11/20/2015       12.90       13.10       12.88       13.00         22965199.00
11/17/2015       13.00       13.00       12.74       12.88          1824900.00
11/16/2015       12.86       13.00       12.74       12.98          2982100.00
11/13/2015       12.88       13.18       12.84       13.18          1354300.00
11/12/2015       13.18       13.48       12.88       12.88          5352700.00
11/11/2015       13.18       13.18       12.82       13.18          3904400.00
11/10/2015       12.84       13.50       12.80       13.30          6413700.00
11/09/2015       12.62       13.20       12.62       13.12          1300900.00
11/06/2015       12.78       13.20       12.40       13.10          7669800.00
11/05/2015       12.90       13.00       12.46       12.50          2623600.00
11/04/2015       12.72       13.08       12.70       12.90          4616500.00
11/03/2015       12.62       12.90       12.62       12.72          3139000.00
11/02/2015       12.60       12.88       12.52       12.62          5922800.00
10/30/2015       12.34       12.44       12.34       12.40          6406700.00
10/29/2015       12.80       12.80       12.38       12.38          4899800.00
10/28/2015       12.90       12.90       12.68       12.80          3188200.00
10/27/2015       12.90       13.00       12.76       12.90          7385000.00
10/26/2015       12.96       13.00       12.80       12.86          5229700.00
10/23/2015       12.50       12.90       12.50       12.60          5265300.00
10/22/2015       12.48       12.56       12.34       12.50          1940100.00
10/21/2015       12.56       12.60       12.40       12.48          7537700.00
10/20/2015       12.50       12.60       12.44       12.52          6626900.00
10/19/2015       12.72       12.78       12.46       12.50          2280200.00
10/16/2015       12.96       12.96       12.44       12.50          9986100.00
10/15/2015       12.94       12.94       12.72       12.76          6815800.00
10/14/2015       12.76       12.90       12.76       12.82          2213300.00
10/13/2015       12.86       12.98       12.74       12.80          5817400.00
10/12/2015       12.60       12.92       12.60       12.84          5297400.00
10/09/2015       12.60       12.62       12.50       12.60          9373500.00
10/08/2015       12.62       12.80       12.46       12.50          4139000.00
10/07/2015       12.46       12.62       12.46       12.48          6999800.00
10/06/2015       12.50       13.20       12.48       12.64          6569400.00
10/05/2015       12.38       12.80       12.10       12.34          6056000.00
10/02/2015       12.30       12.74       12.24       12.42          3736100.00
10/01/2015       12.80       12.90       12.30       12.30          8629800.00
09/30/2015       12.32       12.80       12.08       12.80          6065800.00
09/29/2015       11.80       12.26       11.74       12.26          3900500.00
09/28/2015       12.30       12.32       11.80       11.80          2526800.00
09/24/2015       12.60       12.60       12.14       12.40          4103900.00
09/23/2015       13.00       13.00       12.56       12.60          4844700.00
09/22/2015       13.00       13.16       12.94       13.00          4969300.00
09/21/2015       13.02       13.48       13.00       13.16         10900000.00
09/18/2015       13.00       13.48       12.90       12.90         10525800.00
09/17/2015       12.90       13.08       12.62       12.90          4527000.00
09/16/2015       13.08       13.10       12.70       13.00          5122000.00
09/15/2015       12.80       13.30       12.80       13.10         11617400.00
09/14/2015       12.18       12.88       12.18       12.60         10641000.00
09/11/2015       11.78       12.30       11.60       12.16          7096200.00
09/10/2015       11.54       11.68       11.32       11.68          2750100.00
09/09/2015       11.50       11.60       11.48       11.56          3964000.00
09/08/2015       11.20       11.42       11.20       11.42          1986800.00
09/07/2015       11.70       11.70       11.20       11.20          4445300.00
09/04/2015       11.30       11.90       11.22       11.72          5594600.00
09/03/2015       11.12       11.38       11.12       11.30          3341000.00
09/02/2015       11.18       11.18       10.84       11.10          9144500.00
09/01/2015       10.90       11.28       10.88       11.20          4531400.00
08/28/2015       11.00       11.38       11.00       11.38          7985300.00
08/27/2015       11.38       11.38       10.86       10.92         12526600.00
08/26/2015       10.90       11.10       10.66       10.84         10371400.00
08/25/2015       10.60       10.90       10.40       10.70          6635800.00
08/24/2015       11.30       11.40       10.60       10.90         14463900.00
08/20/2015       11.98       11.98       11.50       11.60          7006100.00
08/19/2015       11.80       12.10       11.78       11.88          9564500.00
08/18/2015       11.82       12.08       11.78       11.94          6102300.00
08/17/2015       12.00       12.10       11.82       11.82          3304600.00
08/14/2015       12.66       12.70       12.00       12.00         10503000.00
08/13/2015       12.96       13.12       12.14       12.66         10600100.00
08/12/2015       12.50       13.10       12.34       12.78         28292900.00
08/11/2015       11.84       12.64       11.84       12.50          9562200.00
08/10/2015       11.86       12.10       11.84       11.84          3050800.00
08/07/2015       11.84       11.98       11.80       11.86          3685800.00
08/06/2015       11.86       12.12       11.86       11.88          4145500.00
08/05/2015       12.00       12.00       11.78       11.90          6874200.00
08/04/2015       12.12       12.12       11.90       12.00          2287800.00
08/03/2015       12.06       12.10       11.92       12.02          5945400.00
07/31/2015       11.98       12.10       11.88       11.90          8881800.00
07/30/2015       11.94       12.18       11.84       11.84          6201300.00
07/29/2015       12.06       12.30       11.70       11.80         11006700.00
07/28/2015       12.30       12.32       11.94       12.02          7993800.00
07/27/2015       12.58       12.60       12.32       12.44          3714400.00
07/24/2015       12.50       12.70       12.30       12.60         11414200.00
07/23/2015       11.92       12.74       11.92       12.50         15879300.00
07/22/2015       12.50       12.58       11.86       11.92          9701000.00
07/21/2015       12.46       12.76       12.40       12.56         15258400.00
07/20/2015       13.20       13.20       12.42       12.46         25198400.00
07/16/2015       13.40       13.62       13.28       13.50         18051900.00
07/15/2015       13.22       13.58       13.20       13.42         13721600.00
07/14/2015       13.24       13.24       13.14       13.14          2384300.00
07/13/2015       13.10       13.20       13.02       13.06          4173500.00
07/10/2015       13.18       13.28       13.06       13.10          3772000.00
07/09/2015       12.98       13.30       12.80       13.16          5900400.00
07/08/2015       13.46       13.54       13.00       13.00          4688500.00
07/07/2015       13.42       13.60       13.20       13.46          1844200.00
07/06/2015       13.38       13.66       13.12       13.40          1710300.00
07/03/2015       13.48       14.00       13.40       13.44          5318000.00
07/02/2015       13.50       13.60       13.30       13.48          8072100.00
07/01/2015       13.06       13.70       13.02       13.50          8393200.00
06/30/2015       13.06       13.42       13.06       13.20         18950199.00
06/29/2015       13.20       13.48       13.00       13.32         18012400.00
06/26/2015       13.00       13.30       12.98       13.30         11628300.00
06/25/2015       13.48       13.48       13.06       13.16          6615400.00
06/24/2015       13.40       13.48       13.04       13.48          4539500.00
06/23/2015       13.46       13.48       13.14       13.22          6212300.00
06/22/2015       13.46       13.60       13.10       13.60         10235600.00
06/19/2015       13.40       13.60       13.34       13.48          5572100.00
06/18/2015       13.42       13.54       13.26       13.46          8867000.00
06/17/2015       13.68       13.72       13.28       13.50          8877300.00
06/16/2015       13.60       14.08       13.58       13.84          9923900.00
06/15/2015       13.44       13.90       13.30       13.60         16500301.00
06/11/2015       13.00       13.38       13.00       13.38         10824200.00
06/10/2015       12.82       13.00       12.82       12.90         18267400.00
06/09/2015       13.06       13.06       12.80       13.00          7640300.00
06/08/2015       13.22       13.22       13.02       13.08          3830000.00
06/05/2015       13.34       13.34       13.10       13.20          6130800.00
06/04/2015       13.16       13.50       13.12       13.34         10269700.00
06/03/2015       13.00       13.20       13.00       13.20          5464100.00
06/02/2015       13.28       13.36       13.10       13.14          5433900.00
06/01/2015       13.48       13.48       13.04       13.36          6796100.00
05/29/2015       13.20       13.90       13.20       13.30         25500400.00
05/28/2015       13.68       13.68       13.12       13.20         13582600.00
05/27/2015       14.10       14.26       13.30       13.68         15212400.00
05/26/2015       14.68       14.68       14.20       14.28          4668600.00
05/25/2015       15.00       15.00       14.90       14.92          1187400.00
05/22/2015       15.18       15.20       14.86       14.94          5907700.00
05/21/2015       15.04       15.16       15.02       15.10          8679900.00
05/20/2015       14.82       15.14       14.80       15.04         10861400.00
05/19/2015       15.08       15.08       14.80       14.96          8192900.00
05/18/2015       15.10       15.18       15.02       15.08          3037600.00
05/15/2015       14.80       15.38       14.80       15.10         10444900.00
05/14/2015       14.56       14.74       14.56       14.70          7762300.00
05/13/2015       14.62       14.62       14.50       14.56          2889500.00
05/12/2015       14.36       14.86       14.16       14.60          8360000.00
05/11/2015       14.60       14.94       14.40       14.46          2899300.00
05/08/2015       14.90       14.92       14.60       14.60          3412400.00
05/07/2015       14.60       14.92       14.50       14.92          3223900.00
05/06/2015       15.06       15.06       14.86       14.98          7015200.00
05/05/2015       15.14       15.18       15.04       15.08          4896900.00
05/04/2015       14.98       15.20       14.70       15.04          4363700.00
04/30/2015       14.84       15.00       14.64       15.00         10864700.00
04/29/2015       14.80       14.86       14.50       14.72          3256800.00
04/28/2015       14.76       14.88       14.62       14.70          4560100.00
04/27/2015       14.70       14.76       14.52       14.60         11735300.00
04/24/2015       14.66       14.80       14.42       14.60         10077500.00
04/23/2015       14.58       14.70       14.36       14.60         10578000.00
04/22/2015       14.60       14.66       13.94       14.54         27837400.00
04/21/2015       15.50       15.50       14.24       14.46         19552400.00
04/20/2015       15.28       15.60       15.18       15.60          4888100.00
04/17/2015       15.34       15.42       15.30       15.40          7554600.00
04/16/2015       15.30       15.34       15.06       15.34          7836200.00
04/15/2015       15.50       15.54       15.28       15.30         10247200.00
04/14/2015       15.58       15.60       15.48       15.50         10795700.00
04/13/2015       15.76       15.76       15.50       15.66          2953000.00
04/10/2015       15.60       15.84       15.60       15.76          8133900.00
04/08/2015       15.50       15.60       15.38       15.40          3489900.00
04/07/2015       15.60       15.78       15.40       15.50          2115500.00
04/06/2015       15.44       15.70       15.36       15.60          3525100.00
04/01/2015       15.40       15.56       15.40       15.44          5377100.00
03/31/2015       15.44       15.60       15.44       15.50          7779300.00
03/30/2015       15.56       15.60       15.38       15.44         10915400.00
03/27/2015       15.22       15.72       15.22       15.58          5856000.00
03/26/2015       15.40       15.50       15.22       15.40         11279400.00
03/25/2015       15.44       15.44       15.30       15.40          5536100.00
03/24/2015       15.40       15.52       15.22       15.44          8395600.00
03/23/2015       15.22       15.40       15.20       15.40          2272900.00
03/20/2015       15.32       15.50       15.00       15.20          8226600.00
03/19/2015       15.36       15.40       15.20       15.32          6721200.00
03/18/2015       15.28       15.40       15.26       15.28          6676100.00
03/17/2015       15.20       15.30       15.20       15.28          4894400.00
03/16/2015       15.40       15.40       15.14       15.18          5305900.00
03/13/2015       15.38       15.54       15.38       15.40          7347800.00
03/12/2015       15.34       15.50       15.34       15.36          3867000.00
03/11/2015       15.40       15.50       15.22       15.40          9913100.00
03/10/2015       15.50       15.76       15.38       15.38         12118500.00
03/09/2015       15.76       15.76       15.50       15.56          5930100.00
03/06/2015       15.76       15.78       15.56       15.68          4497700.00
03/05/2015       15.84       15.84       15.50       15.76          4142100.00
03/04/2015       15.76       15.90       15.68       15.86          4461200.00
03/03/2015       15.80       15.96       15.80       15.88         13351800.00
03/02/2015       15.80       15.80       15.60       15.70         12286800.00
02/27/2015       15.50       15.88       15.28       15.80          9338800.00
02/26/2015       15.54       15.54       15.34       15.40          9966800.00
02/25/2015       15.68       15.72       15.46       15.54         17922301.00
02/24/2015       15.70       15.88       15.60       15.68          4328900.00
02/23/2015       15.60       15.76       15.54       15.60         15098700.00
02/20/2015       15.70       15.70       15.42       15.54          8242900.00
02/18/2015       15.70       15.80       15.68       15.70          6558700.00
02/17/2015       15.80       15.80       15.64       15.70         13664400.00
02/16/2015       15.82       15.94       15.68       15.78          5233300.00
02/13/2015       15.80       15.94       15.80       15.84          6187100.00
02/12/2015       15.96       15.96       15.60       15.80          8435600.00
02/11/2015       16.00       16.00       15.60       15.68         11837500.00
02/10/2015       16.00       16.00       15.90       15.92          8256700.00
02/09/2015       16.00       16.06       15.90       16.00         19663199.00
02/06/2015       15.70       16.02       15.70       16.00         32403500.00
02/05/2015       15.80       15.80       15.60       15.70         16435500.00
02/04/2015       15.34       16.00       15.34       15.80         18713100.00
02/03/2015       15.32       15.48       15.28       15.36          9881100.00
02/02/2015       15.40       15.48       15.34       15.44          5144000.00
01/30/2015       15.40       15.46       15.20       15.40          7467800.00
01/29/2015       15.34       15.44       15.30       15.34         12615700.00
01/28/2015       15.26       15.42       15.14       15.36         19120000.00
01/27/2015       15.14       15.22       15.10       15.18         11342600.00
01/26/2015       15.00       15.26       15.00       15.14         17985301.00
01/23/2015       14.90       15.00       14.84       15.00         17758801.00
01/22/2015       14.90       14.90       14.66       14.70         16345600.00
01/21/2015       15.00       15.00       14.86       14.90         10542600.00
01/20/2015       15.26       15.26       14.86       14.90         12227500.00
01/19/2015       15.38       15.38       15.12       15.26          5754700.00
01/14/2015       15.58       15.58       15.10       15.44         16413199.00
01/13/2015       15.54       15.70       15.50       15.60          6531100.00
01/12/2015       15.58       15.68       15.40       15.56          3606200.00
01/09/2015       15.60       15.90       15.60       15.60          6431000.00
01/08/2015       15.76       15.78       15.40       15.40          4117800.00
01/07/2015       15.92       16.00       15.72       15.84         10065100.00
01/06/2015       15.70       16.00       15.70       15.90         13505300.00
01/05/2015       15.60       15.78       15.50       15.62          3974600.00
