FGEN  1215

12/27/2019       23.85       24.60       23.30       24.15          3151100.00
12/26/2019       23.75       24.40       23.25       24.30           507800.00
12/23/2019       22.90       23.75       22.90       23.75          1055400.00
12/20/2019       23.85       24.35       22.30       22.90          1644200.00
12/19/2019       24.60       24.65       23.50       23.50           865900.00
12/18/2019       24.50       24.50       23.60       23.65          1084100.00
12/17/2019       24.50       24.65       23.60       24.00          1026500.00
12/16/2019       25.45       25.45       24.30       24.70           498900.00
12/13/2019       24.50       25.45       23.65       25.45          2770500.00
12/12/2019       24.30       24.50       24.05       24.50          1809900.00
12/11/2019       24.35       24.60       23.50       23.60           498600.00
12/10/2019       24.50       24.70       23.90       24.00           257100.00
12/09/2019       24.75       24.75       24.10       24.50           649800.00
12/06/2019       23.80       24.75       23.70       24.75          1714500.00
12/05/2019       24.70       24.75       23.60       23.80          1144600.00
12/04/2019       24.80       24.90       24.40       24.70           662500.00
12/03/2019       25.00       25.45       24.80       24.80           717400.00
12/02/2019       24.95       25.05       24.25       25.05          2346000.00
11/29/2019       23.95       25.00       23.50       25.00          2292000.00
11/28/2019       23.90       23.95       23.50       23.95          1466300.00
11/27/2019       23.40       23.95       23.40       23.90           630600.00
11/26/2019       23.50       23.95       23.10       23.40          2248500.00
11/25/2019       23.70       23.75       23.40       23.50           927600.00
11/22/2019       23.90       23.90       22.50       23.80          2545600.00
11/21/2019       22.40       24.00       22.40       24.00          3023900.00
11/20/2019       23.00       23.00       22.60       22.75          2583800.00
11/19/2019       23.30       23.55       22.90       23.05          2700700.00
11/18/2019       23.95       24.00       23.15       23.30          1217300.00
11/15/2019       24.70       24.70       23.95       24.10          2646200.00
11/14/2019       24.35       24.70       24.05       24.70          1040800.00
11/13/2019       24.35       24.50       24.25       24.35           565200.00
11/12/2019       24.65       24.75       24.25       24.35           961800.00
11/11/2019       25.00       25.00       24.60       24.60           322500.00
11/08/2019       25.40       25.40       24.30       24.70          1370000.00
11/07/2019       25.30       25.55       25.30       25.45           287700.00
11/06/2019       25.50       25.95       25.20       25.95           897200.00
11/05/2019       25.35       25.75       25.00       25.75          1728500.00
11/04/2019       24.80       25.35       24.75       25.35           774300.00
10/31/2019       25.25       25.40       24.05       24.80          5379200.00
10/30/2019       25.40       25.90       24.90       24.90          2823200.00
10/29/2019       25.15       25.85       25.10       25.60           833500.00
10/28/2019       25.35       25.35       25.05       25.30           398400.00
10/25/2019       25.20       25.55       25.00       25.40          2865200.00
10/24/2019       24.65       25.25       24.60       25.25           543900.00
10/23/2019       24.80       24.90       24.60       24.70           566300.00
10/22/2019       24.80       25.15       24.70       25.00           907300.00
10/21/2019       25.00       25.00       24.70       24.80           812900.00
10/18/2019       25.00       25.50       24.90       25.00          4976300.00
10/17/2019       25.00       25.40       25.00       25.00           678100.00
10/16/2019       25.30       25.60       24.90       25.00          1747400.00
10/15/2019       25.25       25.25       24.70       24.90          1536300.00
10/14/2019       25.25       25.30       24.85       25.00          1568600.00
10/11/2019       24.95       25.30       24.60       25.25          1171200.00
10/10/2019       24.15       25.05       24.10       25.05          2137000.00
10/09/2019       24.45       24.45       23.90       24.10           544600.00
10/08/2019       24.55       25.30       24.20       24.20          1176300.00
10/07/2019       24.40       24.60       23.85       24.45          1057300.00
10/04/2019       24.00       24.60       24.00       24.40           912100.00
10/03/2019       24.80       24.80       23.65       24.10          1856600.00
10/02/2019       24.70       24.70       24.00       24.70           970500.00
10/01/2019       24.55       24.80       23.80       24.80          1505600.00
09/30/2019       24.70       24.80       24.25       24.60          1805100.00
09/27/2019       24.20       24.80       24.20       24.60          1901200.00
09/26/2019       24.05       24.75       24.00       24.15          1740400.00
09/25/2019       25.00       25.00       23.50       24.20          2568500.00
09/24/2019       24.80       25.45       24.80       25.00          4756200.00
09/23/2019       24.85       25.15       24.50       24.75          1150000.00
09/20/2019       25.80       25.80       24.80       24.80          2870800.00
09/19/2019       26.00       26.05       25.40       25.80          5135900.00
09/18/2019       26.00       26.10       25.90       26.00          1240900.00
09/17/2019       26.00       26.20       25.95       26.00          2558800.00
09/16/2019       26.00       26.25       26.00       26.00          1420000.00
09/13/2019       26.10       26.25       26.00       26.05          4255300.00
09/12/2019       26.50       26.50       26.00       26.10          1399800.00
09/11/2019       26.40       26.50       26.35       26.50          1618400.00
09/10/2019       26.30       26.40       26.10       26.40          3044300.00
09/09/2019       26.40       26.45       26.00       26.30           592400.00
09/06/2019       26.80       26.80       26.35       26.50           353700.00
09/05/2019       26.75       26.90       26.20       26.80          1742700.00
09/04/2019       26.45       27.00       26.00       26.75          2968000.00
09/03/2019       26.65       27.55       26.50       26.50          5269000.00
09/02/2019       26.20       26.95       26.20       26.70          1910200.00
08/30/2019       26.10       26.95       26.10       26.40          2775900.00
08/29/2019       26.15       26.60       26.00       26.00          2273100.00
08/28/2019       25.75       26.30       25.75       26.15           624100.00
08/27/2019       26.50       26.50       26.00       26.00          1908500.00
08/23/2019       26.75       26.75       26.00       26.55           998200.00
08/22/2019       26.40       26.90       26.20       26.80          2000100.00
08/20/2019       26.00       26.50       25.75       26.40          2220300.00
08/19/2019       25.05       26.00       25.05       26.00          1136000.00
08/16/2019       25.75       26.00       24.95       24.95          1148400.00
08/15/2019       25.00       25.90       24.75       25.70          2830000.00
08/14/2019       25.10       26.10       24.75       25.50          3147600.00
08/13/2019       26.00       26.30       25.00       25.45          2449100.00
08/09/2019       26.20       26.50       26.05       26.10           405600.00
08/08/2019       25.75       26.60       25.75       26.20          1817600.00
08/07/2019       25.80       25.85       24.80       25.75          1508000.00
08/06/2019       25.90       25.95       24.85       25.80          4966100.00
08/05/2019       26.10       26.10       25.90       26.00          1805800.00
08/02/2019       26.50       26.50       26.00       26.15           392700.00
08/01/2019       26.50       26.55       26.05       26.50           614700.00
07/31/2019       26.30       26.70       26.00       26.60          5601100.00
07/30/2019       26.25       26.25       26.05       26.20          3122700.00
07/29/2019       26.80       26.85       26.10       26.45          1026600.00
07/26/2019       26.80       26.90       26.00       26.90           841100.00
07/25/2019       26.90       26.95       26.75       26.80          2700900.00
07/24/2019       27.00       27.00       26.70       26.90          1940300.00
07/23/2019       26.90       27.20       26.85       27.00          4728600.00
07/22/2019       26.25       26.85       26.25       26.85           512800.00
07/19/2019       26.50       26.50       26.25       26.35          2754900.00
07/18/2019       26.30       26.50       25.75       26.50          2261300.00
07/17/2019       26.35       26.65       26.20       26.40          3346400.00
07/16/2019       27.20       27.20       26.30       26.30          2094900.00
07/15/2019       26.75       27.20       26.65       27.20          2030000.00
07/12/2019       26.50       26.80       26.10       26.80          7471800.00
07/11/2019       26.95       26.95       26.10       26.65          3716500.00
07/10/2019       27.30       27.30       26.95       27.00          2469300.00
07/09/2019       27.45       27.45       27.00       27.25          2150200.00
07/08/2019       26.95       27.65       26.95       27.50          5425200.00
07/05/2019       27.00       27.05       26.95       26.95          5271000.00
07/04/2019       27.20       27.25       26.95       27.00          1762100.00
07/03/2019       26.95       27.25       26.90       27.20          2122900.00
07/02/2019       27.00       27.10       26.90       26.95          1408100.00
07/01/2019       26.80       27.40       26.60       27.00          9739500.00
06/28/2019       27.05       27.05       26.70       26.80          7497300.00
06/27/2019       26.00       27.40       26.00       27.05         10793600.00
06/26/2019       26.00       26.25       25.65       26.10          4134800.00
06/25/2019       25.00       26.45       24.90       26.45          7230900.00
06/24/2019       25.00       25.00       24.75       25.00          1827500.00
06/21/2019       25.40       25.60       24.90       25.00          3708800.00
06/20/2019       24.45       25.60       24.05       25.45          6202600.00
06/19/2019       24.00       24.50       23.90       24.45          2316200.00
06/18/2019       23.80       24.30       23.80       24.05          1385000.00
06/17/2019       24.50       24.50       24.00       24.30          1352100.00
06/14/2019       24.35       24.50       24.15       24.50          2926400.00
06/13/2019       24.40       24.45       24.00       24.45          2977000.00
06/11/2019       24.10       24.50       24.00       24.45          5005700.00
06/10/2019       24.00       24.15       23.60       24.10          2992200.00
06/07/2019       24.00       24.10       23.40       24.05          2014000.00
06/06/2019       23.50       24.35       23.30       24.00          6233200.00
06/04/2019       23.00       23.80       22.95       23.50          3404300.00
06/03/2019       23.10       23.50       23.00       23.00          2326900.00
05/31/2019       22.90       23.25       22.75       23.10          5551900.00
05/30/2019       21.80       22.95       21.70       22.95          7558300.00
05/29/2019       21.75       21.90       21.30       21.80           557400.00
05/28/2019       21.70       21.80       21.20       21.20          3260800.00
05/27/2019       21.80       21.85       21.40       21.80          1404300.00
05/24/2019       21.35       21.90       20.85       21.55          2128100.00
05/23/2019       21.00       21.50       20.95       21.30          1889000.00
05/22/2019       21.20       21.30       20.85       21.00          1044000.00
05/21/2019       21.45       21.45       20.80       21.20           701500.00
05/20/2019       21.00       21.50       20.80       21.50           607000.00
05/17/2019       21.15       21.15       20.85       21.00          1539300.00
05/16/2019       21.20       21.20       20.95       21.15           553400.00
05/15/2019       21.00       21.30       20.85       21.20          2398700.00
05/14/2019       20.75       21.00       20.20       21.00          2767900.00
05/10/2019       20.80       20.90       20.30       20.75          3283300.00
05/09/2019       20.30       21.00       20.05       20.85          4341900.00
05/08/2019       21.20       21.20       19.72       20.00          3371600.00
05/07/2019       21.35       21.70       21.25       21.25          2698800.00
05/06/2019       21.70       21.85       21.30       21.35          1009500.00
05/03/2019       22.30       22.30       21.70       21.70           532800.00
05/02/2019       22.10       22.30       21.45       22.30          1120800.00
04/30/2019       21.50       22.10       21.50       22.10          1187100.00
04/29/2019       21.70       21.70       21.50       21.50           645100.00
04/26/2019       21.80       22.10       21.70       21.70           611900.00
04/25/2019       22.20       22.20       21.65       21.80           786500.00
04/24/2019       22.50       22.50       22.00       22.15          1535900.00
04/23/2019       22.20       22.50       22.00       22.50          1325200.00
04/22/2019       22.20       22.30       22.00       22.20           479800.00
04/17/2019       22.15       22.50       22.15       22.30           594300.00
04/16/2019       21.85       22.35       21.65       22.10          2674200.00
04/15/2019       21.80       21.85       21.60       21.85           458100.00
04/12/2019       21.85       22.00       21.50       21.80           916500.00
04/11/2019       21.70       22.00       21.50       22.00           665500.00
04/10/2019       22.00       22.00       21.55       21.70           450800.00
04/08/2019       21.45       22.00       21.35       22.00          1070900.00
04/05/2019       21.30       21.50       21.10       21.45          1231700.00
04/04/2019       21.40       21.65       21.20       21.50           316400.00
04/03/2019       21.70       21.70       21.10       21.65           339900.00
04/02/2019       21.40       21.70       20.90       21.70           855400.00
04/01/2019       21.70       21.70       21.00       21.40           301200.00
03/29/2019       21.20       21.80       21.00       21.80           495800.00
03/28/2019       21.00       21.25       21.00       21.10           891500.00
03/27/2019       21.25       21.40       20.50       20.80          1981300.00
03/26/2019       20.90       21.45       20.90       21.30          1064900.00
03/25/2019       21.60       21.60       20.90       20.90          1716500.00
03/22/2019       22.00       22.15       21.50       21.70          4415500.00
03/21/2019       21.50       22.10       21.45       21.80          1033700.00
03/20/2019       21.70       21.70       21.30       21.65           704700.00
03/19/2019       21.00       21.95       21.00       21.70          1900300.00
03/18/2019       20.55       21.30       20.55       21.00          1173200.00
03/15/2019       20.85       21.15       20.00       20.50          5506100.00
03/14/2019       21.50       21.50       20.50       20.85          5601900.00
03/13/2019       21.45       21.75       21.05       21.50          2955300.00
03/12/2019       21.50       21.95       20.40       20.70          6345900.00
03/11/2019       22.20       22.45       21.15       21.50          3930400.00
03/08/2019       22.50       22.60       22.00       22.20          2335000.00
03/07/2019       21.80       22.70       21.80       22.50          4940600.00
03/06/2019       21.90       21.95       21.65       21.80          1756000.00
03/05/2019       22.00       22.20       21.80       21.85          2283400.00
03/04/2019       21.30       22.20       21.00       22.00          5995600.00
03/01/2019       20.95       21.30       20.60       21.30          2915800.00
02/28/2019       21.25       21.30       20.80       21.25          2703700.00
02/27/2019       21.10       21.30       21.00       21.25          1121300.00
02/26/2019       21.00       21.30       20.90       21.10           945800.00
02/22/2019       21.35       21.35       20.95       20.95           288500.00
02/21/2019       20.90       21.35       20.70       21.30          5028900.00
02/20/2019       20.40       20.90       20.25       20.90          1132200.00
02/19/2019       20.40       20.40       20.10       20.25          3039700.00
02/18/2019       20.65       20.70       20.10       20.30          3744200.00
02/15/2019       21.20       21.20       20.30       20.60          1242500.00
02/14/2019       20.70       21.00       20.60       21.00          1765900.00
02/13/2019       21.25       21.40       20.50       20.80          3329800.00
02/12/2019       21.25       21.40       21.05       21.25          2396000.00
02/11/2019       20.75       21.40       20.75       21.20          3969900.00
02/08/2019       20.70       20.95       20.50       20.75          1242400.00
02/07/2019       20.50       20.70       20.45       20.60          1365400.00
02/06/2019       20.50       20.70       20.45       20.50          1500200.00
02/04/2019       20.75       20.85       20.20       20.35           845600.00
02/01/2019       20.40       20.85       20.40       20.65          1855900.00
01/31/2019       20.05       20.45       20.05       20.40          2041500.00
01/30/2019       20.40       20.40       19.82       20.00          3877200.00
01/29/2019       20.40       20.50       20.15       20.40           584600.00
01/28/2019       20.50       20.60       20.10       20.35          1797300.00
01/25/2019       20.55       20.75       20.50       20.50          1800600.00
01/24/2019       20.30       20.70       20.30       20.50          3944700.00
01/23/2019       19.60       20.35       19.50       20.30          2321800.00
01/22/2019       19.90       20.00       19.50       19.50          1059400.00
01/21/2019       20.20       20.20       19.56       19.90          1719600.00
01/18/2019       19.98       20.20       19.98       20.00          1397700.00
01/17/2019       19.98       20.35       19.98       19.98          1817600.00
01/16/2019       20.50       20.65       19.98       19.98          2786900.00
01/15/2019       20.50       20.75       20.10       20.50          2235300.00
01/14/2019       20.60       20.95       20.50       20.50          2431600.00
01/11/2019       20.50       20.85       20.20       20.50          2568000.00
01/10/2019       20.40       20.75       19.96       20.20          2674000.00
01/09/2019       20.30       20.60       20.15       20.40          1352500.00
01/08/2019       20.60       20.70       19.98       20.30          1697500.00
01/07/2019       21.30       21.60       20.45       20.45          2784300.00
01/04/2019       20.35       21.40       20.25       21.35          6218700.00
01/03/2019       19.78       20.35       19.78       20.30          3203300.00
01/02/2019       19.96       20.00       19.62       19.80           621600.00
12/28/2018       19.80       20.20       19.80       19.98          2055300.00
12/27/2018       19.72       19.86       19.68       19.76           944900.00
12/26/2018       19.54       19.98       19.50       19.70           674200.00
12/21/2018       20.00       20.30       19.54       19.54          2137400.00
12/20/2018       20.40       20.40       19.90       20.00          1614400.00
12/19/2018       19.90       20.40       19.60       20.40          1371000.00
12/18/2018       20.40       20.40       19.76       19.94           909700.00
12/17/2018       19.50       20.45       19.50       20.40          4274000.00
12/14/2018       19.90       19.90       19.42       19.50          2312400.00
12/13/2018       19.40       19.92       19.38       19.90          4558900.00
12/12/2018       18.64       19.30       18.64       19.30          4510300.00
12/11/2018       18.64       18.94       18.32       18.60          1262900.00
12/10/2018       19.00       19.22       18.66       18.66          1240200.00
12/07/2018       19.20       19.48       19.20       19.32          4507800.00
12/06/2018       18.50       19.18       18.28       19.18          5873300.00
12/05/2018       17.88       18.64       17.78       18.30          7300200.00
12/04/2018       17.86       18.20       17.84       17.88          2198300.00
12/03/2018       17.72       17.84       17.60       17.84          1571400.00
11/29/2018       17.38       17.80       17.38       17.72          6886700.00
11/28/2018       17.44       17.44       17.28       17.38          2642600.00
11/27/2018       17.36       17.44       17.34       17.40          1179700.00
11/26/2018       17.44       17.44       17.34       17.36          1373900.00
11/23/2018       17.18       17.46       17.18       17.22          2120600.00
11/22/2018       17.12       17.40       17.00       17.14          1525600.00
11/21/2018       17.30       17.30       17.00       17.10          2150000.00
11/20/2018       17.54       17.54       17.26       17.30          1676800.00
11/19/2018       17.38       17.54       17.14       17.54          1760600.00
11/16/2018       16.94       17.68       16.90       17.38          5267300.00
11/15/2018       16.54       16.96       16.50       16.90          1255100.00
11/14/2018       16.40       16.56       16.28       16.56          1451500.00
11/13/2018       16.60       16.62       16.30       16.40          1611700.00
11/12/2018       16.40       16.64       16.40       16.64          2478000.00
11/09/2018       16.60       16.60       16.36       16.40          1046300.00
11/08/2018       16.40       16.60       16.24       16.60          1301700.00
11/07/2018       16.18       16.50       16.18       16.38          1103300.00
11/06/2018       15.80       16.20       15.78       16.20          1233900.00
11/05/2018       15.64       15.98       15.54       15.74           737100.00
10/31/2018       15.80       15.80       15.58       15.62           628000.00
10/30/2018       16.00       16.00       15.78       15.78           223600.00
10/29/2018       16.12       16.12       15.84       15.96           249600.00
10/26/2018       16.00       16.14       16.00       16.12           441100.00
10/25/2018       16.18       16.22       15.98       16.00           235400.00
10/24/2018       16.20       16.26       16.12       16.18          4648000.00
10/23/2018       16.00       16.20       15.80       16.20          1153200.00
10/22/2018       15.98       15.98       15.60       15.98          1151500.00
10/19/2018       15.96       15.96       15.76       15.90          1532200.00
10/18/2018       15.66       15.98       15.62       15.98           411600.00
10/17/2018       15.70       15.70       15.32       15.32          1044200.00
10/16/2018       15.78       15.78       15.22       15.22           804700.00
10/15/2018       15.60       15.76       15.60       15.76           294000.00
10/12/2018       15.36       15.64       15.20       15.60           788800.00
10/11/2018       15.62       15.68       15.20       15.68           606300.00
10/10/2018       16.00       16.10       15.54       15.86           447700.00
10/09/2018       16.30       16.30       15.88       16.00           838000.00
10/08/2018       16.30       16.48       16.28       16.30           359900.00
10/05/2018       16.04       16.36       16.02       16.28           388800.00
10/04/2018       16.50       16.88       16.02       16.02           357100.00
10/03/2018       16.50       16.50       16.20       16.44           211200.00
10/02/2018       16.02       16.50       16.00       16.50          1028100.00
10/01/2018       16.76       16.76       16.00       16.00          2264900.00
09/28/2018       16.74       16.80       16.72       16.76          1080500.00
09/27/2018       16.88       16.88       16.70       16.76          1300800.00
09/26/2018       16.86       16.88       16.76       16.88           570200.00
09/25/2018       17.00       17.00       16.82       16.82           320500.00
09/24/2018       17.00       17.02       16.82       17.00          1030600.00
09/21/2018       16.82       17.00       16.76       17.00          1243200.00
09/20/2018       17.00       17.00       16.62       16.82           513200.00
09/19/2018       17.10       17.10       16.78       16.98          1310000.00
09/18/2018       16.72       17.10       16.72       17.10          1015600.00
09/17/2018       16.68       16.74       16.66       16.72           975200.00
09/14/2018       16.50       16.68       16.50       16.66          2958600.00
09/13/2018       16.34       16.48       16.30       16.42          1182600.00
09/12/2018       16.16       16.40       16.16       16.34           758200.00
09/11/2018       16.18       16.30       16.10       16.16          1228600.00
09/10/2018       16.38       16.42       16.12       16.18          1830300.00
09/07/2018       16.12       16.42       16.12       16.38           751900.00
09/06/2018       16.70       16.70       16.08       16.08          2752800.00
09/05/2018       16.92       16.92       16.56       16.70          2262500.00
09/04/2018       16.82       17.00       16.76       16.90           323900.00
09/03/2018       16.98       16.98       16.64       16.80           965200.00
08/31/2018       17.00       17.14       16.90       17.00          1551200.00
08/30/2018       17.04       17.12       16.94       17.10          3870400.00
08/29/2018       16.06       17.12       16.06       17.04          4775000.00
08/28/2018       15.80       16.30       15.80       16.06          1110900.00
08/24/2018       15.70       15.96       15.64       15.80           474800.00
08/23/2018       15.60       15.70       15.50       15.56           511600.00
08/22/2018       15.52       15.76       15.42       15.50           272700.00
08/20/2018       15.50       15.78       15.44       15.52           495500.00
08/17/2018       15.92       15.92       15.40       15.40           641900.00
08/16/2018       15.82       15.94       15.80       15.80           253800.00
08/15/2018       15.84       15.94       15.80       15.86          1800500.00
08/14/2018       15.92       15.96       15.86       15.90           705400.00
08/13/2018       16.00       16.08       15.80       15.96           912700.00
08/10/2018       16.00       16.20       15.94       16.08          1084000.00
08/09/2018       16.50       16.50       15.80       15.96           844300.00
08/07/2018       15.50       15.56       15.34       15.40           229500.00
08/06/2018       15.56       15.56       15.40       15.54           117900.00
08/03/2018       15.50       15.60       15.32       15.56          1308000.00
08/02/2018       15.66       15.66       15.32       15.50           556800.00
08/01/2018       15.60       15.66       15.54       15.60           502500.00
07/31/2018       15.70       15.72       15.34       15.52           553800.00
07/30/2018       15.40       15.80       15.40       15.70           989300.00
07/27/2018       15.26       15.44       15.26       15.40           140200.00
07/26/2018       15.06       15.50       15.06       15.20           388500.00
07/25/2018       15.70       15.78       14.80       14.80           361800.00
07/24/2018       15.54       15.70       15.54       15.70           532800.00
07/23/2018       15.46       15.56       15.38       15.54           177300.00
07/20/2018       15.30       15.48       15.30       15.46           232700.00
07/19/2018       15.36       15.36       15.24       15.30           103300.00
07/18/2018       15.20       15.36       15.14       15.30           162200.00
07/17/2018       15.22       15.28       15.00       15.20           476900.00
07/16/2018       15.00       15.28       15.00       15.28          1534300.00
07/13/2018       14.86       15.30       14.86       15.30           703900.00
07/12/2018       14.76       14.92       14.72       14.84          1131800.00
07/11/2018       14.68       14.80       14.68       14.78           177900.00
07/10/2018       14.66       14.88       14.54       14.68           260100.00
07/09/2018       14.90       14.90       14.64       14.66           215200.00
07/06/2018       14.56       14.96       14.50       14.86           164200.00
07/05/2018       14.66       14.66       14.52       14.52          3180500.00
07/04/2018       14.82       14.98       14.58       14.66          2579300.00
07/03/2018       14.52       14.86       14.52       14.80           813700.00
07/02/2018       14.46       14.50       14.12       14.50           346400.00
06/29/2018       14.30       14.64       14.30       14.46           307700.00
06/28/2018       14.88       14.88       14.28       14.30           923300.00
06/27/2018       14.48       14.88       14.10       14.88           745000.00
06/26/2018       14.40       14.40       14.20       14.40           342400.00
06/25/2018       14.20       14.38       14.14       14.38           136900.00
06/22/2018       14.50       14.50       14.10       14.14           892100.00
06/21/2018       14.76       14.76       14.20       14.50          1682300.00
06/20/2018       14.60       14.92       14.54       14.76           181400.00
06/19/2018       14.70       14.72       14.46       14.60           284900.00
06/18/2018       15.00       15.00       14.50       14.96           258100.00
06/14/2018       15.36       15.36       14.70       15.00           879500.00
06/13/2018       15.00       15.60       14.60       15.60           253500.00
06/11/2018       14.62       15.00       14.62       15.00            78300.00
06/08/2018       15.02       15.06       14.60       14.62           450800.00
06/07/2018       15.00       15.18       14.92       14.94           544700.00
06/06/2018       14.98       15.00       14.86       14.86           355700.00
06/05/2018       14.98       15.00       14.82       15.00            74800.00
06/04/2018       14.98       14.98       14.72       14.98           157900.00
06/01/2018       14.98       15.00       14.84       14.98           110600.00
05/31/2018       14.40       14.98       14.38       14.98          1025000.00
05/30/2018       14.44       14.64       14.36       14.40           377000.00
05/29/2018       14.98       14.98       14.34       14.42           805900.00
05/28/2018       15.00       15.00       14.60       14.62          1497100.00
05/25/2018       14.90       15.28       14.84       14.90           469400.00
05/24/2018       14.82       15.30       14.80       14.90           295400.00
05/23/2018       15.18       15.18       14.88       14.88           283900.00
05/22/2018       15.00       15.00       14.90       15.00           102800.00
05/21/2018       14.90       15.18       14.76       15.00           164400.00
05/18/2018       15.20       15.20       14.78       14.80           842400.00
05/17/2018       15.02       15.30       15.02       15.20           465500.00
05/16/2018       15.44       15.44       15.00       15.00           892900.00
05/15/2018       15.58       15.64       15.44       15.44           328200.00
05/11/2018       15.66       15.66       15.54       15.58           610300.00
05/10/2018       15.44       15.54       15.36       15.40           377400.00
05/09/2018       15.50       15.66       15.30       15.38          1232000.00
05/08/2018       15.46       15.50       15.20       15.50           400400.00
05/07/2018       15.50       15.50       15.10       15.46           153400.00
05/04/2018       15.30       15.48       15.10       15.48           398600.00
05/03/2018       15.58       15.58       15.10       15.30           322100.00
05/02/2018       15.58       15.80       15.42       15.58           535900.00
04/30/2018       15.66       15.90       15.50       15.58           151300.00
04/27/2018       15.48       15.60       15.30       15.60           189600.00
04/26/2018       15.30       15.50       14.98       15.50           330400.00
04/25/2018       15.66       15.66       14.90       15.30           625100.00
04/24/2018       16.26       16.26       15.50       15.66          1099400.00
04/23/2018       16.28       16.28       16.00       16.18           334400.00
04/20/2018       16.00       16.38       16.00       16.30           421500.00
04/19/2018       16.08       16.60       15.90       16.00          1135100.00
04/18/2018       16.46       16.50       16.06       16.08           967500.00
04/17/2018       16.40       16.50       16.22       16.46          1068500.00
04/16/2018       16.92       16.92       16.32       16.32           856100.00
04/13/2018       16.94       17.00       16.88       16.90           418400.00
04/12/2018       16.90       17.00       16.88       17.00           442700.00
04/11/2018       17.00       17.00       16.84       16.94           734400.00
04/10/2018       17.20       17.20       16.88       17.04           928200.00
04/06/2018       17.10       17.28       16.80       17.12          2168200.00
04/05/2018       17.20       17.20       17.02       17.12          1323100.00
04/04/2018       17.00       17.32       17.00       17.20           841100.00
04/03/2018       16.74       17.00       16.74       16.96          1831900.00
04/02/2018       17.00       17.00       16.40       16.74           364100.00
03/28/2018       16.98       17.16       16.92       17.00          1473000.00
03/27/2018       16.40       16.80       16.30       16.80          1188100.00
03/26/2018       16.84       16.84       16.10       16.40           878700.00
03/23/2018       16.68       16.90       16.62       16.82          2269500.00
03/22/2018       16.30       17.10       16.30       17.08          1306500.00
03/21/2018       16.40       16.40       16.18       16.30           996900.00
03/20/2018       16.50       16.50       16.24       16.40          1260200.00
03/19/2018       16.74       16.78       16.30       16.60           985000.00
03/16/2018       16.94       16.94       16.62       16.80          1565700.00
03/15/2018       17.10       17.10       16.68       16.94          1640900.00
03/14/2018       17.20       17.22       16.70       17.06          1967300.00
03/13/2018       17.60       17.90       17.00       17.24          2512400.00
03/12/2018       16.92       18.20       16.86       17.40         15510900.00
03/09/2018       15.80       16.68       15.66       16.68          4917400.00
03/08/2018       14.52       15.76       14.52       15.50          4989900.00
03/07/2018       14.44       14.48       14.32       14.48          3170900.00
03/06/2018       14.50       14.50       14.32       14.44          3506500.00
03/05/2018       14.52       14.52       14.32       14.50           581000.00
03/02/2018       14.50       14.52       14.40       14.48          4366600.00
03/01/2018       14.60       14.68       14.40       14.56          4037800.00
02/28/2018       14.50       14.70       14.44       14.50          4565700.00
02/27/2018       14.80       15.04       14.50       14.50          1838300.00
02/26/2018       15.28       15.28       14.40       14.80          3006600.00
02/23/2018       15.14       15.32       15.06       15.32           774000.00
02/22/2018       15.40       15.40       15.16       15.20          2420900.00
02/21/2018       15.66       15.68       15.38       15.40          2743800.00
02/20/2018       15.72       15.80       15.60       15.68           628500.00
02/19/2018       15.78       15.80       15.50       15.80          1010100.00
02/15/2018       15.80       15.82       15.60       15.78           973600.00
02/14/2018       15.92       15.92       15.60       15.90           654300.00
02/13/2018       15.70       15.92       15.52       15.92           785200.00
02/12/2018       15.90       15.90       15.72       15.90           466700.00
02/09/2018       15.90       16.00       15.80       15.90           676100.00
02/08/2018       16.00       16.10       15.90       16.10          1315900.00
02/07/2018       15.94       16.00       15.64       16.00           528300.00
02/06/2018       15.62       15.98       15.50       15.98          1041000.00
02/05/2018       15.90       16.00       15.70       16.00          1968600.00
02/02/2018       15.82       16.00       15.76       16.00          1014900.00
02/01/2018       15.94       15.94       15.80       15.82           635700.00
01/31/2018       15.98       15.98       15.80       15.98          1272900.00
01/30/2018       15.88       15.98       15.86       15.98           757700.00
01/29/2018       15.98       15.98       15.86       15.88           804900.00
01/26/2018       15.98       16.10       15.96       16.00           416800.00
01/25/2018       15.90       16.08       15.90       15.98          1425900.00
01/24/2018       16.18       16.20       15.88       15.88          1385600.00
01/23/2018       16.00       16.18       16.00       16.14           656800.00
01/22/2018       15.88       16.00       15.86       16.00           661900.00
01/19/2018       15.90       15.92       15.88       15.90          2909800.00
01/18/2018       15.90       15.94       15.86       15.90          1263700.00
01/17/2018       15.90       16.00       15.86       15.88          1103500.00
01/16/2018       15.84       15.94       15.84       15.90          1628400.00
01/15/2018       15.94       16.00       15.84       15.84          1788800.00
01/12/2018       16.00       16.06       15.90       15.92          2532400.00
01/11/2018       16.00       16.10       15.94       15.98          1536000.00
01/10/2018       15.86       16.00       15.84       15.90          5368800.00
01/09/2018       15.90       15.92       15.82       15.86          5507900.00
01/08/2018       16.20       16.42       15.86       15.90          3155900.00
01/05/2018       16.60       16.60       16.08       16.12          5608400.00
01/04/2018       16.86       16.92       16.60       16.60          3964000.00
01/03/2018       17.00       17.08       16.86       16.92           896100.00
12/29/2017       16.96       17.10       16.94       17.00           671400.00
12/28/2017       16.94       17.20       16.90       16.96           439300.00
12/27/2017       17.00       17.04       16.90       16.94           733900.00
12/22/2017       17.00       17.04       16.98       17.00          1707700.00
12/21/2017       17.00       17.18       16.98       17.00           914800.00
12/20/2017       16.96       17.02       16.90       16.94           992500.00
12/19/2017       17.20       17.32       16.96       16.96          1375600.00
12/18/2017       17.32       17.32       17.02       17.02          1235000.00
12/15/2017       17.04       17.54       17.04       17.52          2363800.00
12/14/2017       17.20       17.22       17.00       17.02          1112300.00
12/13/2017       17.04       17.20       17.02       17.20           753600.00
12/12/2017       17.08       17.10       17.00       17.04           702800.00
12/11/2017       17.30       17.30       17.00       17.10           520200.00
12/08/2017       17.12       17.30       17.00       17.30           598100.00
12/07/2017       17.10       17.12       17.06       17.08           472300.00
12/06/2017       17.10       17.18       17.02       17.14           528500.00
12/05/2017       17.80       17.80       17.10       17.22           339400.00
12/04/2017       17.00       17.82       16.96       17.82           418000.00
12/01/2017       17.40       17.40       16.90       17.00          1386400.00
11/29/2017       17.24       17.50       17.24       17.50           568200.00
11/28/2017       17.32       17.36       17.24       17.30           258900.00
11/27/2017       17.10       17.30       17.04       17.30          3893500.00
11/24/2017       17.16       17.18       17.02       17.10          3069100.00
11/23/2017       17.50       17.50       17.10       17.16           414700.00
11/22/2017       17.02       17.50       17.02       17.10           829800.00
11/21/2017       17.50       17.66       17.00       17.00          1732500.00
11/20/2017       17.40       17.68       17.40       17.42           538300.00
11/17/2017       17.20       17.50       17.20       17.40           983600.00
11/16/2017       17.30       17.44       17.16       17.20           725100.00
11/15/2017       17.40       17.40       17.28       17.30           757700.00
11/14/2017       17.68       17.74       17.30       17.40           663000.00
11/13/2017       17.80       18.46       17.74       17.80           396600.00
11/10/2017       18.42       18.42       17.80       17.82           624800.00
11/09/2017       18.70       18.70       18.46       18.50          2021500.00
11/08/2017       18.48       18.72       18.46       18.70          1315800.00
11/07/2017       18.36       18.46       18.34       18.44           579800.00
11/06/2017       18.00       18.30       18.00       18.30          1228800.00
11/03/2017       17.70       18.24       17.70       17.96          1632400.00
11/02/2017       17.70       17.88       17.64       17.64           977700.00
10/30/2017       17.70       17.88       17.52       17.58          1243000.00
10/27/2017       17.62       17.70       17.52       17.70           295300.00
10/26/2017       17.70       17.78       17.58       17.62           406400.00
10/25/2017       17.60       17.68       17.44       17.68           828700.00
10/24/2017       17.30       17.68       17.26       17.60          1352300.00
10/23/2017       17.14       17.40       17.14       17.22          2833700.00
10/20/2017       17.98       18.00       16.88       16.88          4786700.00
10/19/2017       18.10       18.10       17.92       17.98          1123100.00
10/18/2017       18.16       18.16       18.00       18.10          1894000.00
10/17/2017       18.56       18.56       18.20       18.20           968900.00
10/13/2017       18.54       18.80       18.54       18.54           903500.00
10/12/2017       18.62       18.62       18.46       18.54           359000.00
10/11/2017       18.96       18.98       18.50       18.64          2780000.00
10/10/2017       19.02       19.30       18.96       19.00          1866000.00
10/09/2017       19.02       19.30       18.96       19.00          2934500.00
10/06/2017       19.48       19.54       19.00       19.02          3423700.00
10/05/2017       19.56       19.60       19.42       19.48          2503300.00
10/04/2017       19.16       19.72       19.16       19.60          3373700.00
10/03/2017       19.00       19.24       18.80       19.16          4684900.00
10/02/2017       18.92       19.00       18.80       18.98           820900.00
09/29/2017       18.70       19.12       18.60       18.92          3812900.00
09/28/2017       18.30       18.56       18.22       18.40          3584700.00
09/27/2017       18.26       18.36       18.06       18.30          2578400.00
09/26/2017       18.38       18.38       18.18       18.34          1329600.00
09/25/2017       18.80       18.80       18.30       18.50          1351100.00
09/22/2017       19.08       19.08       18.74       18.80          1860800.00
09/21/2017       18.98       19.00       18.60       19.00          1208600.00
09/20/2017       18.96       19.18       18.92       18.94          2440100.00
09/19/2017       19.00       19.04       18.94       18.96          2064100.00
09/18/2017       19.00       19.06       18.76       19.00          2035500.00
09/15/2017       18.60       19.00       18.52       19.00          3358700.00
09/14/2017       18.16       18.60       18.16       18.50          4488900.00
09/13/2017       17.82       18.16       17.82       18.12          2646400.00
09/11/2017       17.82       17.86       17.78       17.80          1435100.00
09/08/2017       17.58       17.84       17.58       17.74          1582300.00
09/07/2017       17.06       17.62       17.06       17.56          3558900.00
09/06/2017       17.00       17.10       17.00       17.06           828100.00
09/05/2017       16.88       16.94       16.86       16.92          3534500.00
09/04/2017       16.82       16.90       16.82       16.88          3187200.00
08/31/2017       16.90       16.90       16.80       16.82          1597000.00
08/30/2017       16.86       17.00       16.86       16.90           759700.00
08/29/2017       16.84       17.00       16.82       16.86          1411200.00
08/25/2017       16.86       17.08       16.84       16.84          2084000.00
08/24/2017       17.20       17.26       16.82       16.84          3660000.00
08/23/2017       17.10       17.30       17.06       17.20           604200.00
08/22/2017       17.10       17.20       17.04       17.20           355400.00
08/18/2017       17.14       17.30       17.00       17.10          3151700.00
08/17/2017       17.30       17.44       17.10       17.10          1075300.00
08/16/2017       17.10       17.38       17.10       17.30          1380100.00
08/15/2017       17.06       17.26       17.04       17.10          1462500.00
08/14/2017       17.50       17.50       17.00       17.02          2298600.00
08/11/2017       17.40       17.52       17.30       17.46           437800.00
08/10/2017       17.80       17.82       17.16       17.40          1768000.00
08/09/2017       18.12       18.12       17.82       17.82           541000.00
08/08/2017       18.46       18.46       17.98       18.10          2046600.00
08/07/2017       18.48       18.66       18.42       18.44          1262500.00
08/04/2017       19.70       19.80       18.10       18.36         11994800.00
08/03/2017       17.10       17.44       17.10       17.30           137300.00
08/02/2017       17.50       17.70       17.10       17.10          2429000.00
08/01/2017       17.30       17.54       17.30       17.54           796000.00
07/31/2017       17.62       17.62       17.30       17.30          1791800.00
07/28/2017       17.90       17.90       17.50       17.62          1818100.00
07/27/2017       17.90       18.08       17.86       17.90          1505700.00
07/26/2017       17.94       18.30       17.90       17.90          1772300.00
07/25/2017       18.34       18.40       17.88       17.94          2475300.00
07/24/2017       18.50       18.68       18.32       18.34          1082600.00
07/21/2017       18.74       18.74       18.40       18.50          2423500.00
07/20/2017       19.00       19.00       18.72       18.74           743900.00
07/19/2017       19.12       19.16       19.00       19.04          1239200.00
07/18/2017       19.12       19.20       19.00       19.00           737300.00
07/17/2017       18.84       19.16       18.80       19.08          2154600.00
07/14/2017       18.78       18.82       18.74       18.80           636400.00
07/13/2017       18.70       18.80       18.70       18.78          1904000.00
07/12/2017       18.62       18.72       18.62       18.70          1291600.00
07/11/2017       18.60       18.68       18.56       18.62           978600.00
07/10/2017       18.70       18.70       18.56       18.60          1724400.00
07/07/2017       18.78       18.78       18.68       18.70          1380600.00
07/06/2017       18.74       18.82       18.68       18.82           892100.00
07/05/2017       18.56       18.70       18.56       18.68          1115100.00
07/04/2017       18.76       18.76       18.56       18.56           960100.00
07/03/2017       18.90       18.90       18.74       18.76           457200.00
06/30/2017       18.78       18.90       18.74       18.90          3007100.00
06/29/2017       18.80       18.88       18.74       18.78           444200.00
06/28/2017       18.82       18.98       18.76       18.76           644500.00
06/27/2017       19.00       19.00       18.82       18.82           628700.00
06/23/2017       19.00       19.02       18.60       19.00           811700.00
06/22/2017       18.98       19.06       18.96       19.00           912900.00
06/21/2017       19.00       19.06       18.96       18.98          1245100.00
06/20/2017       18.98       19.06       18.96       19.00          1512700.00
06/19/2017       19.00       19.08       18.96       18.98          1287900.00
06/16/2017       19.00       19.06       18.82       19.00          1864900.00
06/15/2017       18.74       18.90       18.74       18.74          5824800.00
06/14/2017       18.66       18.88       18.66       18.74          1254300.00
06/13/2017       19.02       19.26       18.66       18.70          9840000.00
06/09/2017       19.60       19.72       19.00       19.00          2081900.00
06/08/2017       19.30       19.82       19.28       19.60          2309300.00
06/07/2017       18.88       19.30       18.88       19.30          2225800.00
06/06/2017       19.10       19.30       18.88       18.88          1839200.00
06/05/2017       18.98       19.28       18.96       19.10          3908200.00
06/02/2017       18.98       19.04       18.84       18.96          4174200.00
06/01/2017       19.02       19.22       18.82       18.96          1803300.00
05/31/2017       18.98       18.98       18.54       18.98          3548300.00
05/30/2017       19.46       19.48       18.92       18.98          3380800.00
05/29/2017       19.60       19.66       19.46       19.48          1984000.00
05/26/2017       19.70       19.70       19.46       19.60          1191100.00
05/25/2017       19.74       19.82       19.70       19.70          2076400.00
05/24/2017       19.52       19.74       19.40       19.74          2637300.00
05/23/2017       19.56       19.68       19.50       19.52          3001300.00
05/22/2017       19.76       19.80       19.48       19.56          3151600.00
05/19/2017       19.98       19.98       19.56       19.68          2969900.00
05/18/2017       20.05       20.10       19.88       19.94          2413900.00
05/17/2017       20.05       20.15       20.00       20.10           756200.00
05/16/2017       20.30       20.30       19.96       20.00          3484300.00
05/15/2017       20.60       20.60       19.96       20.00          4322600.00
05/12/2017       20.85       20.85       20.25       20.75          5966400.00
05/11/2017       20.15       20.95       20.15       20.95          5299100.00
05/10/2017       20.00       20.20       19.96       20.15          6093900.00
05/09/2017       21.50       21.60       19.70       19.96         10276100.00
05/08/2017       21.25       21.70       21.25       21.50          1285900.00
05/05/2017       21.25       21.40       21.20       21.20          1904900.00
05/04/2017       21.20       21.40       21.15       21.25          1499100.00
05/03/2017       21.30       21.50       21.15       21.20          2608400.00
05/02/2017       21.50       21.65       21.20       21.30          1199800.00
04/27/2017       21.50       21.85       21.50       21.50           728800.00
04/26/2017       21.70       22.00       21.50       21.50          2202300.00
04/25/2017       22.00       22.10       21.70       21.70          3067500.00
04/24/2017       22.05       22.20       21.90       22.00           887000.00
04/21/2017       21.70       22.00       21.70       22.00          2007100.00
04/20/2017       21.80       21.90       21.60       21.70          1196500.00
04/19/2017       21.70       21.90       21.40       21.80           784300.00
04/18/2017       21.15       21.75       21.15       21.60          1612500.00
04/17/2017       21.35       21.35       20.95       21.05          1263300.00
04/12/2017       21.55       21.75       20.90       20.95          4061800.00
04/11/2017       21.50       21.80       21.15       21.45          2221900.00
04/10/2017       21.65       22.10       21.65       22.00          1339300.00
04/07/2017       21.85       22.25       21.55       21.55          1940300.00
04/06/2017       22.00       22.20       21.85       21.90          1692200.00
04/05/2017       21.90       22.30       21.90       22.00          1926500.00
04/04/2017       21.50       21.90       21.50       21.65           592300.00
04/03/2017       21.20       22.00       21.20       21.50          3682200.00
03/31/2017       22.20       22.20       20.95       20.95          4087400.00
03/30/2017       22.00       22.50       21.85       22.00          2957900.00
03/29/2017       21.95       22.25       21.90       22.00          1639600.00
03/28/2017       22.25       22.30       21.85       21.95          1772900.00
03/27/2017       22.40       22.40       22.00       22.20          1533200.00
03/24/2017       22.40       22.45       22.25       22.35          3208900.00
03/23/2017       22.90       22.90       22.40       22.40           563500.00
03/22/2017       22.80       23.05       22.50       22.90          3108200.00
03/21/2017       22.70       22.80       22.50       22.80          3484600.00
03/20/2017       22.45       22.80       22.45       22.70          1085800.00
03/17/2017       22.30       22.50       22.30       22.45          1683100.00
03/16/2017       22.10       22.60       22.00       22.30           469900.00
03/15/2017       22.50       22.50       22.10       22.30           610100.00
03/14/2017       22.55       22.55       22.25       22.50           571800.00
03/13/2017       22.30       22.60       22.10       22.50           833200.00
03/10/2017       22.50       22.70       22.15       22.30           943100.00
03/09/2017       22.00       22.70       21.75       22.50          3925300.00
03/08/2017       21.65       22.10       21.65       22.00          2876100.00
03/07/2017       21.40       22.00       21.40       21.65          2195200.00
03/06/2017       21.30       21.45       21.20       21.35           761600.00
03/03/2017       21.35       21.35       21.10       21.30           495200.00
03/02/2017       21.20       21.50       21.20       21.35           276300.00
03/01/2017       21.10       21.25       21.00       21.20           626200.00
02/28/2017       21.10       21.20       20.85       21.10          4339800.00
02/27/2017       21.60       21.60       21.05       21.10          1615200.00
02/24/2017       21.50       21.60       21.35       21.55           581100.00
02/23/2017       21.75       22.00       21.20       21.20          2810800.00
02/22/2017       22.05       22.10       21.60       21.60           762700.00
02/21/2017       21.95       22.25       21.95       22.00          1473200.00
02/20/2017       22.30       22.30       21.95       21.95           976000.00
02/17/2017       22.20       22.40       22.15       22.20           435000.00
02/16/2017       22.40       22.50       22.15       22.20           333000.00
02/15/2017       22.30       22.55       22.15       22.30           464200.00
02/14/2017       22.45       22.50       22.15       22.40           340300.00
02/13/2017       21.90       22.40       21.90       22.40           233600.00
02/10/2017       22.05       22.05       21.95       22.00           632300.00
02/09/2017       22.10       22.15       22.00       22.05           655600.00
02/08/2017       22.25       22.50       22.05       22.10           827600.00
02/07/2017       22.45       22.50       22.20       22.25          1093500.00
02/06/2017       22.45       22.75       22.40       22.45          2665900.00
02/03/2017       22.20       22.60       22.20       22.45          1374600.00
02/02/2017       22.75       22.80       22.15       22.40           784600.00
02/01/2017       22.40       22.80       22.40       22.75           529900.00
01/31/2017       22.80       22.90       22.30       22.40          1185300.00
01/30/2017       22.80       23.20       22.65       22.80          2054400.00
01/27/2017       22.50       22.85       22.50       22.80           505600.00
01/26/2017       22.55       22.85       22.50       22.75          1343400.00
01/25/2017       22.90       23.00       22.25       22.30          1348800.00
01/24/2017       22.20       23.00       22.20       22.90          3309900.00
01/23/2017       22.00       22.50       21.95       22.10          1412900.00
01/20/2017       22.30       22.30       21.80       22.00          3647800.00
01/19/2017       22.60       22.60       22.10       22.35          2888200.00
01/18/2017       22.40       22.70       22.15       22.60           594800.00
01/17/2017       22.80       22.80       22.10       22.60          1390300.00
01/16/2017       22.20       22.80       22.00       22.80          2868200.00
01/13/2017       21.95       22.20       21.75       22.20          1636100.00
01/12/2017       22.00       22.30       21.75       22.00          2976800.00
01/11/2017       21.55       22.30       21.55       22.00          4947600.00
01/10/2017       21.55       21.80       21.25       21.60          4889700.00
01/09/2017       21.80       21.80       21.45       21.60          1982400.00
01/06/2017       21.85       21.95       21.65       21.85          1502300.00
01/05/2017       21.70       22.15       21.55       21.90          4153900.00
01/04/2017       21.30       21.90       21.20       21.70          1230100.00
01/03/2017       21.75       21.75       21.15       21.35           670600.00
12/29/2016       21.50       22.00       21.35       22.00          3756300.00
12/28/2016       21.35       21.75       21.20       21.75          2018100.00
12/27/2016       21.80       21.80       20.90       21.80          5284100.00
12/23/2016       22.45       22.50       22.05       22.20           780500.00
12/22/2016       22.75       22.80       22.15       22.45           405600.00
12/21/2016       22.75       22.80       22.05       22.80           718500.00
12/20/2016       22.45       22.75       22.00       22.75           416100.00
12/19/2016       22.45       22.60       22.00       22.40           496900.00
12/16/2016       22.20       22.45       22.05       22.15           752300.00
12/15/2016       22.15       22.20       21.95       22.05          1553400.00
12/14/2016       22.30       22.30       22.05       22.15           794000.00
12/13/2016       22.20       22.30       21.90       22.30          1690100.00
12/12/2016       22.20       22.80       22.00       22.20          1202300.00
12/09/2016       22.70       22.70       22.05       22.20          4245100.00
12/08/2016       22.00       22.85       22.00       22.00          3675100.00
12/07/2016       22.10       22.35       21.90       21.90           289800.00
12/06/2016       22.20       22.40       21.90       22.10           396100.00
12/05/2016       22.20       22.20       21.80       22.20           113800.00
12/02/2016       22.45       22.45       21.70       22.20           405900.00
12/01/2016       21.85       22.20       21.80       22.20          1650900.00
11/29/2016       21.50       21.85       21.20       21.80           566600.00
11/28/2016       21.70       21.95       21.30       21.50          1519400.00
11/25/2016       22.00       22.10       21.55       21.70          1733200.00
11/24/2016       21.80       22.50       21.80       21.95           450400.00
11/23/2016       22.30       22.45       21.65       21.80          2951700.00
11/22/2016       23.00       23.00       22.20       22.30          1487800.00
11/21/2016       22.90       23.10       22.80       23.00           536800.00
11/18/2016       23.00       23.20       22.75       22.80           421900.00
11/17/2016       22.70       23.00       22.70       22.90          1376300.00
11/16/2016       22.10       22.75       22.10       22.65           546500.00
11/15/2016       22.20       23.25       21.75       21.75          1644300.00
11/14/2016       22.90       22.95       22.05       22.15          1642500.00
11/11/2016       24.10       24.10       22.85       22.90          2097300.00
11/10/2016       23.20       24.15       23.20       24.00          1184500.00
11/09/2016       23.40       23.95       22.50       23.20          1693700.00
11/08/2016       23.45       23.45       22.90       23.40           707100.00
11/07/2016       22.80       23.35       22.55       22.75          1223400.00
11/04/2016       22.65       23.00       22.65       22.80          2050000.00
11/03/2016       22.70       22.95       22.55       22.65           985700.00
11/02/2016       22.95       22.95       22.60       22.70           994300.00
10/28/2016       22.75       22.95       22.55       22.95          1865000.00
10/27/2016       22.85       23.45       22.65       22.75          1611700.00
10/26/2016       23.45       23.75       22.65       22.85          7549300.00
10/25/2016       23.45       23.50       23.30       23.45           566600.00
10/24/2016       23.30       23.80       23.25       23.35           472000.00
10/21/2016       23.75       23.75       23.25       23.25          2822300.00
10/20/2016       23.85       23.90       23.45       23.60           432500.00
10/19/2016       23.60       24.00       23.20       23.20          1193900.00
10/18/2016       23.45       23.50       22.95       23.50          1435000.00
10/17/2016       23.50       23.95       23.45       23.45           561700.00
10/14/2016       23.00       23.50       23.00       23.50          1161800.00
10/13/2016       22.85       23.45       22.70       23.00          2620100.00
10/12/2016       23.90       23.90       22.80       22.95          3141200.00
10/11/2016       24.05       24.25       23.95       24.00          1696800.00
10/10/2016       24.45       24.50       24.05       24.05          1228500.00
10/07/2016       24.50       24.75       24.00       24.45          3663800.00
10/06/2016       24.60       24.75       24.10       24.15          2085900.00
10/05/2016       24.70       24.85       24.40       24.85          1092300.00
10/04/2016       25.00       25.00       24.55       24.65          2884500.00
10/03/2016       25.35       25.35       24.80       24.90          2981200.00
09/30/2016       25.20       25.20       24.90       25.05          2004800.00
09/29/2016       25.20       25.25       25.00       25.20          2844500.00
09/28/2016       25.10       25.25       25.00       25.10          2458600.00
09/27/2016       25.10       25.20       24.80       25.10          3684400.00
09/26/2016       25.40       25.50       25.00       25.10          3688200.00
09/23/2016       25.35       26.15       25.20       25.40          3929600.00
09/22/2016       25.15       25.75       25.10       25.35          2841300.00
09/21/2016       24.80       25.00       24.80       24.95          3467800.00
09/20/2016       24.90       25.30       24.80       24.80          1580200.00
09/19/2016       25.00       25.05       24.75       24.90           327000.00
09/16/2016       25.00       25.20       24.90       25.10          1251700.00
09/15/2016       24.55       25.20       24.55       25.00          1738000.00
09/14/2016       24.70       24.70       24.50       24.55          1013300.00
09/13/2016       24.80       25.00       24.70       24.70          2584600.00
09/09/2016       25.20       25.20       24.80       24.80          2596800.00
09/08/2016       24.80       25.25       24.65       25.20          1957000.00
09/07/2016       24.85       25.40       24.70       25.30         12239600.00
09/06/2016       25.00       25.25       24.80       24.85          2609800.00
09/05/2016       25.30       25.35       24.90       24.90          3058100.00
09/02/2016       25.80       26.20       25.30       25.40          3764800.00
09/01/2016       25.45       26.00       25.10       25.80          4434500.00
08/31/2016       25.40       25.50       25.25       25.45          1772600.00
08/30/2016       25.30       25.85       24.80       25.65          4110800.00
08/26/2016       25.65       25.65       24.60       25.35          4527300.00
08/25/2016       24.00       25.75       24.00       25.65          5051600.00
08/24/2016       24.80       24.85       24.00       24.00          1583500.00
08/23/2016       25.10       25.15       24.80       24.80          1379300.00
08/22/2016       25.20       25.40       25.00       25.15           544600.00
08/19/2016       25.50       25.60       25.10       25.20           840500.00
08/18/2016       24.95       25.60       24.95       25.60          2979900.00
08/17/2016       25.20       25.75       24.90       24.90          5292900.00
08/16/2016       25.00       25.20       24.80       25.10          1281500.00
08/15/2016       24.85       25.05       24.80       25.00           993000.00
08/12/2016       25.00       25.10       24.75       24.85          1440000.00
08/11/2016       25.10       25.10       24.50       25.00          4225000.00
08/10/2016       25.10       25.35       24.90       24.90          1218200.00
08/09/2016       25.00       25.30       25.00       25.10          1533400.00
08/08/2016       25.00       25.20       24.90       24.95          1103600.00
08/05/2016       24.75       24.95       24.55       24.70          1471500.00
08/04/2016       24.30       24.95       24.30       24.75          2333100.00
08/03/2016       25.35       25.35       24.30       24.30          4367800.00
08/02/2016       25.75       25.80       24.95       25.40          2525600.00
08/01/2016       25.80       25.80       25.60       25.75          1212500.00
07/29/2016       26.00       26.05       25.40       25.90          1438500.00
07/28/2016       25.90       26.00       25.15       26.00          2366500.00
07/27/2016       26.00       26.00       25.80       25.90          1348600.00
07/26/2016       25.60       26.00       25.55       25.90          5692200.00
07/25/2016       26.15       26.60       25.50       25.50          4151800.00
07/22/2016       26.00       26.60       25.80       26.05          4102100.00
07/21/2016       25.25       26.25       25.25       26.00          6858900.00
07/20/2016       25.40       25.40       25.15       25.25          3151400.00
07/19/2016       24.75       25.50       24.75       25.20          3815700.00
07/18/2016       24.85       25.10       24.50       24.75          3887300.00
07/15/2016       24.90       25.05       24.50       24.50          2819200.00
07/14/2016       25.10       25.20       24.80       24.85          1306600.00
07/13/2016       24.90       25.45       24.85       24.90          6425100.00
07/12/2016       24.35       25.00       24.35       24.70          8991800.00
07/11/2016       24.55       25.00       24.10       24.30          3430500.00
07/08/2016       24.35       24.70       24.05       24.05          1645700.00
07/07/2016       25.00       25.00       24.30       24.35          3438600.00
07/05/2016       24.85       25.15       24.75       25.00          2751500.00
07/04/2016       24.80       25.50       24.70       24.85          4153100.00
07/01/2016       25.10       25.25       24.80       24.80          2713000.00
06/30/2016       25.20       25.50       24.00       24.90          5242900.00
06/29/2016       25.00       25.10       24.90       25.00          6710500.00
06/28/2016       25.30       25.30       24.50       24.65          2988200.00
06/27/2016       24.30       25.50       23.30       25.30          4046200.00
06/24/2016       24.90       25.45       24.00       24.40         11761800.00
06/23/2016       24.95       26.00       24.90       24.90         12584400.00
06/22/2016       23.55       24.90       23.45       24.90         17832301.00
06/21/2016       22.75       23.05       22.70       22.90          3206300.00
06/20/2016       22.20       22.55       22.20       22.50           563700.00
06/17/2016       22.40       22.85       22.10       22.15          2353900.00
06/16/2016       22.10       22.40       22.10       22.15           620600.00
06/15/2016       22.00       22.50       21.95       22.00          1642100.00
06/14/2016       22.60       22.60       21.90       22.00          1180600.00
06/13/2016       22.55       22.65       22.20       22.40          2184100.00
06/10/2016       22.50       23.00       22.50       22.55          3070500.00
06/09/2016       22.90       23.00       22.50       22.50          3862700.00
06/08/2016       23.10       23.25       22.90       22.90          3198600.00
06/07/2016       23.00       23.50       22.90       23.00          4919000.00
06/06/2016       23.00       23.00       22.75       22.80          2371800.00
06/03/2016       22.90       23.00       22.55       22.70          3028600.00
06/02/2016       23.05       23.10       22.75       22.75          3623900.00
06/01/2016       22.50       23.05       22.50       23.00          1836700.00
05/31/2016       23.00       23.50       22.30       22.30          4115000.00
05/30/2016       22.50       23.10       22.50       23.00          5329900.00
05/27/2016       21.55       23.20       21.55       22.45         10364000.00
05/26/2016       21.40       21.70       21.40       21.50          1205800.00
05/25/2016       21.75       21.90       21.20       21.20          2796000.00
05/24/2016       21.70       21.80       21.50       21.70          1354700.00
05/23/2016       21.65       21.70       21.25       21.70           536200.00
05/20/2016       21.50       21.60       20.90       21.60          1205500.00
05/19/2016       22.25       22.30       21.30       21.40          3308100.00
05/18/2016       22.10       22.30       21.85       22.25          1391600.00
05/17/2016       22.10       22.30       21.95       22.05          5832700.00
05/16/2016       21.40       22.35       21.40       21.90          6579400.00
05/13/2016       21.00       21.50       21.00       21.35          3922600.00
05/12/2016       21.15       21.20       20.95       21.00          2575300.00
05/11/2016       20.65       21.20       20.65       21.15          2198500.00
05/10/2016       19.64       20.60       19.64       20.50          2271200.00
05/06/2016       19.64       19.68       19.50       19.64          3014000.00
05/05/2016       19.58       20.00       19.58       19.60          1826200.00
05/04/2016       19.80       19.86       19.54       19.58          1722800.00
05/03/2016       19.58       20.00       19.58       19.58          1334400.00
05/02/2016       20.30       20.30       19.48       19.52          3444800.00
04/29/2016       20.60       20.60       20.25       20.25          2694200.00
04/28/2016       20.75       21.00       20.60       20.60          1649300.00
04/27/2016       20.90       21.10       20.55       20.65          3045800.00
04/26/2016       20.80       21.00       20.75       20.90          1220100.00
04/25/2016       20.95       21.05       20.65       20.75          2313500.00
04/22/2016       21.15       21.15       20.80       20.90          1328400.00
04/21/2016       21.00       21.25       21.00       21.15          1937800.00
04/20/2016       21.90       21.90       20.90       21.00          5091400.00
04/19/2016       21.90       22.00       21.70       21.85          1441900.00
04/18/2016       21.50       22.00       21.50       21.90          2124200.00
04/15/2016       22.50       22.55       21.60       21.60          4044800.00
04/14/2016       22.60       22.70       22.45       22.50          1888000.00
04/13/2016       22.35       22.70       22.25       22.25          3218000.00
04/12/2016       22.60       22.65       22.15       22.30           868400.00
04/11/2016       22.00       22.75       21.90       22.50          4678200.00
04/08/2016       21.70       21.85       21.50       21.85          2657800.00
04/07/2016       21.60       22.00       21.60       21.70          2476600.00
04/06/2016       21.80       22.00       21.25       21.60          3048700.00
04/05/2016       22.40       22.40       21.25       21.75          3827200.00
04/04/2016       22.50       22.75       22.35       22.35           819800.00
04/01/2016       22.15       22.80       22.00       22.50          4262900.00
03/31/2016       22.40       22.80       21.80       22.15          2377000.00
03/30/2016       21.85       22.60       21.80       22.30          5904700.00
03/29/2016       21.55       22.20       21.50       21.80          4308500.00
03/28/2016       21.15       21.60       20.95       21.40          4213000.00
03/23/2016       20.85       21.50       20.70       20.90          3959300.00
03/22/2016       20.90       21.25       20.40       20.75          5684100.00
03/21/2016       21.25       21.45       20.75       20.75          3595000.00
03/18/2016       21.40       21.55       20.85       20.85          5354300.00
03/17/2016       21.25       21.65       20.85       20.85          1654600.00
03/16/2016       21.45       21.45       20.80       20.90          4474000.00
03/15/2016       21.65       21.70       20.95       21.50          2627400.00
03/14/2016       22.00       22.20       21.20       21.20          2403600.00
03/11/2016       21.25       22.05       21.25       21.90          6629500.00
03/10/2016       20.00       21.40       20.00       21.25          9128700.00
03/09/2016       19.68       20.15       19.68       19.90          4314400.00
03/08/2016       20.50       20.50       19.40       19.68          5083800.00
03/07/2016       20.40       20.55       19.90       20.00          3121000.00
03/04/2016       20.45       20.50       19.94       19.96          1709600.00
03/03/2016       20.35       20.80       20.00       20.00          3632700.00
03/02/2016       20.40       20.60       20.15       20.35          4203700.00
03/01/2016       19.80       20.40       19.58       20.40          1641300.00
02/29/2016       20.25       20.80       19.50       19.80          1648200.00
02/26/2016       20.15       20.50       20.00       20.20           684900.00
02/24/2016       20.50       20.75       20.15       20.25          2000900.00
02/23/2016       21.15       21.50       20.20       20.50          3871400.00
02/22/2016       21.10       21.75       20.50       21.00          6467500.00
02/19/2016       20.25       21.20       19.52       21.10         13658500.00
02/18/2016       18.80       20.30       18.80       20.30         15899200.00
02/17/2016       18.78       19.00       18.70       18.70          6909700.00
02/16/2016       18.10       18.86       18.10       18.70          9566500.00
02/15/2016       17.70       18.10       17.70       18.00          7025700.00
02/12/2016       18.00       18.08       17.66       17.68          4355700.00
02/11/2016       18.24       18.30       17.96       18.04          2860800.00
02/10/2016       18.40       18.40       18.20       18.24          1020700.00
02/09/2016       18.90       18.90       18.40       18.40          1506600.00
02/05/2016       19.00       19.00       18.68       18.90          4301200.00
02/04/2016       18.36       19.20       18.36       18.92         16395600.00
02/03/2016       18.36       18.40       18.10       18.30         12091200.00
02/02/2016       18.60       18.64       18.30       18.36          1191800.00
02/01/2016       18.68       18.90       18.28       18.40          4140700.00
01/29/2016       18.54       18.54       17.98       18.40          4217000.00
01/28/2016       18.60       18.74       18.28       18.28          4390700.00
01/27/2016       18.30       18.60       18.28       18.60          2795500.00
01/26/2016       18.08       18.70       17.76       18.12          3564700.00
01/25/2016       18.12       18.88       18.10       18.10          7258300.00
01/22/2016       18.24       18.24       17.60       17.90          8411300.00
01/21/2016       18.28       18.60       18.00       18.24          1985900.00
01/20/2016       18.50       18.62       18.18       18.26          2161300.00
01/19/2016       19.06       19.20       18.12       18.50          6780300.00
01/18/2016       19.02       19.28       19.00       19.06          2496300.00
01/15/2016       20.15       20.80       19.36       19.38          5200600.00
01/14/2016       20.45       20.70       20.00       20.00          1081000.00
01/13/2016       20.20       20.70       20.20       20.45          1562100.00
01/12/2016       20.40       20.80       20.10       20.15          3266700.00
01/11/2016       21.10       21.20       20.10       20.40          4005200.00
01/08/2016       21.40       21.75       21.00       21.10          2619000.00
01/07/2016       22.30       22.30       21.50       21.50          1372400.00
01/06/2016       22.15       22.65       22.15       22.30           686400.00
01/05/2016       22.25       22.40       21.95       22.15          1030500.00
01/04/2016       22.60       22.60       21.90       22.15          1786800.00
12/29/2015       22.70       22.70       22.50       22.60           986500.00
12/28/2015       22.40       22.75       22.40       22.70           611700.00
12/23/2015       22.70       22.80       22.15       22.40          1731300.00
12/22/2015       22.80       22.95       22.25       22.25          1614000.00
12/21/2015       22.25       22.95       22.25       22.80           535600.00
12/18/2015       22.45       22.70       22.10       22.20          1828100.00
12/17/2015       22.70       23.25       22.50       22.50          1840100.00
12/16/2015       22.45       22.65       22.00       22.45          3904700.00
12/15/2015       22.10       22.65       22.05       22.45           881200.00
12/14/2015       21.80       22.00       21.30       22.00          2052900.00
12/11/2015       23.20       23.40       22.00       22.00          4366600.00
12/10/2015       24.00       24.25       23.00       23.10           529200.00
12/09/2015       23.70       24.50       23.65       23.85          1017000.00
12/08/2015       24.40       24.40       23.45       23.65           799700.00
12/07/2015       24.50       24.55       24.25       24.40          1506300.00
12/04/2015       24.50       24.50       24.00       24.30          1667200.00
12/03/2015       24.70       24.80       23.75       24.50          2060900.00
12/02/2015       23.80       24.70       23.75       24.70          2960000.00
12/01/2015       22.55       23.80       22.55       23.70          2780000.00
11/27/2015       22.75       23.00       22.50       22.50          2557800.00
11/26/2015       22.95       23.00       22.50       22.55          1615300.00
11/25/2015       23.00       23.00       22.60       22.75          1983200.00
11/24/2015       23.30       23.50       22.80       22.90           809500.00
11/23/2015       22.55       23.40       22.55       23.20          2183000.00
11/20/2015       21.90       22.45       21.90       22.20          1528700.00
11/17/2015       22.50       22.95       21.80       21.80          3045900.00
11/16/2015       23.00       23.00       22.10       22.10          1274600.00
11/13/2015       23.30       23.40       22.75       23.00          1181600.00
11/12/2015       23.50       23.70       22.90       23.00          3253300.00
11/11/2015       23.95       24.15       23.00       23.00          1632000.00
11/10/2015       23.75       24.30       23.70       23.70           753900.00
11/09/2015       24.25       24.85       23.60       23.75           872500.00
11/06/2015       25.00       25.30       24.20       24.20          2959900.00
11/05/2015       25.50       25.50       24.95       25.00          2248500.00
11/04/2015       25.95       25.95       25.20       25.20          2161000.00
11/03/2015       26.00       26.05       25.50       25.90          1248400.00
11/02/2015       25.45       25.95       25.00       25.95          1316200.00
10/30/2015       25.50       25.50       25.00       25.30          2121200.00
10/29/2015       26.10       26.45       25.35       25.50          1952800.00
10/28/2015       26.50       26.50       25.60       26.00          1468100.00
10/27/2015       26.50       26.65       26.20       26.50           575200.00
10/26/2015       26.75       27.00       26.60       26.60          2126700.00
10/23/2015       26.25       26.70       26.25       26.70          1725400.00
10/22/2015       26.10       26.50       25.50       26.20          1686900.00
10/21/2015       26.25       26.75       25.90       26.00          1752000.00
10/20/2015       25.30       26.30       25.30       26.25          4084000.00
10/19/2015       24.55       25.20       24.40       25.20          4108500.00
10/16/2015       23.50       24.75       23.40       24.55          7743000.00
10/15/2015       23.70       23.70       23.20       23.30           544000.00
10/14/2015       24.00       24.10       23.05       23.10          2998400.00
10/13/2015       24.65       24.70       23.75       24.00           807500.00
10/12/2015       24.00       24.75       23.70       24.65          3543300.00
10/09/2015       23.65       24.15       23.40       23.40          2408200.00
10/08/2015       23.80       24.00       23.30       23.40          1911000.00
10/07/2015       23.95       23.95       23.45       23.75          4468800.00
10/06/2015       23.00       23.90       23.00       23.35          3055200.00
10/05/2015       22.05       22.90       22.00       22.70          3407200.00
10/02/2015       22.60       22.60       21.90       21.90          3398900.00
10/01/2015       22.50       22.70       22.25       22.25          2755000.00
09/30/2015       22.75       22.75       22.05       22.15          2559300.00
09/29/2015       22.05       23.30       21.95       22.95          2046300.00
09/28/2015       22.75       22.75       22.05       22.05          1297500.00
09/24/2015       23.25       23.25       22.50       22.60          1485200.00
09/23/2015       23.00       23.00       22.60       22.60          1374600.00
09/22/2015       23.70       23.95       22.90       22.95          2204800.00
09/21/2015       24.10       24.10       23.30       23.50           964100.00
09/18/2015       24.00       24.75       23.95       24.00          5509600.00
09/17/2015       23.65       24.25       23.60       23.90          3240100.00
09/16/2015       23.75       24.00       23.40       23.50          2753600.00
09/15/2015       22.20       23.70       22.10       23.70          4899900.00
09/14/2015       22.00       22.40       21.55       22.00          3746100.00
09/11/2015       22.45       22.95       21.90       21.90          1612200.00
09/10/2015       23.50       23.50       22.40       22.45          1512400.00
09/09/2015       23.05       23.80       23.05       23.40          2310800.00
09/08/2015       23.00       23.00       22.80       22.90          1950100.00
09/07/2015       23.40       23.50       22.85       23.00          2439100.00
09/04/2015       23.95       23.95       23.35       23.40          1558900.00
09/03/2015       23.70       24.00       23.00       24.00           784900.00
09/02/2015       23.70       23.80       23.15       23.80           784600.00
09/01/2015       23.60       23.95       23.60       23.80          4171800.00
08/28/2015       23.70       23.80       23.15       23.35          2266000.00
08/27/2015       23.40       23.80       23.10       23.35          2948500.00
08/26/2015       22.00       23.50       22.00       22.90          5296400.00
08/25/2015       21.50       22.00       21.30       21.60          2046700.00
08/24/2015       23.25       23.25       21.30       22.00          5101500.00
08/20/2015       24.45       24.50       23.75       23.75          2748600.00
08/19/2015       24.55       24.75       24.35       24.40          1688700.00
08/18/2015       24.75       25.15       24.50       24.55          1229100.00
08/17/2015       25.60       25.60       24.75       24.75          2027200.00
08/14/2015       26.00       26.00       25.60       25.60          1698900.00
08/13/2015       26.00       26.00       25.30       25.40          1766600.00
08/12/2015       26.00       26.00       25.75       25.75          2991500.00
08/11/2015       26.10       26.25       26.00       26.00          1770900.00
08/10/2015       26.10       26.50       25.80       25.80          1687300.00
08/07/2015       26.45       26.70       25.85       25.90          3127400.00
08/06/2015       26.85       26.85       26.10       26.10          1978200.00
08/05/2015       26.95       27.00       26.55       26.75          6258700.00
08/04/2015       26.50       27.00       26.50       26.95          1198400.00
08/03/2015       26.05       26.55       26.05       26.50          1853600.00
07/31/2015       26.30       26.30       25.85       25.85           846500.00
07/30/2015       26.45       26.70       26.00       26.10          2131000.00
07/29/2015       26.50       27.00       26.15       26.45          5051800.00
07/28/2015       27.10       27.10       26.30       26.45          5029600.00
07/27/2015       27.40       27.40       27.00       27.10          1374500.00
07/24/2015       27.50       27.80       27.20       27.30          1663300.00
07/23/2015       27.70       28.15       27.45       27.50          7594700.00
07/22/2015       26.00       27.50       26.00       27.50          5909300.00
07/21/2015       25.75       26.10       25.75       26.00          1717800.00
07/20/2015       25.60       25.95       25.50       25.75          2792500.00
07/16/2015       25.40       25.60       25.35       25.45          4580700.00
07/15/2015       25.20       25.45       25.20       25.25          6224900.00
07/14/2015       25.10       25.30       25.05       25.15           875100.00
07/13/2015       24.90       25.00       24.70       24.85          6466700.00
07/10/2015       24.95       25.70       24.80       24.85          3587600.00
07/09/2015       24.90       24.90       24.50       24.75          4926800.00
07/08/2015       25.60       25.90       24.95       24.95          4261300.00
07/07/2015       26.10       26.25       25.55       25.55          2239200.00
07/06/2015       26.50       26.50       25.80       26.00          1065200.00
07/03/2015       26.70       26.80       26.15       26.15           769000.00
07/02/2015       26.50       27.10       26.00       26.60          5113700.00
07/01/2015       26.20       26.50       25.60       26.50          2677400.00
06/30/2015       24.60       27.00       24.30       27.00          5836400.00
06/29/2015       25.00       25.00       24.65       24.65          3286000.00
06/26/2015       25.50       25.60       25.00       25.00          1598900.00
06/25/2015       25.60       25.60       25.30       25.50          2086900.00
06/24/2015       25.65       25.70       25.50       25.60          3548100.00
06/23/2015       25.50       25.65       25.40       25.40          3267000.00
06/22/2015       25.95       25.95       25.25       25.35          3266600.00
06/19/2015       25.50       25.60       25.30       25.35          2816200.00
06/18/2015       25.70       25.70       25.00       25.35          3850300.00
06/17/2015       25.65       25.65       25.10       25.50          1506000.00
06/16/2015       25.65       25.80       25.15       25.15          3470300.00
06/15/2015       25.00       25.45       25.00       25.30          3282700.00
06/11/2015       25.40       25.85       25.00       25.00          1947200.00
06/10/2015       25.15       25.55       24.85       25.35          1621500.00
06/09/2015       26.10       26.30       24.75       25.00          3897400.00
06/08/2015       26.65       26.65       26.05       26.10          1457100.00
06/05/2015       26.50       26.75       26.00       26.70          3204100.00
06/04/2015       26.50       26.70       26.25       26.60          2071000.00
06/03/2015       26.40       26.40       25.80       26.00          4160200.00
06/02/2015       26.80       26.80       26.25       26.40          1909200.00
06/01/2015       26.95       26.95       25.90       26.75          4276800.00
05/29/2015       26.00       26.95       26.00       26.95          5988500.00
05/28/2015       26.00       26.15       25.45       26.00          6387900.00
05/27/2015       26.80       26.95       25.55       25.55          8010300.00
05/26/2015       26.75       27.00       26.30       26.70          4519900.00
05/25/2015       27.05       27.50       26.65       26.65          2284900.00
05/22/2015       27.00       27.30       26.85       27.00          6541300.00
05/21/2015       27.25       27.25       26.75       26.85          2738700.00
05/20/2015       27.50       27.50       27.10       27.25          4512500.00
05/19/2015       27.80       27.80       27.05       27.05          3366600.00
05/18/2015       27.95       28.00       27.30       27.80          3174100.00
05/15/2015       27.75       27.95       27.70       27.80          1862500.00
05/14/2015       27.25       27.80       27.15       27.30          9844500.00
05/13/2015       27.25       27.30       27.00       27.15          3342200.00
05/12/2015       27.10       27.35       26.65       27.25          2029000.00
05/11/2015       27.65       28.00       26.90       27.10          4387500.00
05/08/2015       28.55       28.55       27.55       27.55          7370300.00
05/07/2015       28.30       28.50       27.90       28.50          3505700.00
05/06/2015       28.75       28.75       28.25       28.55          2719700.00
05/05/2015       28.30       28.85       28.15       28.75          3196600.00
05/04/2015       28.10       28.35       27.80       28.00          4207200.00
04/30/2015       28.30       28.30       27.85       28.10          4729500.00
04/29/2015       28.15       28.35       27.90       28.30          1632000.00
04/28/2015       28.50       28.50       27.80       28.15          2693200.00
04/27/2015       28.55       28.65       28.10       28.40          3691600.00
04/24/2015       27.65       28.65       27.65       28.55          6322900.00
04/23/2015       27.70       28.05       27.45       27.45          6227800.00
04/22/2015       28.20       28.20       27.30       27.50          6335000.00
04/21/2015       28.55       28.90       27.75       27.80          4909100.00
04/20/2015       28.95       28.95       27.95       28.50          2089400.00
04/17/2015       28.40       29.00       28.40       28.95          2655200.00
04/16/2015       28.30       28.40       27.35       28.30         10873500.00
04/15/2015       29.30       29.30       27.90       28.30          6606400.00
04/14/2015       29.30       29.40       29.00       29.30          2796500.00
04/13/2015       29.55       29.80       29.25       29.40          6665800.00
04/10/2015       30.05       30.30       29.40       29.55          5005100.00
04/08/2015       30.50       30.50       29.80       30.00          1993300.00
04/07/2015       30.95       30.95       30.20       30.50          2128500.00
04/06/2015       30.90       31.30       30.05       30.95          5286800.00
04/01/2015       30.50       30.95       30.30       30.95          5353100.00
03/31/2015       30.40       30.75       30.35       30.50          5427300.00
03/30/2015       30.00       30.45       29.85       30.40          2767700.00
03/27/2015       29.75       30.20       29.45       30.20          3669400.00
03/26/2015       28.95       29.65       28.85       29.50          1609700.00
03/25/2015       29.05       29.20       28.75       28.95          3059300.00
03/24/2015       29.50       29.50       29.05       29.05          1870100.00
03/23/2015       29.20       29.70       29.20       29.50          1395900.00
03/20/2015       29.80       29.90       29.00       29.10          2853300.00
03/19/2015       29.50       29.80       29.20       29.30          3016500.00
03/18/2015       29.70       29.75       29.40       29.40          2382100.00
03/17/2015       29.60       29.75       29.50       29.55          2279000.00
03/16/2015       29.65       29.75       29.20       29.45          3305300.00
03/13/2015       29.65       30.20       29.50       29.60          3240100.00
03/12/2015       29.90       30.05       28.95       29.50          6444700.00
03/11/2015       30.30       30.30       29.35       29.85         11881700.00
03/10/2015       30.50       30.90       30.40       30.55          1664700.00
03/09/2015       30.90       30.95       29.90       30.50          3913700.00
03/06/2015       30.35       30.95       30.35       30.80          4190700.00
03/05/2015       30.10       30.60       30.00       30.30          2080900.00
03/04/2015       30.45       30.50       30.00       30.20          1668100.00
03/03/2015       29.70       30.85       29.70       30.15          9620400.00
03/02/2015       29.25       29.85       29.20       29.50          5162600.00
02/27/2015       29.20       29.45       28.90       29.15          1180800.00
02/26/2015       29.00       29.45       28.95       29.20          4426100.00
02/25/2015       29.25       29.25       28.95       29.00          3685200.00
02/24/2015       29.00       29.35       28.95       29.00          4442500.00
02/23/2015       29.20       29.45       28.80       29.00          4304400.00
02/20/2015       29.25       29.25       28.55       29.00          5833900.00
02/18/2015       28.95       29.45       28.80       29.00          3803400.00
02/17/2015       29.00       29.25       28.75       28.85          7249900.00
02/16/2015       29.30       29.50       28.60       28.65          6012500.00
02/13/2015       28.45       29.50       28.45       29.15         13616800.00
02/12/2015       28.30       28.90       27.90       28.15          7544500.00
02/11/2015       28.90       29.25       27.85       28.15          6000800.00
02/10/2015       28.95       29.75       28.45       28.70         10568500.00
02/09/2015       29.30       29.30       28.50       28.70          7309400.00
02/06/2015       30.05       30.45       28.80       29.00          8792100.00
02/05/2015       30.60       30.80       29.55       29.65          9770200.00
02/04/2015       30.95       31.25       30.30       30.45          4930500.00
02/03/2015       30.40       31.35       30.05       30.05          4398700.00
02/02/2015       31.10       31.10       29.80       30.35          4097100.00
01/30/2015       30.90       31.60       30.90       31.10          3481500.00
01/29/2015       31.50       31.80       30.70       30.85          8132700.00
01/28/2015       29.75       31.50       29.75       31.20         14673100.00
01/27/2015       29.50       29.90       28.90       29.50         18038100.00
01/26/2015       29.40       30.00       28.60       28.60         13512400.00
01/23/2015       27.70       29.50       27.70       29.25         17386400.00
01/22/2015       26.50       27.50       26.15       27.40         16265100.00
01/21/2015       25.90       26.70       25.70       26.15         10511300.00
01/20/2015       26.25       26.45       25.80       26.00          3549900.00
01/19/2015       26.20       26.40       25.50       26.25          1706700.00
01/14/2015       26.10       26.50       26.10       26.20         12319800.00
01/13/2015       26.20       26.30       26.00       26.05          2446500.00
01/12/2015       26.35       26.50       26.30       26.35          1099300.00
01/09/2015       26.60       26.65       26.30       26.35          1591800.00
01/08/2015       26.65       26.70       26.20       26.50           961600.00
01/07/2015       26.65       26.80       26.20       26.50          1872500.00
01/06/2015       26.00       26.80       25.90       26.20          3952200.00
01/05/2015       25.65       26.15       25.40       26.00          1164800.00
