GLO  1216

12/27/2019     1965.91     1997.40     1965.91     1987.56            35662.77
12/26/2019     1983.62     1983.62     1954.10     1964.93            12470.28
12/23/2019     1979.69     1997.40     1963.94     1979.69            32141.21
12/20/2019     2007.24     2011.17     1967.88     1983.62           175666.33
12/19/2019     1967.88     2005.27     1943.28     1967.88            30408.38
12/18/2019     1948.20     2009.20     1913.76     2009.20            81427.79
12/17/2019     1903.92     1948.20     1903.92     1948.20            31302.74
12/16/2019     1946.23     1946.23     1903.92     1903.92            22013.55
12/13/2019     1946.23     1948.20     1908.84     1946.23            39489.22
12/12/2019     1908.84     1933.44     1902.94     1902.94            61289.35
12/11/2019     1904.91     1948.20     1901.95     1948.20            27704.96
12/10/2019     1899.99     1914.75     1899.00     1899.00            12383.89
12/09/2019     1912.78     1912.78     1902.94     1905.89             7251.46
12/06/2019     1902.94     1918.68     1902.94     1912.78             9553.43
12/05/2019     1903.92     1938.36     1903.92     1903.92            23588.85
12/04/2019     1948.20     1948.20     1902.94     1902.94            30403.30
12/03/2019     1947.22     1948.20     1899.99     1948.20            39011.55
12/02/2019     1912.78     1948.20     1901.95     1948.20            61035.27
11/29/2019     1869.48     1908.84     1869.48     1908.84            40165.08
11/28/2019     1866.53     1899.00     1866.53     1899.00            24015.71
11/27/2019     1899.00     1915.73     1863.58     1863.58            38335.70
11/26/2019     1913.76     1918.68     1869.48     1918.68           102582.55
11/25/2019     1903.92     1913.76     1874.40     1913.76            29117.65
11/22/2019     1905.89     1918.68     1879.32     1910.81            45307.67
11/21/2019     1876.37     1916.71     1870.47     1905.89            99538.66
11/20/2019     1869.48     1886.21     1854.73     1869.48            33889.29
11/19/2019     1879.32     1922.62     1879.32     1898.02            52686.18
11/18/2019     1886.21     1888.18     1850.79     1879.32            20829.54
11/15/2019     1903.92     1903.92     1873.42     1886.21            32908.53
11/14/2019     1843.90     1898.02     1843.90     1897.04            34880.20
11/13/2019     1877.36     1878.34     1835.05     1839.97            53854.95
11/12/2019     1887.20     1887.20     1850.79     1879.32            20387.44
11/11/2019     1874.40     1898.02     1839.97     1839.97            25860.34
11/08/2019     1856.69     1884.24     1838.00     1869.48            38691.41
11/07/2019     1830.13     1839.97     1814.38     1839.97            16850.63
11/06/2019     1849.81     1855.71     1794.70     1794.70            30875.89
11/05/2019     1833.08     1848.82     1825.21     1838.00            67626.12
11/04/2019     1810.45     1830.13     1804.55     1816.35            51517.41
10/31/2019     1814.38     1820.29     1790.77     1794.70            28690.79
10/30/2019     1813.40     1820.29     1805.53     1805.53            39377.43
10/29/2019     1835.05     1835.05     1813.40     1820.29            81549.75
10/28/2019     1870.47     1870.47     1835.05     1835.05            33996.00
10/25/2019     1871.45     1884.24     1860.63     1884.24            35703.42
10/24/2019     1887.20     1889.16     1870.47     1889.16            39971.98
10/23/2019     1849.81     1889.16     1849.81     1889.16            49733.76
10/22/2019     1859.64     1869.48     1842.92     1865.55            24213.89
10/21/2019     1848.82     1859.64     1837.02     1859.64            15016.17
10/18/2019     1840.95     1847.84     1839.97     1844.89            86910.85
10/17/2019     1810.45     1844.89     1810.45     1839.97            40683.40
10/16/2019     1807.50     1839.97     1806.51     1810.45            78749.78
10/15/2019     1815.37     1815.37     1796.67     1808.48            45612.57
10/14/2019     1790.77     1825.21     1790.77     1814.38            23959.81
10/11/2019     1790.77     1793.72     1782.90     1788.80            17379.12
10/10/2019     1776.99     1786.83     1776.99     1783.88            29331.08
10/09/2019     1769.12     1788.80     1760.27     1780.93            36963.66
10/08/2019     1771.09     1789.79     1762.23     1765.19            30210.20
10/07/2019     1755.35     1770.11     1755.35     1769.12            15168.62
10/04/2019     1741.57     1754.36     1736.65     1754.36            32395.29
10/03/2019     1771.09     1771.09     1727.80     1741.57            19833.54
10/02/2019     1796.67     1796.67     1756.33     1764.20            60364.50
10/01/2019     1800.61     1804.55     1796.67     1798.64            23212.81
09/30/2019     1805.53     1829.14     1797.66     1800.61            31770.25
09/27/2019     1838.00     1838.98     1803.56     1805.53            64246.85
09/26/2019     1815.37     1838.98     1797.66     1827.17            64983.68
09/25/2019     1830.13     1847.84     1802.58     1823.24            39397.76
09/24/2019     1861.61     1861.61     1796.67     1796.67            58906.07
09/23/2019     1879.32     1879.32     1853.74     1853.74            15747.92
09/20/2019     1869.48     1893.10     1861.61     1879.32            63174.63
09/19/2019     1913.76     1913.76     1859.64     1859.64            93527.11
09/18/2019     1937.38     1937.38     1903.92     1903.92            19299.97
09/17/2019     1899.99     1938.36     1899.99     1938.36            36150.60
09/16/2019     1923.60     1929.51     1899.00     1917.70            24417.16
09/13/2019     1906.87     1937.38     1906.87     1936.39            26246.54
09/12/2019     1903.92     1934.42     1903.92     1903.92            15031.42
09/11/2019     1938.36     1958.04     1903.92     1908.84            51629.20
09/10/2019     1928.52     1953.12     1928.52     1938.36            31023.26
09/09/2019     1915.73     1948.20     1905.89     1948.20            29529.26
09/06/2019     1918.68     1922.62     1879.32     1915.73            33660.61
09/05/2019     1894.08     1907.86     1869.48     1869.48            73027.88
09/04/2019     1965.91     1965.91     1891.13     1891.13            47467.36
09/03/2019     1975.75     1975.75     1940.33     1956.07            13882.97
09/02/2019     1919.67     1977.72     1919.67     1977.72            22953.65
08/30/2019     1870.47     1997.40     1870.47     1997.40            98842.48
08/29/2019     1869.48     1893.10     1859.64     1893.10            36917.93
08/28/2019     1878.34     1878.34     1849.81     1869.48            34697.26
08/27/2019     1868.50     1888.18     1849.81     1849.81           116241.93
08/23/2019     1859.64     1869.48     1859.64     1868.50            48300.74
08/22/2019     1869.48     1907.86     1863.58     1869.48            99045.74
08/20/2019     1899.00     1899.00     1852.76     1869.48            60908.23
08/19/2019     1887.20     1916.71     1849.81     1869.48            60044.35
08/16/2019     1928.52     1956.07     1884.24     1884.24            49296.74
08/15/2019     1928.52     1948.20     1879.32     1928.52            47436.87
08/14/2019     1923.60     1967.88     1879.32     1927.54            44835.08
08/13/2019     1944.26     1944.26     1860.63     1933.44            88973.99
08/09/2019     1941.31     1989.53     1918.68     1918.68            27623.66
08/08/2019     1948.20     1997.40     1939.34     1939.34            93862.50
08/07/2019     1948.20     1961.97     1911.79     1928.52            39291.04
08/06/2019     1948.20     1958.04     1903.92     1922.62            55603.02
08/05/2019     2066.27     2066.27     1952.14     1952.14            64739.77
08/02/2019     2064.30     2082.02     2024.95     2066.27            26734.37
08/01/2019     2117.44     2117.44     2026.91     2064.30            49804.90
07/31/2019     2156.80     2180.41     2113.50     2113.50            91901.00
07/30/2019     2164.67     2207.96     2154.83     2154.83            36928.09
07/29/2019     2174.51     2223.70     2154.83     2223.70            26520.95
07/26/2019     2198.12     2200.09     2168.60     2184.34            37954.58
07/25/2019     2164.67     2200.09     2141.05     2200.09            69902.69
07/24/2019     2144.99     2164.67     2139.08     2154.83            32766.25
07/23/2019     2144.99     2178.44     2144.99     2144.99            17638.28
07/22/2019     2176.47     2202.06     2168.60     2180.41            19167.85
07/19/2019     2202.06     2223.70     2184.34     2207.96            95900.23
07/18/2019     2176.47     2196.15     2146.96     2194.18            51405.61
07/17/2019     2107.60     2172.54     2107.60     2144.99            19381.28
07/16/2019     2204.02     2209.93     2105.63     2105.63            55450.58
07/15/2019     2148.92     2205.99     2148.92     2196.15            77906.23
07/12/2019     2164.67     2204.02     2078.08     2164.67            38701.57
07/11/2019     2137.12     2184.34     2117.44     2164.67            84990.00
07/10/2019     2097.76     2139.08     2097.76     2139.08            65349.56
07/09/2019     2129.24     2129.24     2078.08     2097.76            63408.38
07/08/2019     2225.67     2225.67     2143.02     2160.73            35108.87
07/05/2019     2223.70     2223.70     2200.09     2221.74            33508.16
07/04/2019     2200.09     2239.45     2198.12     2221.74            57615.34
07/03/2019     2180.41     2202.06     2178.44     2200.09            57803.36
07/02/2019     2217.80     2233.54     2178.44     2184.34            42014.79
07/01/2019     2225.67     2231.57     2188.28     2194.18            45434.71
06/28/2019     2223.70     2233.54     2196.15     2225.67           137813.38
06/27/2019     2204.02     2243.38     2204.02     2243.38            65410.54
06/26/2019     2174.51     2231.57     2166.63     2223.70            56914.08
06/25/2019     2172.54     2192.22     2156.80     2164.67            39707.73
06/24/2019     2182.38     2194.18     2146.96     2172.54            37924.09
06/21/2019     2192.22     2194.18     2168.60     2194.18            48961.35
06/20/2019     2223.70     2223.70     2172.54     2178.44            40612.26
06/19/2019     2184.34     2223.70     2166.63     2223.70            62524.18
06/18/2019     2109.57     2164.67     2109.57     2164.67            34229.75
06/17/2019     2166.63     2202.06     2087.92     2127.28            33553.90
06/14/2019     2194.18     2204.02     2154.83     2184.34            54713.74
06/13/2019     2202.06     2237.48     2137.12     2184.34            92963.05
06/11/2019     2194.18     2207.96     2164.67     2164.67            47792.58
06/10/2019     2198.12     2207.96     2190.25     2190.25            11184.63
06/07/2019     2194.18     2235.51     2194.18     2204.02            30728.52
06/06/2019     2257.16     2270.93     2213.86     2237.48            51425.94
06/04/2019     2231.57     2261.09     2166.63     2257.16            99701.27
06/03/2019     2135.15     2223.70     2131.21     2223.70            73718.98
05/31/2019     2184.34     2202.06     2135.15     2135.15            83719.60
05/30/2019     2156.80     2194.18     2093.82     2174.51            82733.76
05/29/2019     2105.63     2150.89     2099.73     2141.05            62132.90
05/28/2019     2030.85     2133.18     2030.85     2078.08           202593.80
05/27/2019     2028.88     2076.11     2028.88     2046.59            31800.74
05/24/2019     2017.08     2068.24     2017.08     2054.47            74593.02
05/23/2019     2066.27     2115.47     2056.43     2066.27            95732.53
05/22/2019     2036.75     2117.44     2036.75     2115.47            89817.53
05/21/2019     1985.59     2080.05     1967.88     2080.05           136542.98
05/20/2019     1955.09     1989.53     1942.30     1985.59            40068.53
05/17/2019     1899.00     1967.88     1899.00     1966.89            77540.35
05/16/2019     1913.76     1952.14     1899.00     1918.68            40536.04
05/15/2019     1962.96     1985.59     1949.18     1953.12            62559.75
05/14/2019     1967.88     1979.69     1943.28     1965.91           107049.29
05/10/2019     1967.88     1979.69     1943.28     1962.96            91840.02
05/09/2019     1956.07     1977.72     1940.33     1966.89           102841.71
05/08/2019     1966.89     1967.88     1929.51     1966.89           132528.50
05/07/2019     1838.00     1965.91     1838.00     1958.04           177566.85
05/06/2019     1809.46     1835.05     1808.48     1835.05            61848.33
05/03/2019     1775.03     1798.64     1767.15     1771.09            71356.03
05/02/2019     1761.25     1780.93     1761.25     1770.11            41679.40
04/30/2019     1773.06     1799.62     1751.41     1751.41            35652.61
04/29/2019     1742.56     1810.45     1742.56     1771.09            41125.50
04/26/2019     1751.41     1751.41     1733.70     1737.64            37090.70
04/25/2019     1761.25     1807.50     1726.81     1751.41            54149.68
04/24/2019     1801.59     1843.90     1761.25     1761.25            72621.35
04/23/2019     1830.13     1834.06     1800.61     1800.61            52264.40
04/22/2019     1835.05     1859.64     1829.14     1847.84             9558.52
04/17/2019     1836.03     1874.40     1835.05     1835.05            15788.58
04/16/2019     1853.74     1879.32     1836.03     1836.03            22816.45
04/15/2019     1860.63     1884.24     1848.82     1853.74            22008.47
04/12/2019     1863.58     1889.16     1859.64     1859.64            19452.42
04/11/2019     1879.32     1889.16     1863.58     1863.58            19970.74
04/10/2019     1892.12     1892.12     1869.48     1879.32            40287.04
04/08/2019     1877.36     1904.91     1869.48     1892.12            23385.59
04/05/2019     1911.79     1911.79     1877.36     1877.36            15819.07
04/04/2019     1903.92     1923.60     1881.29     1889.16            33106.72
04/03/2019     1891.13     1923.60     1864.57     1923.60            27704.96
04/02/2019     1887.20     1898.02     1870.47     1891.13            15326.15
04/01/2019     1906.87     1918.68     1879.32     1887.20            15153.37
03/29/2019     1918.68     1947.22     1899.00     1906.87            35063.14
03/28/2019     1908.84     1945.25     1879.32     1918.68            13344.32
03/27/2019     1913.76     1958.04     1907.86     1913.76            12551.59
03/26/2019     1963.94     1965.91     1909.83     1915.73            25814.60
03/25/2019     1958.04     1966.89     1899.00     1966.89            22664.00
03/22/2019     1940.33     1963.94     1919.67     1963.94            24361.26
03/21/2019     1904.91     1948.20     1904.91     1940.33            19096.71
03/20/2019     1940.33     1947.22     1905.89     1905.89            14563.91
03/19/2019     1908.84     1955.09     1908.84     1955.09            33315.06
03/18/2019     1875.39     1930.49     1875.39     1928.52            30921.62
03/15/2019     1898.02     1915.73     1865.55     1885.23           182409.63
03/14/2019     1869.48     1899.00     1830.13     1899.00            26902.07
03/13/2019     1874.40     1874.40     1821.27     1821.27            44840.16
03/12/2019     1859.64     1879.32     1835.05     1847.84            35703.42
03/11/2019     1892.12     1894.08     1869.48     1869.48            27735.45
03/08/2019     1882.28     1904.91     1882.28     1892.12            11474.29
03/07/2019     1877.36     1886.21     1847.84     1881.29            24066.53
03/06/2019     1868.50     1868.50     1844.89     1848.82            26866.49
03/05/2019     1838.00     1868.50     1838.00     1848.82            23914.08
03/04/2019     1859.64     1859.64     1833.08     1839.97            54683.25
03/01/2019     1869.48     1878.34     1849.81     1872.44            32979.68
02/28/2019     1865.55     1869.48     1832.10     1869.48            59561.60
02/27/2019     1869.48     1880.31     1854.73     1865.55            37609.03
02/26/2019     1888.18     1888.18     1832.10     1869.48            41664.16
02/22/2019     1858.66     1876.37     1858.66     1870.47            19665.85
02/21/2019     1868.50     1868.50     1840.95     1859.64            62788.43
02/20/2019     1830.13     1874.40     1825.21     1836.03            69308.14
02/19/2019     1849.81     1869.48     1821.27     1821.27            58738.38
02/18/2019     1869.48     1906.87     1849.81     1849.81            82240.85
02/15/2019     1899.00     1951.15     1859.64     1859.64            34478.75
02/14/2019     1956.07     1957.06     1877.36     1877.36            20743.15
02/13/2019     1936.39     1940.33     1889.16     1889.16            42533.11
02/12/2019     1951.15     1981.65     1924.59     1924.59            39153.84
02/11/2019     1987.56     2007.24     1948.20     1948.20            37573.46
02/08/2019     1977.72     2001.33     1969.85     1997.40            26175.40
02/07/2019     1989.53     2017.08     1971.81     1983.62            38091.78
02/06/2019     2015.11     2083.98     1985.59     1985.59            20570.37
02/04/2019     2026.91     2034.79     1987.56     1997.40            55709.74
02/01/2019     1987.56     2056.43     1987.56     2036.75            32695.11
01/31/2019     2050.53     2052.50     1987.56     1987.56            94441.80
01/30/2019     2076.11     2113.50     2036.75     2052.50            43356.33
01/29/2019     2107.60     2119.41     2078.08     2115.47            32395.29
01/28/2019     2085.95     2125.31     2083.98     2107.60            52630.28
01/25/2019     2066.27     2095.79     2058.40     2085.95            44545.43
01/24/2019     2066.27     2097.76     2062.34     2082.02            71401.76
01/23/2019     2054.47     2076.11     2026.91     2066.27            56538.04
01/22/2019     2046.59     2060.37     2019.04     2060.37            22211.74
01/21/2019     2058.40     2064.30     2026.91     2046.59            14990.76
01/18/2019     2028.88     2062.34     2028.88     2058.40            28817.83
01/17/2019     2007.24     2066.27     2007.24     2046.59            60298.44
01/16/2019     2052.50     2052.50     2003.30     2005.27            13293.50
01/15/2019     2026.91     2060.37     2005.27     2052.50            41445.65
01/14/2019     1983.62     2066.27     1958.04     2026.91            89604.11
01/11/2019     1967.88     1983.62     1928.52     1983.62            28700.96
01/10/2019     1899.00     1987.56     1889.16     1987.56            60100.25
01/09/2019     1859.64     1903.92     1831.11     1899.00            54175.09
01/08/2019     1849.81     1868.50     1830.13     1830.13            31465.36
01/07/2019     1842.92     1904.91     1830.13     1830.13            27217.13
01/04/2019     1854.73     1882.28     1841.93     1841.93            14096.40
01/03/2019     1869.48     1874.40     1854.73     1858.66            29021.10
01/02/2019     1889.16     1889.16     1859.64     1869.48             6717.89
12/28/2018     1869.48     1888.18     1865.55     1869.48            26714.05
12/27/2018     1877.36     1884.24     1849.81     1866.53            27476.29
12/26/2018     1869.48     1898.02     1849.81     1877.36            13827.07
12/21/2018     1919.67     1928.52     1869.48     1869.48            48935.95
12/20/2018     1915.73     1945.25     1903.92     1918.68            45637.98
12/19/2018     1943.28     1959.02     1918.68     1948.20            58555.44
12/18/2018     1965.91     1987.56     1938.36     1938.36            61497.70
12/17/2018     2005.27     2011.17     1967.88     1967.88            15519.25
12/14/2018     2007.24     2013.14     1967.88     1985.59            28767.02
12/13/2018     1987.56     2017.08     1985.59     1997.40           112557.76
12/12/2018     1979.69     2013.14     1916.71     1938.36            55323.54
12/11/2018     2046.59     2066.27     1979.69     1979.69            29747.77
12/10/2018     2054.47     2056.43     2024.95     2046.59             8216.97
12/07/2018     2056.43     2064.30     2015.11     2042.66            62630.90
12/06/2018     2058.40     2066.27     2030.85     2046.59            53529.73
12/05/2018     2046.59     2074.14     2011.17     2066.27            25535.11
12/04/2018     2005.27     2066.27     2003.30     2056.43            87540.97
12/03/2018     1967.88     1985.59     1944.26     1983.62            85050.98
11/29/2018     1977.72     2005.27     1938.36     1938.36           108888.83
11/28/2018     1967.88     1977.72     1919.67     1967.88            24036.04
11/27/2018     1969.85     1985.59     1956.07     1967.88            43559.60
11/26/2018     1943.28     1969.85     1941.31     1969.85            42207.89
11/23/2018     1873.42     1943.28     1873.42     1943.28            48981.68
11/22/2018     1903.92     1938.36     1903.92     1920.65            11494.61
11/21/2018     1922.62     1958.04     1857.68     1889.16            76026.03
11/20/2018     1966.89     2007.24     1920.65     1973.78            91245.47
11/19/2018     1894.08     1966.89     1893.10     1966.89            40200.65
11/16/2018     1866.53     1898.02     1862.60     1894.08            82754.09
11/15/2018     1838.98     1868.50     1821.27     1835.05            64785.50
11/14/2018     1810.45     1835.05     1788.80     1835.05            53997.23
11/13/2018     1725.83     1810.45     1725.83     1800.61            79791.51
11/12/2018     1723.86     1766.17     1705.17     1725.83           152600.88
11/09/2018     1794.70     1830.13     1662.86     1700.25           178115.66
11/08/2018     1869.48     1869.48     1721.89     1793.72           205297.22
11/07/2018     2066.27     2076.11     1889.16     1889.16            81783.50
11/06/2018     2074.14     2085.95     2032.82     2074.14            31744.84
11/05/2018     2066.27     2085.95     1997.40     2066.27            69120.12
10/31/2018     2024.95     2056.43     1969.85     2056.43            64384.05
10/30/2018     2019.04     2026.91     2007.24     2017.08            27044.35
10/29/2018     2017.08     2019.04     1967.88     2019.04            31211.28
10/26/2018     2017.08     2017.08     1987.56     2017.08            38930.25
10/25/2018     1997.40     2019.04     1967.88     2017.08            67981.84
10/24/2018     1997.40     2017.08     1967.88     2015.11            27079.92
10/23/2018     1965.91     2013.14     1952.14     1997.40            40078.69
10/22/2018     1908.84     1965.91     1895.07     1965.91            70182.18
10/19/2018     1967.88     2007.24     1884.24     1884.24            81951.19
10/18/2018     2050.53     2052.50     1967.88     1967.88            73805.37
10/17/2018     1979.69     2052.50     1979.69     2026.91            55730.06
10/16/2018     1977.72     2003.30     1960.01     1987.56            44697.88
10/15/2018     2105.63     2105.63     1961.97     1977.72            85716.67
10/12/2018     2113.50     2243.38     2066.27     2066.27           128163.40
10/11/2018     2113.50     2133.18     2076.11     2113.50            92114.42
10/10/2018     2174.51     2213.86     2117.44     2133.18            41496.46
10/09/2018     2272.90     2272.90     2143.02     2174.51            61380.82
10/08/2018     2227.64     2341.78     2207.96     2292.58           117436.11
10/05/2018     2137.12     2253.22     2137.12     2233.54            91718.06
10/04/2018     2174.51     2184.34     2162.70     2184.34            46720.36
10/03/2018     2135.15     2174.51     2135.15     2174.51            23405.92
10/02/2018     2164.67     2172.54     2125.31     2164.67            35312.14
10/01/2018     2164.67     2172.54     2072.18     2172.54            57615.34
09/28/2018     2164.67     2174.51     2158.76     2164.67           138346.95
09/27/2018     2036.75     2164.67     2036.75     2164.67            63886.06
09/26/2018     2144.99     2164.67     2032.82     2032.82            33680.94
09/25/2018     2174.51     2182.38     2144.99     2144.99            23355.10
09/24/2018     2164.67     2174.51     2144.99     2174.51            30093.32
09/21/2018     2095.79     2160.73     2095.79     2135.15            96469.37
09/20/2018     2127.28     2174.51     2085.95     2085.95            58484.30
09/19/2018     2164.67     2186.31     2121.37     2127.28            79263.02
09/18/2018     2184.34     2192.22     2154.83     2186.31           106266.72
09/17/2018     2156.80     2190.25     2152.86     2184.34            78729.45
09/14/2018     2172.54     2172.54     2146.96     2156.80            67580.39
09/13/2018     2156.80     2170.57     2156.80     2164.67           115479.69
09/12/2018     2085.95     2170.57     2085.95     2144.99           134068.23
09/11/2018     2076.11     2085.95     2070.21     2085.95            58616.42
09/10/2018     2070.21     2091.86     2046.59     2070.21           108014.79
09/07/2018     2046.59     2070.21     2019.04     2070.21            54322.46
09/06/2018     2066.27     2082.02     1997.40     2044.63           281795.84
09/05/2018     2080.05     2089.89     2028.88     2056.43            60455.97
09/04/2018     2056.43     2099.73     2052.50     2085.95            33045.74
09/03/2018     2080.05     2080.05     2048.56     2066.27            18984.91
08/31/2018     2026.91     2082.02     2021.01     2082.02            85909.77
08/30/2018     2062.34     2083.98     2048.56     2076.11            65171.70
08/29/2018     2017.08     2062.34     1997.40     2062.34            71559.29
08/28/2018     1966.89     2036.75     1966.89     2034.79           101850.80
08/24/2018     1999.37     2001.33     1960.99     1965.91            51466.59
08/23/2018     1964.93     2003.30     1963.94     1999.37            86900.69
08/22/2018     1954.10     1966.89     1954.10     1964.93           100433.03
08/20/2018     1933.44     1953.12     1891.13     1953.12            54983.07
08/17/2018     1936.39     1969.85     1919.67     1938.36            30072.99
08/16/2018     1892.12     1943.28     1892.12     1938.36            44184.64
08/15/2018     1830.13     1889.16     1830.13     1889.16           386421.20
08/14/2018     1887.20     1888.18     1772.08     1830.13           103919.01
08/13/2018     1941.31     1941.31     1886.21     1889.16            21596.86
08/10/2018     1943.28     1948.20     1937.38     1944.26            18039.73
08/09/2018     1979.69     1987.56     1932.46     1943.28            87175.09
08/08/2018     1852.76     1997.40     1852.76     1991.49           311502.96
08/07/2018     1771.09     1839.97     1771.09     1833.08            24229.14
08/06/2018     1820.29     1835.05     1737.64     1771.09            42838.01
08/03/2018     1820.29     1844.89     1800.61     1820.29            20524.64
08/02/2018     1842.92     1842.92     1811.43     1820.29            10214.04
08/01/2018     1799.62     1842.92     1790.77     1842.92            35932.09
07/31/2018     1783.88     1805.53     1755.35     1805.53            94182.64
07/30/2018     1790.77     1790.77     1767.15     1783.88            17658.61
07/27/2018     1771.09     1790.77     1737.64     1790.77            38528.80
07/26/2018     1751.41     1780.93     1751.41     1775.03            37832.62
07/25/2018     1751.41     1771.09     1751.41     1751.41            20113.03
07/24/2018     1695.33     1770.11     1693.36     1770.11            35200.34
07/23/2018     1702.21     1721.89     1678.60     1712.05            10564.68
07/20/2018     1716.97     1716.97     1673.68     1702.21            15661.54
07/19/2018     1707.13     1716.97     1695.33     1716.97            14619.80
07/18/2018     1681.55     1707.13     1679.58     1707.13            13105.48
07/17/2018     1642.19     1681.55     1633.34     1681.55            18929.01
07/16/2018     1638.26     1638.26     1631.37     1635.31             6245.30
07/13/2018     1608.74     1664.83     1608.74     1633.34            16479.68
07/12/2018     1607.76     1634.32     1604.81     1613.66             8242.38
07/11/2018     1624.48     1625.47     1610.71     1624.48            15768.25
07/10/2018     1631.37     1638.26     1607.76     1623.50            15742.84
07/09/2018     1640.23     1643.18     1607.76     1607.76             9324.76
07/06/2018     1623.50     1643.18     1584.14     1640.23            24676.32
07/05/2018     1613.66     1653.02     1613.66     1623.50            18568.22
07/04/2018     1613.66     1665.81     1592.01     1665.81            21093.78
07/03/2018     1574.30     1621.53     1573.32     1621.53            47335.24
07/02/2018     1515.27     1574.30     1508.38     1574.30            23375.43
06/29/2018     1485.75     1539.87     1485.75     1515.27            47736.69
06/28/2018     1520.19     1520.19     1479.85     1482.80            27953.96
06/27/2018     1480.83     1553.64     1480.83     1520.19            39224.98
06/26/2018     1525.11     1544.79     1475.91     1475.91            55496.31
06/25/2018     1574.30     1574.30     1503.46     1505.43            56289.04
06/22/2018     1574.30     1575.29     1515.27     1515.27            24823.69
06/21/2018     1643.18     1643.18     1554.62     1554.62            47015.10
06/20/2018     1634.32     1634.32     1608.74     1625.47            37192.34
06/19/2018     1638.26     1642.19     1613.66     1634.32            34260.24
06/18/2018     1620.55     1651.05     1613.66     1633.34            36104.87
06/14/2018     1601.85     1653.02     1555.61     1653.02            60654.15
06/13/2018     1662.86     1662.86     1601.85     1623.50            57351.10
06/11/2018     1632.36     1663.84     1621.53     1662.86            10635.82
06/08/2018     1662.86     1662.86     1596.93     1633.34            34798.89
06/07/2018     1613.66     1662.86     1613.66     1643.18            46075.00
06/06/2018     1603.82     1618.58     1576.27     1611.69           113426.71
06/05/2018     1549.70     1615.63     1549.70     1603.82            48686.95
06/04/2018     1572.34     1579.22     1535.93     1579.22            24691.56
06/01/2018     1551.67     1573.32     1531.99     1557.58            26149.99
05/31/2018     1498.54     1590.05     1498.54     1590.05           131115.81
05/30/2018     1505.43     1517.23     1485.75     1498.54            55196.49
05/29/2018     1506.41     1534.94     1501.49     1505.43            23192.49
05/28/2018     1515.27     1525.11     1503.46     1503.46            30936.87
05/25/2018     1564.46     1574.30     1501.49     1508.38            48971.52
05/24/2018     1525.11     1553.64     1505.43     1505.43            56527.88
05/23/2018     1605.79     1635.31     1517.23     1517.23            79811.83
05/22/2018     1605.79     1643.18     1603.82     1604.81            24823.69
05/21/2018     1613.66     1645.15     1603.82     1603.82            17358.79
05/18/2018     1680.57     1681.55     1611.69     1611.69            19269.48
05/17/2018     1737.64     1737.64     1679.58     1682.54            33243.92
05/16/2018     1719.93     1737.64     1545.77     1737.64            20870.19
05/15/2018     1721.89     1742.56     1716.97     1723.86            29864.65
05/11/2018     1672.70     1733.70     1672.70     1714.02            48199.11
05/10/2018     1712.05     1712.05     1644.16     1662.86            51344.63
05/09/2018     1623.50     1721.89     1618.58     1721.89            71838.78
05/08/2018     1554.62     1659.91     1554.62     1618.58            73947.65
05/07/2018     1495.59     1560.53     1475.91     1554.62            89111.19
05/04/2018     1476.89     1504.44     1451.31     1451.31            24711.89
05/03/2018     1514.28     1514.28     1475.91     1475.91            29696.95
05/02/2018     1495.59     1514.28     1495.59     1500.51            15646.29
04/30/2018     1484.76     1515.27     1476.89     1515.27            30769.17
04/27/2018     1475.91     1491.65     1459.18     1484.76            39021.72
04/26/2018     1474.92     1475.91     1459.18     1475.91            18664.77
04/25/2018     1477.88     1549.70     1456.23     1456.23            43056.52
04/24/2018     1502.47     1502.47     1475.91     1475.91           103481.99
04/23/2018     1522.15     1543.80     1502.47     1502.47            12963.20
04/20/2018     1544.79     1569.38     1500.51     1510.35            18613.95
04/19/2018     1515.27     1570.37     1475.91     1544.79            72662.00
04/18/2018     1573.32     1573.32     1530.03     1544.79            18883.28
04/17/2018     1550.69     1550.69     1520.19     1520.19            97851.57
04/16/2018     1551.67     1564.46     1549.70     1550.69            39885.59
04/13/2018     1574.30     1584.14     1550.69     1550.69            33924.86
04/12/2018     1554.62     1573.32     1554.62     1565.45            27161.23
04/11/2018     1554.62     1574.30     1550.69     1554.62            14299.66
04/10/2018     1603.82     1604.81     1554.62     1554.62            68479.83
04/06/2018     1603.82     1603.82     1574.30     1596.93            11459.04
04/05/2018     1575.29     1592.01     1575.29     1585.13            22262.55
04/04/2018     1631.37     1642.19     1592.01     1594.97            51680.02
04/03/2018     1641.21     1643.18     1593.98     1641.21            65791.66
04/02/2018     1595.95     1642.19     1584.14     1597.92            15666.62
03/28/2018     1573.32     1650.07     1563.48     1595.95            71909.92
03/27/2018     1566.43     1584.14     1547.74     1563.48            56573.61
03/26/2018     1534.94     1564.46     1515.27     1564.46            34773.49
03/23/2018     1507.39     1572.34     1495.59     1531.99            33655.53
03/22/2018     1525.11     1574.30     1505.43     1574.30            36226.83
03/21/2018     1567.41     1606.77     1515.27     1515.27            73576.69
03/20/2018     1660.89     1660.89     1559.54     1565.45            93283.19
03/19/2018     1648.10     1648.10     1626.45     1642.19            40160.00
03/16/2018     1671.71     1671.71     1622.52     1643.18           160863.58
03/15/2018     1694.34     1702.21     1625.47     1625.47            44194.80
03/14/2018     1721.89     1721.89     1687.46     1692.38            27440.72
03/13/2018     1751.41     1756.33     1712.05     1721.89            21134.43
03/12/2018     1712.05     1761.25     1705.17     1731.73            48432.87
03/09/2018     1682.54     1682.54     1657.94     1677.62            15544.66
03/08/2018     1657.94     1680.57     1657.94     1662.86            45236.53
03/07/2018     1685.49     1685.49     1653.02     1655.97            52869.12
03/06/2018     1688.44     1694.34     1683.52     1686.47            30891.13
03/05/2018     1697.30     1699.26     1687.46     1692.38            20788.88
03/02/2018     1728.78     1729.77     1681.55     1716.97            23675.24
03/01/2018     1687.46     1731.73     1682.54     1701.23            11489.53
02/28/2018     1712.05     1712.05     1679.58     1694.34            83673.86
02/27/2018     1707.13     1712.05     1682.54     1694.34            59134.75
02/26/2018     1713.04     1758.30     1707.13     1707.13            28761.94
02/23/2018     1732.72     1733.70     1712.05     1715.01            48493.85
02/22/2018     1779.95     1779.95     1717.96     1731.73            25316.60
02/21/2018     1820.29     1820.29     1761.25     1761.25            36613.03
02/20/2018     1770.11     1820.29     1770.11     1820.29            55709.74
02/19/2018     1761.25     1814.38     1731.73     1791.75            31643.21
02/15/2018     1771.09     1771.09     1716.97     1771.09            20295.97
02/14/2018     1761.25     1771.09     1693.36     1771.09            27491.53
02/13/2018     1751.41     1770.11     1751.41     1761.25            49738.84
02/12/2018     1756.33     1764.20     1746.49     1746.49            26998.62
02/09/2018     1779.95     1779.95     1742.56     1746.49            58499.54
02/08/2018     1849.81     1849.81     1800.61     1800.61            48188.95
02/07/2018     1798.64     1869.48     1798.64     1839.97            25591.01
02/06/2018     1798.64     1799.62     1774.04     1797.66            49754.09
02/05/2018     1859.64     1859.64     1790.77     1812.42            46440.87
02/02/2018     1869.48     1869.48     1861.61     1868.50            17831.38
02/01/2018     1854.73     1872.44     1826.19     1869.48            19452.42
01/31/2018     1829.14     1869.48     1817.34     1869.48            77184.64
01/30/2018     1865.55     1868.50     1771.09     1830.13           117131.21
01/29/2018     1721.89     1879.32     1721.89     1868.50           185016.50
01/26/2018     1707.13     1717.96     1699.26     1717.96            61390.98
01/25/2018     1716.97     1721.89     1702.21     1707.13            32725.60
01/24/2018     1720.91     1722.88     1694.34     1702.21            82291.66
01/23/2018     1721.89     1721.89     1688.44     1710.09            35296.89
01/22/2018     1702.21     1712.05     1699.26     1707.13            57681.40
01/19/2018     1701.23     1716.97     1694.34     1697.30            46369.73
01/18/2018     1733.70     1733.70     1679.58     1704.18            61263.94
01/17/2018     1720.91     1726.81     1713.04     1726.81            49804.90
01/16/2018     1683.52     1712.05     1683.52     1710.09            36130.28
01/15/2018     1716.97     1731.73     1682.54     1682.54            30093.32
01/12/2018     1711.07     1712.05     1695.33     1712.05            39052.21
01/11/2018     1699.26     1716.97     1682.54     1695.33            49296.74
01/10/2018     1667.78     1700.25     1667.78     1692.38            59251.62
01/09/2018     1702.21     1716.97     1658.92     1662.86            56980.14
01/08/2018     1789.79     1789.79     1671.71     1692.38            64211.28
01/05/2018     1835.05     1835.05     1773.06     1776.01            43839.09
01/04/2018     1839.97     1844.89     1805.53     1820.29            24274.87
01/03/2018     1869.48     1869.48     1830.13     1844.89            22531.88
12/29/2017     1825.21     1869.48     1825.21     1869.48            36501.24
12/28/2017     1798.64     1830.13     1773.06     1820.29            31958.27
12/27/2017     1745.51     1820.29     1745.51     1771.09            32029.42
12/22/2017     1789.79     1824.22     1737.64     1824.22            22811.37
12/21/2017     1769.12     1796.67     1737.64     1737.64            13694.95
12/20/2017     1800.61     1800.61     1769.12     1769.12            10569.76
12/19/2017     1775.03     1785.85     1771.09     1780.93            97815.99
12/18/2017     1746.49     1771.09     1746.49     1769.12            53199.42
12/15/2017     1726.81     1746.49     1717.96     1734.68            58296.28
12/14/2017     1725.83     1731.73     1712.05     1721.89            57940.57
12/13/2017     1657.94     1731.73     1657.94     1711.07           106688.49
12/12/2017     1662.86     1672.70     1653.02     1653.02           115718.52
12/11/2017     1730.75     1730.75     1634.32     1662.86            71071.46
12/08/2017     1733.70     1744.52     1726.81     1731.73            64668.62
12/07/2017     1742.56     1761.25     1722.88     1733.70            30926.70
12/06/2017     1771.09     1785.85     1731.73     1731.73            64627.97
12/05/2017     1731.73     1771.09     1728.78     1771.09            24818.60
12/04/2017     1789.79     1789.79     1721.89     1721.89            20860.03
12/01/2017     1771.09     1776.99     1761.25     1767.15           249212.53
11/29/2017     1756.33     1800.61     1715.01     1800.61           110377.74
11/28/2017     1785.85     1785.85     1748.46     1753.38            94396.07
11/27/2017     1770.11     1786.83     1754.36     1771.09           110489.54
11/24/2017     1838.98     1838.98     1751.41     1751.41           135917.94
11/23/2017     1839.97     1839.97     1826.19     1839.97            23624.43
11/22/2017     1868.50     1868.50     1830.13     1843.90            35434.10
11/21/2017     1883.26     1886.21     1864.57     1868.50            66177.86
11/20/2017     1887.20     1899.00     1884.24     1888.18            58133.67
11/17/2017     1889.16     1912.78     1884.24     1884.24            39204.65
11/16/2017     1923.60     1938.36     1889.16     1889.16            82738.84
11/15/2017     1958.04     1967.88     1938.36     1938.36            42431.48
11/14/2017     1973.78     1977.72     1938.36     1971.81            43396.99
11/13/2017     1987.56     2013.14     1967.88     1967.88            46268.10
11/10/2017     2005.27     2022.98     1975.75     1975.75            46654.30
11/09/2017     1997.40     2026.91     1987.56     2017.08            84547.90
11/08/2017     2034.79     2034.79     1987.56     1987.56            18984.91
11/07/2017     2007.24     2036.75     1987.56     2017.08            75172.32
11/06/2017     2009.20     2038.72     1997.40     2007.24            31079.15
11/03/2017     2009.20     2013.14     1997.40     1997.40            34295.82
11/02/2017     2013.14     2017.08     1973.78     2009.20           204697.59
10/30/2017     2009.20     2015.11     1965.91     2009.20            27054.51
10/27/2017     2011.17     2011.17     1969.85     2009.20            18187.10
10/26/2017     1967.88     2005.27     1962.96     1966.89            68855.87
10/25/2017     2011.17     2011.17     1967.88     1985.59            10097.17
10/24/2017     1999.37     2013.14     1995.43     1999.37            46075.00
10/23/2017     1967.88     2005.27     1966.89     1997.40            26810.60
10/20/2017     2003.30     2003.30     1950.17     1967.88           155116.28
10/19/2017     2003.30     2003.30     1977.72     1983.62            35815.22
10/18/2017     2030.85     2030.85     1989.53     2007.24           126206.97
10/17/2017     2026.91     2046.59     2017.08     2026.91           104772.72
10/13/2017     2034.79     2038.72     2005.27     2007.24            49743.92
10/12/2017     2083.98     2083.98     2036.75     2038.72            23116.26
10/11/2017     2044.63     2083.98     2040.69     2083.98            50333.39
10/10/2017     2036.75     2048.56     2032.82     2040.69            24864.34
10/09/2017     2036.75     2044.63     2026.91     2036.75             9512.78
10/06/2017     2050.53     2050.53     2026.91     2036.75            57742.38
10/05/2017     2030.85     2052.50     2017.08     2052.50            24600.09
10/04/2017     2007.24     2034.79     2007.24     2030.85            38442.41
10/03/2017     2017.08     2026.91     2005.27     2017.08            33619.96
10/02/2017     2021.01     2026.91     2005.27     2017.08            19736.99
09/29/2017     2013.14     2030.85     1993.46     2017.08            42360.34
09/28/2017     2019.04     2019.04     1989.53     2007.24            28619.65
09/27/2017     1991.49     2015.11     1981.65     2015.11            56278.88
09/26/2017     2044.63     2044.63     2017.08     2044.63            33050.82
09/25/2017     2017.08     2044.63     2001.33     2044.63            16022.33
09/22/2017     2036.75     2040.69     2013.14     2040.69            23019.71
09/21/2017     2017.08     2056.43     2011.17     2011.17            18278.57
09/20/2017     1997.40     2036.75     1985.59     2036.75            29371.73
09/19/2017     2005.27     2005.27     1971.81     1997.40            42075.77
09/18/2017     2003.30     2005.27     1969.85     1997.40            33238.84
09/15/2017     1977.72     2007.24     1963.94     2007.24            65664.62
09/14/2017     1962.96     1977.72     1948.20     1948.20            27461.04
09/13/2017     1993.46     1993.46     1962.96     1962.96            62371.73
09/11/2017     1958.04     1991.49     1958.04     1987.56            11926.55
09/08/2017     2005.27     2005.27     1960.01     1967.88            25799.36
09/07/2017     1981.65     2003.30     1977.72     2003.30            66289.66
09/06/2017     1967.88     1987.56     1962.96     1967.88            13877.89
09/05/2017     1969.85     1977.72     1963.94     1967.88            17785.65
09/04/2017     1987.56     1987.56     1963.94     1969.85            32507.09
08/31/2017     1967.88     1995.43     1963.94     1967.88            47731.60
08/30/2017     1969.85     1975.75     1956.07     1967.88            24218.97
08/29/2017     2007.24     2009.20     1958.04     1967.88            76300.44
08/25/2017     2030.85     2030.85     1997.40     2017.08            16621.96
08/24/2017     2017.08     2017.08     1997.40     2017.08            10605.33
08/23/2017     2032.82     2032.82     1995.43     2017.08            30814.91
08/22/2017     1997.40     2026.91     1995.43     2026.91             8034.03
08/18/2017     2015.11     2015.11     1991.49     2015.11            27186.64
08/17/2017     2042.66     2042.66     2013.14     2022.98            17048.82
08/16/2017     2024.95     2046.59     1987.56     2017.08            18730.83
08/15/2017     2007.24     2032.82     2007.24     2026.91             5361.10
08/14/2017     1993.46     2017.08     1993.46     2007.24            30515.09
08/11/2017     1997.40     2032.82     1989.53     1989.53            23329.69
08/10/2017     2015.11     2036.75     2011.17     2017.08            16642.29
08/09/2017     2007.24     2017.08     1995.43     2009.20            11072.84
08/08/2017     2026.91     2046.59     1987.56     2046.59            12856.48
08/07/2017     1985.59     2015.11     1981.65     2013.14            37182.17
08/04/2017     2017.08     2017.08     1967.88     1985.59            41943.64
08/03/2017     2021.01     2034.79     1995.43     2007.24            28660.30
08/02/2017     2095.79     2095.79     2009.20     2021.01            41969.05
08/01/2017     2076.11     2095.79     2036.75     2095.79            46689.87
07/31/2017     2087.92     2091.86     2017.08     2082.02            51476.75
07/28/2017     2056.43     2095.79     2026.91     2091.86            10000.62
07/27/2017     2066.27     2091.86     2046.59     2046.59            29158.30
07/26/2017     2056.43     2080.05     2026.91     2040.69            20656.76
07/25/2017     2017.08     2066.27     2017.08     2060.37            30997.85
07/24/2017     1997.40     2036.75     1997.40     2017.08            23482.14
07/21/2017     1985.59     2015.11     1973.78     1995.43            24325.69
07/20/2017     2003.30     2003.30     1977.72     1987.56            48570.07
07/19/2017     1987.56     2030.85     1983.62     2011.17            24600.09
07/18/2017     2001.33     2017.08     1987.56     1987.56            28868.65
07/17/2017     1977.72     2026.91     1977.72     1999.37            42284.11
07/14/2017     2060.37     2060.37     2021.01     2036.75            12246.69
07/13/2017     2060.37     2080.05     2009.20     2050.53            49184.95
07/12/2017     2001.33     2056.43     2001.33     2050.53            67671.86
07/11/2017     2005.27     2011.17     1987.56     1995.43            43549.43
07/10/2017     2026.91     2036.75     1979.69     2003.30            31678.78
07/07/2017     2024.95     2036.75     2022.98     2026.91            11545.43
07/06/2017     2036.75     2036.75     2019.04     2024.95            12002.77
07/05/2017     2017.08     2046.59     2007.24     2046.59             6860.18
07/04/2017     2028.88     2044.63     2005.27     2017.08            30916.54
07/03/2017     2015.11     2026.91     1989.53     2019.04            36409.77
06/30/2017     1987.56     2015.11     1962.96     2015.11            62676.63
06/29/2017     2074.14     2074.14     1989.53     2007.24            36059.14
06/28/2017     2083.98     2083.98     2064.30     2076.11            70319.38
06/27/2017     2085.95     2101.69     2078.08     2083.98            49144.29
06/23/2017     2058.40     2085.95     2058.40     2083.98            29021.10
06/22/2017     2056.43     2085.95     2056.43     2064.30            33198.19
06/21/2017     2099.73     2105.63     2056.43     2066.27            40220.98
06/20/2017     2099.73     2111.53     2099.73     2105.63            15026.33
06/19/2017     2121.37     2121.37     2105.63     2109.57            77911.31
06/16/2017     2105.63     2125.31     2093.82     2121.37           731290.04
06/15/2017     2115.47     2182.38     2105.63     2115.47           126217.14
06/14/2017     2101.69     2160.73     2080.05     2143.02            55846.94
06/13/2017     2115.47     2117.44     2074.14     2101.69            58174.32
06/09/2017     2119.41     2178.44     2103.66     2117.44           107537.12
06/08/2017     2192.22     2192.22     2117.44     2117.44            79659.39
06/07/2017     2158.76     2215.83     2152.86     2192.22           123986.31
06/06/2017     2146.96     2170.57     2107.60     2158.76            64140.14
06/05/2017     2127.28     2158.76     2105.63     2144.99            82698.19
06/02/2017     2125.31     2154.83     2099.73     2125.31           100321.23
06/01/2017     2062.34     2135.15     2034.79     2125.31           116846.64
05/31/2017     2072.18     2083.98     2062.34     2076.11           123554.37
05/30/2017     2026.91     2080.05     2026.91     2068.24            84629.21
05/29/2017     2038.72     2076.11     2026.91     2026.91            25072.69
05/26/2017     2062.34     2074.14     2040.69     2062.34            39433.33
05/25/2017     1962.96     2076.11     1958.04     2076.11            77042.35
05/24/2017     1967.88     1983.62     1958.04     1983.62            18141.36
05/23/2017     1979.69     1979.69     1961.97     1971.81            32893.29
05/22/2017     1981.65     1987.56     1958.04     1967.88            37177.09
05/19/2017     1969.85     1981.65     1953.12     1981.65            41293.20
05/18/2017     1979.69     1979.69     1928.52     1967.88           115332.32
05/17/2017     1963.94     1991.49     1958.04     1979.69            32451.19
05/16/2017     1973.78     1983.62     1948.20     1967.88           118731.92
05/15/2017     1999.37     2003.30     1958.04     1967.88            74272.88
05/12/2017     2021.01     2021.01     1973.78     1999.37           117288.74
05/11/2017     2024.95     2062.34     1997.40     2021.01            92581.93
05/10/2017     2066.27     2074.14     2015.11     2024.95           119631.36
05/09/2017     2093.82     2093.82     2056.43     2085.95            43854.33
05/08/2017     2026.91     2095.79     2015.11     2095.79            52152.61
05/05/2017     1971.81     2058.40     1971.81     2011.17           115240.85
05/04/2017     1967.88     2048.56     1965.91     2042.66            55435.33
05/03/2017     2013.14     2013.14     1967.88     1967.88           121973.99
05/02/2017     2056.43     2060.37     2013.14     2013.14           105611.19
04/27/2017     2066.27     2066.27     2040.69     2044.63            81544.67
04/26/2017     2046.59     2115.47     2036.75     2115.47            48712.36
04/25/2017     1997.40     2056.43     1991.49     2046.59            44896.06
04/24/2017     1967.88     1989.53     1962.96     1987.56            87622.28
04/21/2017     1963.94     1999.37     1962.96     1987.56            84456.43
04/20/2017     1958.04     1987.56     1950.17     1962.96            26810.60
04/19/2017     2007.24     2017.08     1958.04     1958.04            64953.19
04/18/2017     2007.24     2017.08     1987.56     2007.24            66315.07
04/17/2017     2019.04     2021.01     2007.24     2007.24           157159.09
04/12/2017     2046.59     2066.27     2019.04     2024.95            97104.57
04/11/2017     2046.59     2066.27     2036.75     2044.63            76132.75
04/10/2017     2036.75     2066.27     2036.75     2066.27            40398.83
04/07/2017     2046.59     2066.27     1981.65     2036.75            38686.33
04/06/2017     2054.47     2074.14     2017.08     2036.75           105275.80
04/05/2017     2026.91     2066.27     2017.08     2050.53            93125.66
04/04/2017     2021.01     2056.43     2021.01     2046.59           138092.87
04/03/2017     1997.40     2019.04     1993.46     2017.08            22826.61
03/31/2017     1997.40     2001.33     1958.04     1999.37            67199.27
03/30/2017     1987.56     1997.40     1977.72     1997.40            47167.54
03/29/2017     1960.01     2009.20     1960.01     1987.56           106551.29
03/28/2017     1932.46     1960.01     1911.79     1960.01            44957.04
03/27/2017     1910.81     1928.52     1879.32     1928.52            11443.80
03/24/2017     1913.76     1923.60     1906.87     1912.78            35312.14
03/23/2017     1899.00     1918.68     1869.48     1913.76            47655.38
03/22/2017     1877.36     1898.02     1863.58     1898.02            30408.38
03/21/2017     1879.32     1907.86     1875.39     1882.28            86921.01
03/20/2017     1879.32     1890.15     1859.64     1870.47            42472.13
03/17/2017     1918.68     1930.49     1879.32     1879.32           100163.70
03/16/2017     1924.59     1942.30     1911.79     1918.68            78363.57
03/15/2017     1917.70     1942.30     1913.76     1918.68            53946.42
03/14/2017     1913.76     1943.28     1889.16     1917.70            56141.68
03/13/2017     1869.48     1928.52     1869.48     1913.76            53621.19
03/10/2017     1952.14     1952.14     1856.69     1879.32            42904.07
03/09/2017     1953.12     1971.81     1909.83     1938.36           104579.62
03/08/2017     1869.48     1957.06     1869.48     1956.07           175087.02
03/07/2017     1812.42     1868.50     1807.50     1868.50            81666.62
03/06/2017     1814.38     1840.95     1795.69     1805.53           106383.60
03/03/2017     1776.01     1805.53     1773.06     1805.53            37817.37
03/02/2017     1768.14     1805.53     1767.15     1771.09            49870.96
03/01/2017     1798.64     1798.64     1759.28     1768.14            29320.91
02/28/2017     1771.09     1798.64     1751.41     1798.64            73241.31
02/27/2017     1803.56     1803.56     1757.32     1771.09            28797.51
02/24/2017     1818.32     1838.98     1801.59     1801.59           109559.61
02/23/2017     1771.09     1825.21     1751.41     1818.32           148388.22
02/22/2017     1761.25     1771.09     1743.54     1771.09           130175.71
02/21/2017     1764.20     1765.19     1752.40     1761.25            32944.11
02/20/2017     1761.25     1788.80     1760.27     1764.20           108406.08
02/17/2017     1765.19     1781.91     1751.41     1761.25            56675.24
02/16/2017     1751.41     1788.80     1751.41     1780.93            51669.85
02/15/2017     1766.17     1780.93     1760.27     1761.25            67748.08
02/14/2017     1763.22     1780.93     1761.25     1766.17            66889.29
02/13/2017     1771.09     1771.09     1742.56     1763.22            28883.90
02/10/2017     1771.09     1782.90     1751.41     1771.09            78317.84
02/09/2017     1725.83     1757.32     1725.83     1751.41            65105.64
02/08/2017     1693.36     1728.78     1693.36     1721.89           105936.41
02/07/2017     1672.70     1682.54     1643.18     1672.70            60984.45
02/06/2017     1655.97     1692.38     1639.24     1672.70            45571.92
02/03/2017     1665.81     1665.81     1633.34     1648.10            72595.94
02/02/2017     1687.46     1701.23     1657.94     1665.81            48514.17
02/01/2017     1696.31     1749.44     1672.70     1672.70            54871.27
01/31/2017     1765.19     1766.17     1692.38     1692.38            62742.69
01/30/2017     1776.01     1776.99     1761.25     1765.19            13232.52
01/27/2017     1746.49     1780.93     1731.73     1776.01            27430.55
01/26/2017     1740.59     1764.20     1721.89     1751.41            33777.49
01/25/2017     1759.28     1759.28     1712.05     1740.59            43513.86
01/24/2017     1721.89     1761.25     1692.38     1761.25            62427.63
01/23/2017     1677.62     1721.89     1645.15     1721.89            41664.16
01/20/2017     1661.87     1688.44     1639.24     1654.99            74293.20
01/19/2017     1622.52     1662.86     1615.63     1660.89           104757.48
01/18/2017     1643.18     1643.18     1609.72     1628.42           110814.76
01/17/2017     1675.65     1676.63     1632.36     1643.18            69709.59
01/16/2017     1671.71     1702.21     1641.21     1675.65            80863.73
01/13/2017     1702.21     1702.21     1653.02     1672.70            71686.33
01/12/2017     1753.38     1753.38     1690.41     1712.05            40414.08
01/11/2017     1790.77     1790.77     1747.48     1754.36           144455.05
01/10/2017     1731.73     1844.89     1702.21     1796.67           333506.35
01/09/2017     1653.02     1766.17     1642.19     1761.25           153439.34
01/06/2017     1554.62     1656.95     1550.69     1656.95           289458.92
01/05/2017     1495.59     1559.54     1495.59     1559.54           115489.85
01/04/2017     1489.68     1503.46     1476.89     1497.56           125988.46
01/03/2017     1489.68     1489.68     1426.71     1489.68           116033.58
12/29/2016     1460.17     1484.76     1455.25     1484.76           102399.61
12/28/2016     1441.47     1463.12     1435.57     1461.15            44962.12
12/27/2016     1411.95     1456.23     1411.95     1441.47            10747.61
12/23/2016     1416.87     1426.71     1411.95     1421.79            71406.84
12/22/2016     1422.78     1425.73     1405.07     1417.86           103964.75
12/21/2016     1416.87     1459.18     1411.95     1421.79           134876.21
12/20/2016     1414.90     1426.71     1402.11     1416.87           104203.58
12/19/2016     1407.03     1413.92     1401.13     1407.03           116877.13
12/16/2016     1414.90     1422.78     1403.10     1403.10           376608.60
12/15/2016     1403.10     1414.90     1377.52     1406.05            33096.55
12/14/2016     1397.19     1414.90     1397.19     1407.03            31678.78
12/13/2016     1395.23     1418.84     1387.35     1397.19            75324.77
12/12/2016     1421.79     1421.79     1380.47     1380.47            91306.45
12/09/2016     1423.76     1433.60     1388.34     1421.79           125866.51
12/08/2016     1388.34     1425.73     1377.52     1423.76            78897.14
12/07/2016     1365.71     1377.52     1356.85     1372.60            65080.23
12/06/2016     1338.16     1361.77     1328.32     1347.01            70009.40
12/05/2016     1367.68     1369.64     1333.24     1338.16            57600.10
12/02/2016     1381.45     1388.34     1315.53     1367.68           166382.22
12/01/2016     1436.55     1446.39     1380.47     1380.47           103492.16
11/29/2016     1409.00     1436.55     1391.29     1436.55           154557.30
11/28/2016     1426.71     1446.39     1426.71     1436.55            79496.77
11/25/2016     1415.89     1446.39     1411.95     1426.71            90991.39
11/24/2016     1406.05     1414.90     1401.13     1409.00            43214.05
11/23/2016     1407.03     1416.87     1367.68     1398.18           277801.69
11/22/2016     1407.03     1413.92     1377.52     1397.19            88409.93
11/21/2016     1379.48     1412.94     1372.60     1399.16           142915.32
11/18/2016     1350.95     1367.68     1339.14     1357.84           332662.80
11/17/2016     1414.90     1414.90     1313.56     1329.30           235131.38
11/16/2016     1377.52     1426.71     1377.52     1387.35           164181.88
11/15/2016     1416.87     1421.79     1377.52     1377.52           169385.45
11/14/2016     1461.15     1461.15     1426.71     1428.68           119524.65
11/11/2016     1527.07     1531.99     1458.20     1466.07           127914.40
11/10/2016     1568.40     1572.34     1533.96     1545.77            71965.82
11/09/2016     1534.94     1557.58     1482.80     1511.33           119727.92
11/08/2016     1619.56     1627.44     1525.11     1525.11           265046.84
11/07/2016     1662.86     1662.86     1601.85     1613.66           124773.96
11/04/2016     1712.05     1714.02     1685.49     1702.21            56289.04
11/03/2016     1697.30     1775.03     1682.54     1702.21            48163.54
11/02/2016     1750.43     1790.77     1700.25     1712.05            86214.67
10/28/2016     1771.09     1859.64     1747.48     1751.41            91972.14
10/27/2016     1790.77     1790.77     1766.17     1771.09            87159.85
10/26/2016     1849.81     1849.81     1782.90     1790.77            83668.78
10/25/2016     1859.64     1859.64     1825.21     1830.13            29834.16
10/24/2016     1870.47     1889.16     1820.29     1831.11            74054.37
10/21/2016     1899.00     1923.60     1842.92     1861.61           233759.34
10/20/2016     1879.32     1934.42     1869.48     1869.48           161219.30
10/19/2016     1906.87     1910.81     1858.66     1869.48            91245.47
10/18/2016     1839.97     1916.71     1838.98     1908.84            85609.96
10/17/2016     1810.45     1858.66     1809.46     1839.97            86585.63
10/14/2016     1771.09     1845.87     1771.09     1805.53            69785.81
10/13/2016     1780.93     1816.35     1767.15     1771.09            76341.09
10/12/2016     1798.64     1798.64     1761.25     1780.93            72819.53
10/11/2016     1791.75     1815.37     1790.77     1794.70           104193.42
10/10/2016     1792.74     1817.34     1771.09     1790.77           102811.22
10/07/2016     1870.47     1895.07     1771.09     1791.75           181728.69
10/06/2016     1948.20     1948.20     1854.73     1869.48           129794.59
10/05/2016     2007.24     2007.24     1928.52     1933.44           126801.52
10/04/2016     2066.27     2076.11     2007.24     2007.24            91677.40
10/03/2016     2017.08     2028.88     2009.20     2017.08            43529.11
09/30/2016     2076.11     2087.92     2007.24     2007.24            98512.18
09/29/2016     2062.34     2089.89     2062.34     2076.11           120449.50
09/28/2016     2056.43     2060.37     2044.63     2048.56            18268.40
09/27/2016     2046.59     2056.43     1997.40     2056.43            57844.02
09/26/2016     2056.43     2056.43     2038.72     2046.59            77896.07
09/23/2016     2083.98     2099.73     2036.75     2058.40            86280.73
09/22/2016     1987.56     2076.11     1977.72     2066.27           198091.49
09/21/2016     1967.88     1989.53     1965.91     1977.72            88857.11
09/20/2016     1948.20     1967.88     1948.20     1961.97            68901.61
09/19/2016     1949.18     1956.07     1928.52     1948.20            67356.80
09/16/2016     1965.91     1965.91     1929.51     1929.51           311467.39
09/15/2016     1964.93     1967.88     1948.20     1958.04           147539.59
09/14/2016     1958.04     1965.91     1942.30     1964.93            66198.19
09/13/2016     1967.88     1977.72     1943.28     1943.28            73866.35
09/09/2016     1987.56     1987.56     1948.20     1948.20            68068.22
09/08/2016     1943.28     1969.85     1943.28     1944.26            83247.01
09/07/2016     2048.56     2048.56     1967.88     1977.72           112227.45
09/06/2016     2001.33     2044.63     1997.40     2036.75            57676.32
09/05/2016     1995.43     2026.91     1995.43     2001.33            41501.54
09/02/2016     1967.88     1987.56     1964.93     1977.72            75766.87
09/01/2016     1987.56     1997.40     1942.30     1964.93            89969.98
08/31/2016     2036.75     2044.63     1938.36     1938.36           156945.66
08/30/2016     2078.08     2078.08     1981.65     1987.56           111373.74
08/26/2016     2093.82     2093.82     2042.66     2046.59            82062.99
08/25/2016     2072.18     2105.63     2072.18     2093.82            56441.49
08/24/2016     2083.98     2083.98     2070.21     2072.18            50663.69
08/23/2016     2117.44     2117.44     2072.18     2091.86            67524.49
08/22/2016     2115.47     2127.28     2103.66     2125.31            34239.92
08/19/2016     2115.47     2123.34     2091.86     2111.53            34377.12
08/18/2016     2115.47     2121.37     2072.18     2115.47            72057.29
08/17/2016     2111.53     2111.53     2072.18     2091.86           159943.81
08/16/2016     2105.63     2125.31     2097.76     2109.57            37009.40
08/15/2016     2095.79     2103.66     2066.27     2076.11            43834.01
08/12/2016     2085.95     2105.63     2076.11     2095.79           194437.81
08/11/2016     2115.47     2117.44     2076.11     2085.95            66528.49
08/10/2016     2154.83     2154.83     2111.53     2115.47           100321.23
08/09/2016     2192.22     2192.22     2150.89     2162.70           128839.25
08/08/2016     2213.86     2233.54     2192.22     2192.22           117492.01
08/05/2016     2227.64     2227.64     2207.96     2211.90           107140.76
08/04/2016     2207.96     2235.51     2204.02     2221.74            90356.18
08/03/2016     2213.86     2215.83     2196.15     2202.06            66492.92
08/02/2016     2233.54     2235.51     2198.12     2213.86            61634.90
08/01/2016     2202.06     2223.70     2200.09     2215.83           112283.35
07/29/2016     2213.86     2249.28     2204.02     2231.57            43147.99
07/28/2016     2243.38     2243.38     2202.06     2217.80            61634.90
07/27/2016     2227.64     2259.12     2211.90     2233.54            56405.92
07/26/2016     2213.86     2227.64     2205.99     2207.96            69597.79
07/25/2016     2245.35     2270.93     2209.93     2209.93           129840.33
07/22/2016     2290.61     2290.61     2241.41     2245.35            31511.09
07/21/2016     2298.48     2298.48     2249.28     2255.19            95280.27
07/20/2016     2302.42     2302.42     2263.06     2263.06           105458.74
07/19/2016     2276.84     2312.26     2257.16     2302.42            75771.95
07/18/2016     2310.29     2312.26     2263.06     2274.87            40317.53
07/15/2016     2288.64     2322.10     2274.87     2286.68            93562.68
07/14/2016     2274.87     2288.64     2253.22     2267.00            72108.11
07/13/2016     2320.13     2331.94     2253.22     2276.84            85157.69
07/12/2016     2349.65     2351.61     2312.26     2312.26            46552.67
07/11/2016     2361.45     2361.45     2267.00     2322.10           100819.23
07/08/2016     2312.26     2328.00     2302.42     2318.16            57066.53
07/07/2016     2361.45     2361.45     2302.42     2312.26            48747.93
07/05/2016     2324.07     2375.23     2316.19     2318.16            43793.35
07/04/2016     2322.10     2331.94     2282.74     2320.13            97922.71
07/01/2016     2361.45     2361.45     2316.19     2322.10            38411.92
06/30/2016     2400.81     2410.65     2333.90     2333.90           118259.33
06/29/2016     2367.36     2404.75     2367.36     2381.13           144698.97
06/28/2016     2359.49     2381.13     2331.94     2365.39           116678.95
06/27/2016     2318.16     2371.29     2263.06     2361.45            48549.74
06/24/2016     2361.45     2369.33     2302.42     2322.10           167530.66
06/23/2016     2353.58     2361.45     2337.84     2343.74            29412.38
06/22/2016     2302.42     2390.97     2294.55     2345.71            60654.15
06/21/2016     2274.87     2316.19     2249.28     2302.42           115815.07
06/20/2016     2280.77     2280.77     2239.45     2243.38           166417.79
06/17/2016     2265.03     2267.00     2235.51     2247.32           260539.45
06/16/2016     2243.38     2274.87     2243.38     2253.22           105280.89
06/15/2016     2263.06     2284.71     2233.54     2233.54            67778.57
06/14/2016     2322.10     2322.10     2253.22     2272.90            78261.94
06/13/2016     2296.51     2322.10     2233.54     2322.10            93140.91
06/10/2016     2349.65     2349.65     2302.42     2331.94            37908.84
06/09/2016     2371.29     2389.01     2326.03     2326.03            31973.52
06/08/2016     2361.45     2402.78     2322.10     2373.26            64643.22
06/07/2016     2381.13     2404.75     2351.61     2361.45            80777.34
06/06/2016     2312.26     2400.81     2308.32     2369.33            67224.68
06/03/2016     2341.78     2361.45     2282.74     2312.26            90462.90
06/02/2016     2408.68     2408.68     2359.49     2361.45            88374.35
06/01/2016     2371.29     2455.91     2341.78     2410.65           118884.37
05/31/2016     2312.26     2420.49     2312.26     2371.29           300394.55
05/30/2016     2184.34     2292.58     2176.47     2272.90            73983.22
05/27/2016     2113.50     2184.34     2113.50     2152.86            89283.96
05/26/2016     2125.31     2144.99     2080.05     2091.86           128727.45
05/25/2016     2125.31     2139.08     2117.44     2123.34            46979.52
05/24/2016     2119.41     2144.99     2117.44     2127.28            44204.96
05/23/2016     2133.18     2160.73     2127.28     2139.08            30072.99
05/20/2016     2190.25     2190.25     2125.31     2125.31            32222.52
05/19/2016     2204.02     2204.02     2174.51     2190.25            41725.14
05/18/2016     2198.12     2257.16     2192.22     2198.12            68317.22
05/17/2016     2194.18     2207.96     2184.34     2198.12           111038.35
05/16/2016     2154.83     2215.83     2154.83     2211.90            72407.92
05/13/2016     2215.83     2282.74     2211.90     2215.83            83556.98
05/12/2016     2213.86     2243.38     2204.02     2215.83            48605.64
05/11/2016     2186.31     2282.74     2186.31     2257.16           117674.94
05/10/2016     2068.24     2184.34     2068.24     2184.34           105453.66
05/06/2016     2117.44     2164.67     2117.44     2143.02           102770.57
05/05/2016     2131.21     2184.34     2066.27     2135.15            71833.70
05/04/2016     2135.15     2143.02     2068.24     2143.02            38320.45
05/03/2016     2115.47     2131.21     2095.79     2125.31            82931.95
05/02/2016     2143.02     2143.02     2044.63     2105.63            99645.38
04/29/2016     2174.51     2184.34     2141.05     2158.76            76950.89
04/28/2016     2174.51     2178.44     2160.73     2164.67           103537.89
04/27/2016     2154.83     2166.63     2143.02     2166.63           140440.58
04/26/2016     2164.67     2166.63     2152.86     2156.80            79567.92
04/25/2016     2144.99     2174.51     2125.31     2164.67            33767.33
04/22/2016     2131.21     2143.02     2119.41     2143.02            22841.86
04/21/2016     2087.92     2143.02     2076.11     2131.21            57859.26
04/20/2016     2154.83     2154.83     2097.76     2105.63           122878.52
04/19/2016     2133.18     2162.70     2078.08     2162.70            60298.44
04/18/2016     2119.41     2143.02     2105.63     2133.18            38859.10
04/15/2016     2078.08     2131.21     2078.08     2119.41            35037.73
04/14/2016     2085.95     2125.31     2076.11     2078.08            69938.26
04/13/2016     2050.53     2080.05     2036.75     2070.21           104467.83
04/12/2016     2064.30     2070.21     2046.59     2052.50            42375.58
04/11/2016     2085.95     2085.95     2042.66     2064.30            79522.18
04/08/2016     1981.65     2072.18     1981.65     2042.66            84776.57
04/07/2016     1997.40     2036.75     1975.75     2017.08            78216.21
04/06/2016     2017.08     2017.08     1975.75     2017.08            83145.37
04/05/2016     2064.30     2064.30     1997.40     2026.91            96250.86
04/04/2016     2046.59     2101.69     1971.81     1987.56            86936.26
04/01/2016     2164.67     2164.67     2048.56     2058.40           130226.53
03/31/2016     2141.05     2184.34     2141.05     2184.34           149943.19
03/30/2016     2095.79     2192.22     2095.79     2158.76           178334.17
03/29/2016     2095.79     2144.99     2095.79     2113.50           161000.79
03/28/2016     2072.18     2095.79     2050.53     2095.79            46384.98
03/23/2016     2131.21     2131.21     2040.69     2072.18           179558.84
03/22/2016     2174.51     2174.51     2068.24     2131.21           193167.41
03/21/2016     2164.67     2194.18     2148.92     2194.18            92632.75
03/18/2016     2144.99     2164.67     2127.28     2154.83           181367.90
03/17/2016     2066.27     2164.67     2066.27     2144.99           152931.18
03/16/2016     2036.75     2082.02     2001.33     2048.56           166102.73
03/15/2016     1918.68     2076.11     1918.68     2040.69           528853.77
03/14/2016     1830.13     1889.16     1830.13     1879.32           349264.43
03/11/2016     1718.94     1767.15     1718.94     1741.57            73769.80
03/10/2016     1683.52     1722.88     1683.52     1718.94            74344.02
03/09/2016     1672.70     1721.89     1672.70     1691.39            97307.83
03/08/2016     1687.46     1687.46     1673.68     1682.54            67189.10
03/07/2016     1712.05     1712.05     1674.66     1687.46            69557.14
03/04/2016     1740.59     1740.59     1689.42     1716.97            58062.53
03/03/2016     1707.13     1769.12     1707.13     1741.57            59963.05
03/02/2016     1689.42     1716.97     1689.42     1707.13           109894.99
03/01/2016     1674.66     1687.46     1644.16     1656.95           210790.44
02/29/2016     1762.23     1780.93     1721.89     1739.61           189508.64
02/26/2016     1787.82     1787.82     1771.09     1781.91           142229.30
02/24/2016     1789.79     1790.77     1783.88     1786.83           103964.75
02/23/2016     1796.67     1828.16     1780.93     1790.77            95808.76
02/22/2016     1810.45     1814.38     1780.93     1795.69            25591.01
02/19/2016     1848.82     1848.82     1805.53     1810.45            52142.44
02/18/2016     1863.58     1864.57     1835.05     1848.82            93898.07
02/17/2016     1857.68     1857.68     1839.97     1840.95            62600.41
02/16/2016     1858.66     1863.58     1857.68     1858.66            87017.56
02/15/2016     1825.21     1868.50     1818.32     1836.03           118040.82
02/12/2016     1825.21     1825.21     1795.69     1820.29            18801.97
02/11/2016     1801.59     1838.00     1796.67     1825.21           103238.08
02/10/2016     1822.26     1846.85     1795.69     1844.89            31633.05
02/09/2016     1874.40     1874.40     1795.69     1844.89            33868.96
02/05/2016     1834.06     1867.52     1834.06     1867.52            97500.93
02/04/2016     1796.67     1828.16     1796.67     1825.21            83008.17
02/03/2016     1835.05     1835.05     1771.09     1780.93            56878.51
02/02/2016     1849.81     1849.81     1833.08     1840.95            41135.67
02/01/2016     1839.97     1862.60     1839.97     1851.77            88445.50
01/29/2016     1818.32     1860.63     1817.34     1834.06           170615.20
01/28/2016     1808.48     1808.48     1771.09     1800.61            72951.66
01/27/2016     1676.63     1810.45     1676.63     1810.45            95087.17
01/26/2016     1715.01     1715.01     1671.71     1707.13            74511.71
01/25/2016     1690.41     1726.81     1690.41     1720.91            82789.66
01/22/2016     1708.12     1708.12     1659.91     1690.41            51771.49
01/21/2016     1646.13     1667.78     1645.15     1659.91            77306.60
01/20/2016     1654.00     1718.94     1653.02     1677.62            87967.83
01/19/2016     1708.12     1708.12     1672.70     1675.65            41755.62
01/18/2016     1643.18     1666.79     1623.50     1658.92            92160.16
01/15/2016     1667.78     1721.89     1662.86     1667.78            84827.39
01/14/2016     1662.86     1669.74     1641.21     1648.10            49713.43
01/13/2016     1658.92     1683.52     1658.92     1679.58           163445.04
01/12/2016     1672.70     1719.93     1654.00     1654.00            86570.38
01/11/2016     1729.77     1729.77     1657.94     1658.92            87525.73
01/08/2016     1731.73     1761.25     1728.78     1729.77            90046.21
01/07/2016     1763.22     1763.22     1731.73     1731.73            82632.13
01/06/2016     1766.17     1782.90     1761.25     1768.14           100326.31
01/05/2016     1780.93     1780.93     1751.41     1776.01            82698.19
01/04/2016     1825.21     1825.21     1771.09     1782.90            80604.57
12/29/2015     1903.92     1903.92     1820.29     1822.26            40774.87
12/28/2015     1849.81     1903.92     1849.81     1903.92            50765.33
12/23/2015     1889.16     1898.02     1869.48     1869.48            27328.92
12/22/2015     1849.81     1869.48     1849.81     1869.48            28579.00
12/21/2015     1859.64     1859.64     1839.97     1849.81            20026.64
12/18/2015     1839.97     1859.64     1794.70     1859.64            67468.59
12/17/2015     1854.73     1868.50     1650.07     1839.97            81753.01
12/16/2015     1761.25     1800.61     1737.64     1785.85            54967.82
12/15/2015     1767.15     1768.14     1721.89     1721.89            62051.59
12/14/2015     1751.41     1771.09     1721.89     1721.89            73485.22
12/11/2015     1811.43     1828.16     1761.25     1761.25           125383.75
12/10/2015     1887.20     1889.16     1811.43     1811.43           147615.81
12/09/2015     1900.97     1900.97     1889.16     1889.16            39712.82
12/08/2015     1944.26     1947.22     1896.05     1908.84            91291.20
12/07/2015     1956.07     1971.81     1942.30     1942.30            23299.20
12/04/2015     1973.78     1973.78     1949.18     1956.07            67189.10
12/03/2015     2013.14     2013.14     1969.85     1975.75            56355.10
12/02/2015     2015.11     2015.11     1995.43     2009.20            69120.12
12/01/2015     1948.20     2009.20     1940.33     2001.33           159816.77
11/27/2015     1965.91     1977.72     1946.23     1967.88           111958.13
11/26/2015     1973.78     1979.69     1962.96     1962.96           114753.01
11/25/2015     1963.94     1973.78     1959.02     1960.01           118091.64
11/24/2015     1967.88     1979.69     1956.07     1963.94            73226.06
11/23/2015     1967.88     1987.56     1960.99     1966.89            81361.73
11/20/2015     1973.78     1977.72     1911.79     1967.88           147956.28
11/17/2015     1977.72     2015.11     1977.72     1987.56           120947.50
11/16/2015     2036.75     2036.75     1967.88     1969.85            45571.92
11/13/2015     1999.37     2062.34     1973.78     2062.34            25260.70
11/12/2015     2038.72     2103.66     1999.37     1999.37            90767.80
11/11/2015     2083.98     2083.98     2038.72     2050.53            55892.68
11/10/2015     2105.63     2105.63     2097.76     2103.66           101718.67
11/09/2015     2129.24     2144.99     2129.24     2135.15            28970.28
11/06/2015     2121.37     2139.08     2111.53     2123.34            25977.21
11/05/2015     2144.99     2144.99     2107.60     2123.34            57549.28
11/04/2015     2253.22     2253.22     2139.08     2146.96            72540.04
11/03/2015     2261.09     2261.09     2215.83     2233.54           125155.08
11/02/2015     2243.38     2284.71     2241.41     2267.00            54571.46
10/30/2015     2223.70     2261.09     2221.74     2243.38           101561.14
10/29/2015     2282.74     2288.64     2237.48     2272.90            68266.41
10/28/2015     2312.26     2312.26     2263.06     2282.74            21972.90
10/27/2015     2355.55     2355.55     2245.35     2312.26            24564.52
10/26/2015     2312.26     2341.78     2312.26     2333.90            83170.78
10/23/2015     2249.28     2302.42     2249.28     2290.61            92637.83
10/22/2015     2263.06     2280.77     2247.32     2272.90            45018.02
10/21/2015     2215.83     2290.61     2215.83     2263.06            13334.16
10/20/2015     2300.45     2300.45     2261.09     2263.06            43645.99
10/19/2015     2263.06     2263.06     2202.06     2263.06            40581.77
10/16/2015     2249.28     2257.16     2200.09     2257.16            61838.16
10/15/2015     2144.99     2223.70     2144.99     2198.12            60085.01
10/14/2015     2257.16     2257.16     2127.28     2144.99            69643.52
10/13/2015     2263.06     2263.06     2168.60     2213.86            71635.52
10/12/2015     2215.83     2263.06     2213.86     2263.06            60643.99
10/09/2015     2245.35     2268.96     2205.99     2205.99            58443.65
10/08/2015     2292.58     2292.58     2243.38     2245.35            73673.24
10/07/2015     2284.71     2296.51     2263.06     2292.58            84405.61
10/06/2015     2304.39     2308.32     2272.90     2302.42           151604.88
10/05/2015     2312.26     2318.16     2263.06     2292.58           191836.02
10/02/2015     2349.65     2349.65     2270.93     2316.19            57005.55
10/01/2015     2282.74     2331.94     2282.74     2318.16            38467.82
09/30/2015     2312.26     2328.00     2272.90     2310.29            82845.56
09/29/2015     2331.94     2331.94     2284.71     2312.26            85523.57
09/28/2015     2339.81     2363.42     2292.58     2331.94           107654.00
09/24/2015     2450.01     2450.01     2322.10     2341.78           115845.56
09/23/2015     2463.78     2463.78     2392.94     2414.59           231574.25
09/22/2015     2485.43     2485.43     2479.53     2483.46            28960.12
09/21/2015     2507.08     2507.08     2463.78     2483.46             8430.40
09/18/2015     2479.53     2505.11     2469.69     2487.40            81925.79
09/17/2015     2518.89     2528.72     2465.75     2469.69           203615.20
09/16/2015     2518.89     2532.66     2501.17     2505.11            83897.45
09/15/2015     2526.76     2536.59     2507.08     2532.66            94370.66
09/14/2015     2503.14     2526.76     2459.85     2526.76            80858.65
09/11/2015     2489.37     2491.33     2461.82     2479.53            31836.31
09/10/2015     2507.08     2507.08     2430.33     2479.53           165670.79
09/09/2015     2479.53     2528.72     2459.85     2528.72            56004.47
09/08/2015     2499.21     2499.21     2459.85     2471.66            31948.11
09/07/2015     2518.89     2518.89     2471.66     2509.05            31363.72
09/04/2015     2499.21     2526.76     2499.21     2518.89            68977.83
09/03/2015     2538.56     2538.56     2530.69     2534.63            63225.45
09/02/2015     2538.56     2538.56     2459.85     2532.66           116318.15
09/01/2015     2534.63     2572.02     2534.63     2540.53           212706.21
08/28/2015     2459.85     2554.31     2459.85     2534.63           107110.27
08/27/2015     2459.85     2469.69     2430.33     2453.95           254055.31
08/26/2015     2412.62     2503.14     2400.81     2430.33           126562.69
08/25/2015     2290.61     2489.37     2290.61     2410.65            95757.94
08/24/2015     2459.85     2509.05     2410.65     2410.65           207695.74
08/20/2015     2609.41     2611.38     2568.08     2581.86            57412.08
08/19/2015     2577.92     2607.44     2532.66     2607.44            68550.98
08/18/2015     2540.53     2587.76     2530.69     2577.92            39468.90
08/17/2015     2607.44     2607.44     2546.43     2558.24            53311.22
08/14/2015     2560.21     2625.15     2560.21     2593.66            36648.60
08/13/2015     2558.24     2627.12     2558.24     2613.34            75741.46
08/12/2015     2495.27     2636.96     2495.27     2558.24           125175.41
08/11/2015     2636.96     2638.93     2587.76     2597.60            42355.26
08/10/2015     2607.44     2636.96     2603.50     2609.41           134322.31
08/07/2015     2617.28     2646.80     2605.47     2607.44           165325.24
08/06/2015     2636.96     2664.51     2623.18     2623.18           125963.06
08/05/2015     2627.12     2654.67     2621.21     2631.05           172434.42
08/04/2015     2579.89     2640.89     2579.89     2627.12           294753.96
08/03/2015     2542.50     2597.60     2536.59     2591.70           163272.27
07/31/2015     2530.69     2544.47     2501.17     2538.56           113015.10
07/30/2015     2507.08     2540.53     2499.21     2530.69           265875.14
07/29/2015     2479.53     2509.05     2479.53     2497.24           166727.77
07/28/2015     2469.69     2469.69     2434.27     2459.85           119793.98
07/27/2015     2479.53     2499.21     2479.53     2485.43           133077.32
07/24/2015     2487.40     2497.24     2485.43     2485.43           110347.26
07/23/2015     2410.65     2499.21     2410.65     2487.40            88887.60
07/22/2015     2499.21     2499.21     2479.53     2489.37            88592.86
07/21/2015     2489.37     2507.08     2479.53     2503.14            82159.54
07/20/2015     2485.43     2499.21     2459.85     2487.40           225664.33
07/16/2015     2479.53     2493.30     2463.78     2485.43            98684.95
07/15/2015     2455.91     2469.69     2444.11     2459.85           220237.17
07/14/2015     2341.78     2438.20     2341.78     2416.55           177195.89
07/13/2015     2345.71     2345.71     2314.22     2341.78           144028.20
07/10/2015     2349.65     2363.42     2345.71     2345.71            87068.38
07/09/2015     2347.68     2381.13     2341.78     2349.65           214139.23
07/08/2015     2422.46     2436.23     2361.45     2371.29           124443.65
07/07/2015     2361.45     2426.39     2361.45     2367.36           171473.99
07/06/2015     2442.14     2442.14     2351.61     2361.45           108360.34
07/03/2015     2473.62     2499.21     2440.17     2442.14            51669.85
07/02/2015     2465.75     2518.89     2448.04     2459.85           143941.81
07/01/2015     2469.69     2471.66     2457.88     2461.82            75649.99
06/30/2015     2509.05     2534.63     2469.69     2469.69           132696.20
06/29/2015     2548.40     2548.40     2485.43     2485.43            88115.19
06/26/2015     2522.82     2548.40     2522.82     2532.66            55333.70
06/25/2015     2558.24     2558.24     2522.82     2522.82            38162.92
06/24/2015     2518.89     2605.47     2518.89     2548.40            80934.87
06/23/2015     2548.40     2560.21     2528.72     2528.72            26114.42
06/22/2015     2548.40     2552.34     2546.43     2548.40            68246.08
06/19/2015     2595.63     2605.47     2542.50     2544.47            55333.70
06/18/2015     2597.60     2597.60     2540.53     2558.24           385293.08
06/17/2015     2575.95     2577.92     2540.53     2573.99            62900.22
06/16/2015     2597.60     2597.60     2558.24     2575.95           172505.56
06/15/2015     2607.44     2627.12     2597.60     2599.57           182612.89
06/11/2015     2589.73     2676.32     2587.76     2654.67           189498.48
06/10/2015     2573.99     2607.44     2560.21     2587.76            97836.32
06/09/2015     2599.57     2656.64     2548.40     2550.37           150995.09
06/08/2015     2636.96     2646.80     2609.41     2623.18            54322.46
06/05/2015     2656.64     2662.54     2613.34     2658.60            44306.60
06/04/2015     2599.57     2676.32     2599.57     2656.64           158089.02
06/03/2015     2538.56     2648.76     2514.95     2599.57           165040.67
06/02/2015     2550.37     2577.92     2511.01     2562.18            60339.09
06/01/2015     2509.05     2577.92     2509.05     2564.15            64378.97
05/29/2015     2585.79     2607.44     2509.05     2509.05           169868.20
05/28/2015     2607.44     2607.44     2518.89     2587.76            69023.57
05/27/2015     2558.24     2615.31     2530.69     2607.44            72911.00
05/26/2015     2558.24     2601.53     2511.01     2558.24           135109.96
05/25/2015     2566.11     2568.08     2556.27     2558.24            27283.19
05/22/2015     2512.98     2566.11     2467.72     2566.11           213122.91
05/21/2015     2505.11     2509.05     2467.72     2467.72            87154.77
05/20/2015     2455.91     2532.66     2400.81     2524.79            90610.27
05/19/2015     2459.85     2477.56     2396.88     2400.81            69790.89
05/18/2015     2509.05     2528.72     2410.65     2410.65            75873.58
05/15/2015     2463.78     2542.50     2463.78     2509.05            66345.56
05/14/2015     2312.26     2469.69     2312.26     2463.78           171606.12
05/13/2015     2172.54     2292.58     2172.54     2290.61            91967.06
05/12/2015     2154.83     2202.06     2148.92     2164.67            18654.61
05/11/2015     2194.18     2202.06     2150.89     2202.06            25281.03
05/08/2015     2162.70     2164.67     2146.96     2148.92            32913.62
05/07/2015     2141.05     2211.90     2141.05     2160.73            55221.90
05/06/2015     2144.99     2194.18     2144.99     2194.18           126603.34
05/05/2015     2146.96     2186.31     2146.96     2176.47            26490.46
05/04/2015     2146.96     2154.83     2144.99     2146.96           126689.73
04/30/2015     2198.12     2198.12     2144.99     2146.96           110301.52
04/29/2015     2194.18     2204.02     2125.31     2125.31            47726.52
04/28/2015     2243.38     2302.42     2194.18     2194.18            89660.00
04/27/2015     2225.67     2282.74     2225.67     2282.74            61411.31
04/24/2015     2204.02     2233.54     2194.18     2225.67            41516.79
04/23/2015     2139.08     2207.96     2139.08     2204.02            71975.99
04/22/2015     2144.99     2164.67     2125.31     2137.12            84054.98
04/21/2015     2209.93     2209.93     2125.31     2144.99            76452.89
04/20/2015     2174.51     2174.51     2007.24     2160.73            91585.94
04/17/2015     2166.63     2221.74     2166.63     2204.02            40160.00
04/16/2015     2154.83     2227.64     2154.83     2166.63            63819.99
04/15/2015     2233.54     2241.41     2154.83     2154.83            72839.86
04/14/2015     2204.02     2233.54     2204.02     2233.54            45571.92
04/13/2015     2194.18     2204.02     2164.67     2184.34            41826.77
04/10/2015     2180.41     2202.06     2144.99     2164.67           214413.64
04/08/2015     2174.51     2174.51     2121.37     2164.67           141228.23
04/07/2015     2085.95     2213.86     2085.95     2174.51            53829.54
04/06/2015     2026.91     2105.63     2026.91     2105.63            46425.63
04/01/2015     1997.40     2056.43     1997.40     2028.88            66757.17
03/31/2015     2026.91     2044.63     1981.65     1981.65            83663.70
03/30/2015     1995.43     2026.91     1995.43     2007.24           132965.52
03/27/2015     1987.56     2007.24     1969.85     1969.85            70075.46
03/26/2015     1967.88     1991.49     1967.88     1991.49            71645.68
03/25/2015     1952.14     1987.56     1952.14     1977.72           128275.19
03/24/2015     1918.68     1961.97     1918.68     1952.14            85355.88
03/23/2015     1918.68     1943.28     1908.84     1941.31            68185.10
03/20/2015     1899.00     1938.36     1899.00     1908.84            50694.18
03/19/2015     1913.76     1948.20     1913.76     1928.52           163729.61
03/18/2015     1908.84     1913.76     1899.99     1908.84            92292.28
03/17/2015     1904.91     1913.76     1904.91     1908.84            57127.51
03/16/2015     1889.16     1918.68     1889.16     1904.91            18176.93
03/13/2015     1907.86     1918.68     1907.86     1911.79            45637.98
03/12/2015     1899.00     1913.76     1894.08     1907.86            51436.10
03/11/2015     1903.92     1923.60     1879.32     1907.86            63789.50
03/10/2015     1908.84     1918.68     1899.00     1907.86            58880.67
03/09/2015     1877.36     1908.84     1859.64     1908.84            28584.08
03/06/2015     1899.00     1916.71     1899.00     1908.84            23543.12
03/05/2015     1907.86     1913.76     1889.16     1906.87            29224.36
03/04/2015     1901.95     1908.84     1897.04     1907.86            26155.07
03/03/2015     1900.97     1903.92     1886.21     1901.95            76269.95
03/02/2015     1875.39     1899.00     1859.64     1899.00            25707.89
02/27/2015     1899.00     1899.00     1869.48     1874.40            54063.29
02/26/2015     1899.00     1899.00     1882.28     1889.16            51420.86
02/25/2015     1879.32     1899.00     1879.32     1897.04            97948.12
02/24/2015     1879.32     1889.16     1875.39     1879.32            45826.00
02/23/2015     1869.48     1889.16     1869.48     1879.32            37436.25
02/20/2015     1884.24     1889.16     1860.63     1869.48            35987.99
02/18/2015     1864.57     1928.52     1859.64     1884.24            72504.47
02/17/2015     1861.61     1869.48     1843.90     1859.64            20128.27
02/16/2015     1880.31     1889.16     1839.97     1843.90            60008.78
02/13/2015     1878.34     1883.26     1844.89     1877.36            31800.74
02/12/2015     1864.57     1897.04     1863.58     1889.16            73398.84
02/11/2015     1879.32     1885.23     1859.64     1864.57            37476.91
02/10/2015     1854.73     1899.00     1854.73     1879.32           117441.19
02/09/2015     1864.57     1864.57     1823.24     1849.81            13039.42
02/06/2015     1794.70     1864.57     1783.88     1864.57           137742.24
02/05/2015     1742.56     1795.69     1742.56     1795.69           239770.89
02/04/2015     1726.81     1746.49     1726.81     1741.57            26256.70
02/03/2015     1721.89     1744.52     1702.21     1726.81            18817.22
02/02/2015     1717.96     1744.52     1697.30     1744.52            26795.35
01/30/2015     1731.73     1731.73     1707.13     1717.96            36521.56
01/29/2015     1721.89     1740.59     1698.28     1712.05            46359.57
01/28/2015     1731.73     1731.73     1705.17     1721.89            84695.27
01/27/2015     1760.27     1760.27     1692.38     1704.18            48905.46
01/26/2015     1731.73     1760.27     1731.73     1760.27            32756.09
01/23/2015     1722.88     1740.59     1720.91     1731.73            44108.41
01/22/2015     1721.89     1721.89     1700.25     1712.05            27313.68
01/21/2015     1719.93     1721.89     1715.99     1720.91            60288.27
01/20/2015     1702.21     1718.94     1692.38     1712.05            86433.18
01/19/2015     1704.18     1719.93     1692.38     1697.30            42533.11
01/14/2015     1692.38     1715.99     1692.38     1703.20            48011.09
01/13/2015     1684.50     1715.99     1684.50     1690.41            35088.55
01/12/2015     1684.50     1684.50     1678.60     1684.50            22958.73
01/09/2015     1688.44     1715.01     1683.52     1684.50            51405.61
01/08/2015     1694.34     1721.89     1684.50     1687.46            45815.83
01/07/2015     1682.54     1713.04     1682.54     1692.38            30657.38
01/06/2015     1683.52     1720.91     1683.52     1716.97            22140.59
01/05/2015     1721.89     1721.89     1715.99     1721.89            13186.79
