GTCAP  1216

12/27/2019      845.00      881.00      845.00      847.00           197790.00
12/26/2019      852.00      879.00      845.00      879.00            66230.00
12/23/2019      838.00      855.00      824.50      854.00           105950.00
12/20/2019      814.00      839.00      783.00      839.00           272850.00
12/19/2019      825.00      826.00      811.00      814.50           157670.00
12/18/2019      830.00      840.00      824.00      824.00           108630.00
12/17/2019      856.00      869.50      828.00      830.00            89210.00
12/16/2019      890.00      897.00      856.00      856.00            83200.00
12/13/2019      895.00      898.00      883.00      895.00           114250.00
12/12/2019      874.00      895.00      872.00      891.00            99120.00
12/11/2019      873.00      884.50      873.00      874.00            27300.00
12/10/2019      895.00      895.00      873.00      873.00            25150.00
12/09/2019      900.00      900.00      890.50      900.00            67700.00
12/06/2019      902.00      902.00      881.00      900.00            97710.00
12/05/2019      893.50      900.00      891.00      895.00            45140.00
12/04/2019      898.00      904.00      893.50      899.00            66410.00
12/03/2019      905.00      905.00      894.50      900.00            51160.00
12/02/2019      899.00      904.00      894.00      899.50            54970.00
11/29/2019      880.00      895.50      880.00      894.50            81560.00
11/28/2019      875.00      895.50      875.00      893.50            35410.00
11/27/2019      878.00      890.00      872.50      880.00            61490.00
11/26/2019      882.00      882.00      872.00      878.00           285090.00
11/25/2019      871.50      892.50      871.00      880.00            40760.00
11/22/2019      876.50      895.00      874.00      894.00            85660.00
11/21/2019      890.00      890.00      871.50      876.50            74390.00
11/20/2019      890.00      898.50      885.00      891.00            47390.00
11/19/2019      882.00      900.00      882.00      900.00            77700.00
11/18/2019      900.00      900.00      876.00      890.00            20230.00
11/15/2019      898.00      900.50      889.00      900.00           106100.00
11/14/2019      899.50      899.50      881.50      890.00            36320.00
11/13/2019      903.00      903.00      871.00      902.00            75210.00
11/12/2019      890.00      909.50      875.00      904.00            47340.00
11/11/2019      900.00      901.50      880.00      890.00            64800.00
11/08/2019      898.00      900.00      890.00      900.00            42630.00
11/07/2019      914.00      914.00      897.00      901.00            34240.00
11/06/2019      910.00      914.00      900.50      905.00            66850.00
11/05/2019      905.00      914.00      890.50      910.00           106710.00
11/04/2019      894.00      905.00      892.50      905.00            39970.00
10/31/2019      892.00      896.00      875.00      894.00            84230.00
10/30/2019      888.00      896.50      873.50      893.50            67440.00
10/29/2019      867.00      888.00      866.00      888.00            59110.00
10/28/2019      880.00      880.00      865.50      870.00            40770.00
10/25/2019      879.00      881.50      876.00      880.00            54550.00
10/24/2019      869.00      875.00      865.50      870.00            38850.00
10/23/2019      880.00      880.00      863.00      869.50            57600.00
10/22/2019      860.00      890.00      857.00      880.00           110120.00
10/21/2019      873.00      875.00      860.00      865.00            32930.00
10/18/2019      864.50      874.00      860.50      873.00            44320.00
10/17/2019      862.00      862.50      855.50      862.00           152000.00
10/16/2019      853.00      862.50      850.50      860.00           109870.00
10/15/2019      849.00      864.50      840.00      853.00            64570.00
10/14/2019      848.00      865.00      844.00      849.00            52960.00
10/11/2019      840.50      852.00      839.50      844.00           112300.00
10/10/2019      834.00      847.00      833.00      840.00            23640.00
10/09/2019      855.00      855.00      834.00      834.00            26130.00
10/08/2019      840.00      860.00      840.00      850.00            60900.00
10/07/2019      840.00      848.50      837.00      846.00            38300.00
10/04/2019      830.00      840.50      826.00      840.00            19090.00
10/03/2019      830.00      830.00      826.50      828.00            46620.00
10/02/2019      843.00      843.00      830.00      835.00            74500.00
10/01/2019      840.00      847.00      836.50      844.00            30840.00
09/30/2019      838.00      847.50      835.00      842.00            86750.00
09/27/2019      841.00      860.00      836.00      836.00            16850.00
09/26/2019      833.00      848.00      833.00      841.00            85970.00
09/25/2019      845.00      860.00      825.50      833.00           159460.00
09/24/2019      860.00      861.00      845.00      845.00           143650.00
09/23/2019      885.00      885.00      851.50      860.00           117640.00
09/20/2019      892.00      900.00      880.00      880.00           206310.00
09/19/2019      885.50      885.50      871.50      880.00           117160.00
09/18/2019      897.00      897.00      886.00      890.00            73850.00
09/17/2019      907.00      917.50      889.50      898.00            89670.00
09/16/2019      920.00      920.00      900.50      919.00            70760.00
09/13/2019      930.00      930.00      912.00      920.00           124050.00
09/12/2019      921.00      930.00      921.00      929.50            73550.00
09/11/2019      920.50      935.00      919.50      930.00           214320.00
09/10/2019      921.00      935.00      917.00      930.00           207890.00
09/09/2019      900.50      923.00      900.00      921.00            84240.00
09/06/2019      912.50      915.00      900.00      900.00           116000.00
09/05/2019      913.00      917.50      901.50      912.50           111590.00
09/04/2019      904.50      917.00      898.00      915.00           109470.00
09/03/2019      912.00      917.50      897.00      912.00            41820.00
09/02/2019      910.00      915.00      885.50      910.00            80970.00
08/30/2019      891.00      914.00      890.00      908.00           210620.00
08/29/2019      868.00      890.00      865.00      890.00           169010.00
08/28/2019      853.50      881.00      853.00      881.00            56800.00
08/27/2019      860.00      866.50      851.00      853.50           276540.00
08/23/2019      850.00      866.50      850.00      864.00            93980.00
08/22/2019      874.00      874.50      850.00      856.50           274780.00
08/20/2019      883.50      888.50      865.00      888.50            73420.00
08/19/2019      870.00      884.00      852.50      884.00           119130.00
08/16/2019      865.00      881.00      863.00      870.00           151840.00
08/15/2019      849.50      875.00      830.00      864.50           117910.00
08/14/2019      855.00      898.00      849.00      858.00           234250.00
08/13/2019      882.00      882.00      850.00      855.00           107210.00
08/09/2019      900.00      903.00      882.00      882.00            45740.00
08/08/2019      909.50      918.00      885.00      900.00            80140.00
08/07/2019      884.00      909.50      883.00      909.50           187720.00
08/06/2019      892.00      898.00      872.00      887.00           200700.00
08/05/2019      919.50      919.50      900.00      903.50           107380.00
08/02/2019      920.00      928.50      898.00      928.50           119260.00
08/01/2019      926.00      926.00      913.00      921.00            50240.00
07/31/2019      953.00      953.00      927.00      927.00            86960.00
07/30/2019      960.00      963.50      950.00      955.00            80030.00
07/29/2019      965.00      968.00      941.00      967.00            91620.00
07/26/2019      967.00      969.00      939.00      969.00           162730.00
07/25/2019      924.00      972.00      908.50      972.00           147020.00
07/24/2019      915.00      936.50      910.00      924.00           256130.00
07/23/2019      910.00      929.00      909.50      924.00           124180.00
07/22/2019      908.00      918.50      908.00      910.00            75940.00
07/19/2019      930.00      935.00      917.50      920.00            74370.00
07/18/2019      914.00      930.00      914.00      930.00           120300.00
07/17/2019      915.00      922.50      910.00      910.50            49530.00
07/16/2019      907.50      932.00      900.50      923.00           191200.00
07/15/2019      900.00      910.00      895.00      908.00           128340.00
07/12/2019      881.00      901.00      881.00      900.00           317720.00
07/11/2019      850.00      877.00      850.00      875.00           152630.00
07/10/2019      846.00      850.00      835.00      845.00            84920.00
07/09/2019      840.00      858.00      840.00      846.00           112940.00
07/08/2019      859.00      866.00      840.00      840.00            55180.00
07/05/2019      878.00      878.00      855.00      855.00            65630.00
07/04/2019      870.00      875.50      865.00      865.00            41270.00
07/03/2019      861.00      893.50      856.00      869.00           107320.00
07/02/2019      856.48      865.74      853.70      856.48            62402.40
07/01/2019      870.37      875.93      853.70      853.70            47865.60
06/28/2019      870.37      874.07      854.63      870.37            48243.60
06/27/2019      851.85      870.37      850.93      870.37            66592.80
06/26/2019      850.93      852.32      835.18      851.85            85384.80
06/25/2019      871.30      871.30      843.52      852.32           139017.60
06/24/2019      887.96      887.96      871.30      871.30            82695.60
06/21/2019      879.63      889.82      863.89      889.82           201808.80
06/20/2019      851.85      888.89      834.26      888.89           138888.00
06/19/2019      805.56      851.85      805.56      851.85           220136.40
06/18/2019      787.50      814.82      787.50      814.82           273596.40
06/17/2019      810.18      814.35      787.50      787.50            38750.40
06/14/2019      811.57      814.82      798.61      810.18           110311.20
06/13/2019      815.74      815.74      792.13      799.07            80697.60
06/11/2019      825.93      832.41      817.59      819.44            45997.20
06/10/2019      812.96      827.78      805.56      826.85            47174.40
06/07/2019      797.22      813.89      794.91      813.89            29019.60
06/06/2019      805.56      805.56      787.04      797.22            83494.80
06/04/2019      805.56      808.80      791.67      794.44            79779.60
06/03/2019      803.24      817.13      800.00      800.93            98096.40
05/31/2019      808.33      822.22      799.07      799.07           127396.80
05/30/2019      810.18      820.37      805.56      807.41            55166.40
05/29/2019      800.93      814.82      800.93      807.41            50414.40
05/28/2019      833.33      833.33      799.54      799.54           339238.81
05/27/2019      818.06      842.59      811.11      834.26           146664.00
05/24/2019      819.44      819.44      796.30      818.06            82231.20
05/23/2019      814.82      825.46      803.70      819.44            90914.40
05/22/2019      803.70      814.82      787.96      814.82            71010.00
05/21/2019      787.04      802.78      778.24      787.50            50770.80
05/20/2019      775.93      787.04      759.26      787.04            85989.60
05/17/2019      741.20      777.78      740.74      759.26           106736.40
05/16/2019      739.35      744.91      737.96      741.20           130053.60
05/15/2019      756.02      761.11      737.96      737.96           122644.80
05/14/2019      785.18      785.18      750.46      754.63           204454.80
05/10/2019      782.41      800.93      782.41      787.04           338925.61
05/09/2019      796.30      799.07      782.41      782.41           421243.21
05/08/2019      824.07      825.00      791.67      791.67           114004.80
05/07/2019      823.15      839.35      809.72      832.41            68655.60
05/06/2019      828.70      831.02      810.18      822.22            90514.80
05/03/2019      812.96      831.48      812.04      824.07           445273.21
05/02/2019      800.93      813.43      800.93      812.96            63266.40
04/30/2019      802.32      813.89      793.52      800.93           121575.60
04/29/2019      800.93      824.07      796.30      800.93           465447.61
04/26/2019      789.82      812.04      789.35      796.30            63061.20
04/25/2019      788.89      804.17      767.13      788.89           557820.01
04/24/2019      787.04      801.39      785.18      787.96            56300.40
04/23/2019      793.06      793.06      787.04      787.04            61970.40
04/22/2019      798.15      798.61      789.35      793.06           463255.21
04/17/2019      795.37      805.09      795.37      798.15           182800.80
04/16/2019      807.41      810.18      789.82      794.91           175100.40
04/15/2019      805.56      810.18      793.52      793.52           119642.40
04/12/2019      808.33      817.13      801.85      805.56            49377.60
04/11/2019      833.33      833.80      801.85      801.85           181634.40
04/10/2019      837.96      842.13      824.07      833.33           219596.40
04/08/2019      830.56      837.96      819.91      823.61           125344.80
04/05/2019      825.93      850.93      825.00      829.63            33760.80
04/04/2019      833.33      841.67      815.74      825.46           168145.20
04/03/2019      824.07      840.28      824.07      833.33            89434.80
04/02/2019      849.07      849.07      819.44      824.07           134470.80
04/01/2019      868.52      877.78      830.56      847.22           234716.40
03/29/2019      906.48      908.33      862.50      862.50           235256.40
03/28/2019      896.30      907.41      883.80      907.41            77403.60
03/27/2019      915.74      915.74      879.63      888.43           154062.00
03/26/2019      934.26      945.37      912.50      918.52           103253.40
03/25/2019      958.33      958.33      920.37      935.18           139282.20
03/22/2019      952.78      962.96      950.00      962.96           106196.40
03/21/2019      938.89      952.78      938.89      950.93            77430.60
03/20/2019      925.93      942.59      925.00      942.59           145497.60
03/19/2019      927.78      927.78      921.76      925.93            75416.40
03/18/2019      921.30      925.93      909.26      921.30           255981.60
03/15/2019      925.93      927.78      901.85      921.30           360444.61
03/14/2019      919.44      929.63      910.18      925.93           167454.00
03/13/2019      912.04      921.30      902.32      919.91            76928.40
03/12/2019      893.52      922.22      893.52      902.32           213775.20
03/11/2019      919.44      919.44      888.89      893.52           168901.20
03/08/2019      924.07      925.93      917.13      919.44           122623.20
03/07/2019      912.96      924.07      905.56      924.07            56084.40
03/06/2019      868.52      903.70      865.28      902.78           138304.80
03/05/2019      888.43      888.89      856.48      868.52           120495.60
03/04/2019      867.59      885.18      861.57      875.00            90730.80
03/01/2019      870.37      895.83      851.85      861.11           204174.00
02/28/2019      893.52      909.26      870.83      884.26           245905.20
02/27/2019      925.00      939.82      882.87      884.26           115214.40
02/26/2019      937.96      958.33      916.67      924.54            89380.80
02/22/2019      958.33      961.11      916.67      927.78            63131.40
02/21/2019      944.44      958.33      932.41      958.33           130491.00
02/20/2019      925.93      949.07      925.93      943.52            89791.20
02/19/2019      925.93      934.26      924.07      925.93            91627.20
02/18/2019      916.67      930.56      914.82      925.93           134805.60
02/15/2019      925.93      925.93      908.33      916.67           345389.41
02/14/2019      981.48      981.48      944.44      944.44            85109.40
02/13/2019      990.74      990.74      961.11      970.37           143758.80
02/12/2019      996.30     1000.93      974.07      990.74           112460.40
02/11/2019     1013.89     1013.89     1000.00     1009.26            35013.60
02/08/2019     1009.26     1025.93     1009.26     1013.89            53551.80
02/07/2019     1045.37     1045.37     1018.52     1018.52           141555.60
02/06/2019     1037.04     1047.22     1032.41     1045.37            88765.20
02/04/2019     1024.07     1037.04     1000.00     1037.04            56943.00
02/01/2019      987.04     1036.11      987.04     1036.11           160390.80
01/31/2019      945.37      988.89      945.37      987.96           114042.60
01/30/2019      962.96      979.63      944.44      953.70           130161.60
01/29/2019      958.33      970.37      951.85      962.96           143251.20
01/28/2019      957.41      972.22      949.07      958.33           101239.20
01/25/2019      962.96      971.30      944.44      944.44            46164.60
01/24/2019      947.22      971.30      941.67      962.96            78337.80
01/23/2019      958.33      962.04      930.56      962.04            66841.20
01/22/2019      962.04      967.59      946.30      967.59            71101.80
01/21/2019      962.96      972.22      946.30      960.18            64713.60
01/18/2019      941.67      980.56      928.70      972.22           196160.40
01/17/2019      925.93      942.59      925.93      942.59           113297.40
01/16/2019      925.93      935.18      915.28      932.41           109090.80
01/15/2019      928.70      928.70      910.18      916.67           118881.00
01/14/2019      919.91      929.63      900.46      929.63           144039.60
01/11/2019      944.44      944.44      916.67      924.54           115214.40
01/10/2019      939.82      944.44      930.56      944.44            96757.20
01/09/2019      907.41      936.11      898.61      933.33           166330.80
01/08/2019      913.89      925.93      890.28      890.28            45370.80
01/07/2019      921.30      944.44      912.96      912.96           120312.00
01/04/2019      930.56      932.41      917.59      921.30            98949.60
01/03/2019      916.20      935.18      893.98      930.56           165391.20
01/02/2019      902.78      916.20      885.18      916.20            15390.00
12/28/2018      884.26      902.78      884.26      902.78            72608.40
12/27/2018      888.89      897.22      867.59      867.59            47077.20
12/26/2018      918.06      918.06      879.17      884.26            59032.80
12/21/2018      902.78      919.44      897.68      918.06           148316.40
12/20/2018      884.26      920.83      872.68      919.44           120463.20
12/19/2018      873.15      894.44      870.37      894.44           130852.80
12/18/2018      842.59      873.15      842.59      873.15            39722.40
12/17/2018      879.63      879.63      851.85      851.85            59432.40
12/14/2018      887.04      887.04      874.54      881.94            77155.20
12/13/2018      872.22      888.43      872.22      888.43            40186.80
12/12/2018      861.11      870.37      857.41      870.37            98442.00
12/11/2018      827.78      856.48      827.78      856.48            84866.40
12/10/2018      851.85      852.78      817.59      827.78           127375.20
12/07/2018      878.70      888.89      851.85      851.85            58525.20
12/06/2018      902.32      902.78      870.37      870.37           195966.00
12/05/2018      888.89      902.78      872.22      902.32           149774.40
12/04/2018      854.63      899.07      854.63      899.07           322185.61
12/03/2018      832.41      857.41      831.94      849.07           155174.40
11/29/2018      815.74      827.78      814.82      822.22           344952.01
11/28/2018      814.82      815.28      804.63      806.02           113216.40
11/27/2018      802.78      818.52      802.78      814.35           202046.40
11/26/2018      809.26      814.82      800.93      802.78           132656.40
11/23/2018      810.18      828.70      809.26      812.04           134190.00
11/22/2018      818.98      819.44      806.94      813.89           133498.80
11/21/2018      819.44      831.48      798.15      819.44           282150.00
11/20/2018      796.30      847.22      759.26      832.87           530971.21
11/19/2018      747.22      800.93      743.06      796.30           289137.60
11/16/2018      675.93      754.63      675.93      747.22           340610.41
11/15/2018      662.04      671.30      657.41      666.67           105969.60
11/14/2018      653.70      666.67      653.70      662.04            81183.60
11/13/2018      664.82      668.06      643.52      662.04            37076.40
11/12/2018      671.30      671.30      658.33      668.52            49820.40
11/09/2018      657.41      678.70      652.78      674.07            93949.20
11/08/2018      664.82      664.82      638.89      660.18           115430.40
11/07/2018      701.85      701.85      653.70      653.70            78116.40
11/06/2018      702.78      726.85      685.18      701.85           174052.80
11/05/2018      713.89      722.22      700.00      702.78           219456.00
10/31/2018      708.33      712.96      703.24      703.70           181396.80
10/30/2018      720.37      720.37      694.44      699.07            47757.60
10/29/2018      726.85      726.85      708.33      720.83            87372.00
10/26/2018      726.85      729.63      703.70      726.85            66592.80
10/25/2018      725.93      726.85      685.18      726.85            74044.80
10/24/2018      731.48      737.96      717.59      726.85            89413.20
10/23/2018      717.59      738.43      716.67      731.48           307584.01
10/22/2018      692.59      717.59      674.54      717.59            86032.80
10/19/2018      685.18      694.44      671.30      674.54            87642.00
10/18/2018      680.56      685.18      674.07      685.18            76496.40
10/17/2018      665.74      699.07      665.74      667.59            90450.00
10/16/2018      665.74      665.74      652.78      658.33            79293.60
10/15/2018      648.61      670.37      648.15      657.41           247330.80
10/12/2018      625.00      648.15      612.04      648.15           335620.81
10/11/2018      657.41      657.41      611.57      621.30           254188.80
10/10/2018      670.37      672.22      654.63      657.41           103615.20
10/09/2018      685.18      685.18      666.67      670.37            68828.40
10/08/2018      737.96      737.96      685.18      685.18            67262.40
10/05/2018      725.46      738.43      707.41      707.41            86702.40
10/04/2018      740.74      740.74      723.15      725.46            67348.80
10/03/2018      740.74      740.74      739.82      740.74            85924.80
10/02/2018      755.09      755.09      738.43      740.74           134319.60
10/01/2018      759.26      768.52      738.89      738.89            51537.60
09/28/2018      753.24      769.44      751.85      759.26            53481.60
09/27/2018      746.30      754.63      736.11      751.85           156956.40
09/26/2018      792.59      792.59      740.74      745.37           130107.60
09/25/2018      787.96      796.30      782.41      787.04            69703.20
09/24/2018      775.00      802.78      768.52      787.96           143002.80
09/21/2018      758.33      793.98      745.37      775.93           232826.40
09/20/2018      759.26      763.89      743.52      743.52           113022.00
09/19/2018      759.26      770.83      745.83      759.26            31989.60
09/18/2018      761.11      772.22      753.70      757.41            35802.00
09/17/2018      759.26      776.85      754.63      761.11            58816.80
09/14/2018      790.74      796.30      753.70      754.63           290973.61
09/13/2018      803.70      804.17      782.41      787.04           118335.60
09/12/2018      810.18      818.98      797.68      797.68           112168.80
09/11/2018      823.15      823.61      805.56      805.56            61095.60
09/10/2018      806.02      824.07      795.83      823.15           100872.00
09/07/2018      820.37      821.30      800.93      806.02           102794.40
09/06/2018      824.07      824.07      802.78      818.52           106650.00
09/05/2018      837.50      838.89      800.93      833.33           165434.40
09/04/2018      814.82      837.96      814.82      837.50           117730.80
09/03/2018      815.74      847.22      812.96      814.82           634888.81
08/31/2018      824.07      824.07      810.18      811.11           229705.20
08/30/2018      797.22      830.56      797.22      824.07           444420.01
08/29/2018      805.56      805.56      783.80      788.89           234316.80
08/28/2018      821.30      821.30      798.15      798.15           185684.40
08/24/2018      828.70      830.56      805.56      805.56           181936.80
08/23/2018      824.07      833.33      806.94      828.70           172800.00
08/22/2018      812.50      829.63      804.63      828.70           105613.20
08/20/2018      828.70      833.33      809.26      809.26            92178.00
08/17/2018      833.33      837.04      824.07      828.70           126975.60
08/16/2018      842.59      843.52      821.30      823.15           232923.60
08/15/2018      879.63      879.63      842.59      842.59           142905.60
08/14/2018      879.63      883.80      853.70      883.80           143100.00
08/13/2018      906.94      906.94      879.63      879.63            53168.40
08/10/2018      898.15      907.41      898.15      907.41            74401.20
08/09/2018      907.41      911.57      891.20      898.15           130042.80
08/08/2018      912.04      912.04      893.52      902.78            75481.20
08/07/2018      913.43      913.43      898.15      900.00           119037.60
08/06/2018      924.07      924.07      906.02      906.02            42714.00
08/03/2018      925.93      926.85      907.41      924.07            83268.00
08/02/2018      930.56      930.56      922.22      924.54            84461.40
08/01/2018      903.70      935.18      903.70      935.18           127526.40
07/31/2018      920.37      921.30      886.57      898.15           317466.01
07/30/2018      911.57      920.37      911.57      920.37           126975.60
07/27/2018      915.74      916.67      893.52      901.85           157204.80
07/26/2018      914.82      916.67      897.68      912.04           112158.00
07/25/2018      902.78      924.07      893.98      897.68           182941.20
07/24/2018      897.68      902.78      888.89      902.78           117255.60
07/23/2018      879.63      901.85      865.74      888.89            88398.00
07/20/2018      860.18      879.63      854.17      879.63            77857.20
07/19/2018      897.22      902.32      847.22      860.18           164980.80
07/18/2018      888.89      906.48      888.89      897.22            49194.00
07/17/2018      879.63      888.89      875.00      888.89            68374.80
07/16/2018      884.26      888.89      870.37      879.63            20552.40
07/13/2018      881.48      889.35      881.48      884.26           152733.60
07/12/2018      851.85      886.57      849.07      881.48           112147.20
07/11/2018      850.93      862.04      842.59      849.07            75708.00
07/10/2018      842.59      851.85      828.70      851.85            34441.20
07/09/2018      830.56      833.80      822.22      826.85            50101.20
07/06/2018      824.07      835.18      822.22      824.07           104738.40
07/05/2018      833.33      871.30      820.37      829.63           327920.41
07/04/2018      850.93      850.93      826.39      833.33           172411.20
07/03/2018      831.99      838.25      821.26      825.73           109097.28
07/02/2018      814.10      838.25      814.10      831.99           203383.71
06/29/2018      818.57      838.25      812.31      814.10            80548.67
06/28/2018      803.36      817.23      789.95      805.15           287665.83
06/27/2018      813.21      813.21      789.50      791.73           215120.61
06/26/2018      795.31      804.71      780.10      804.71            83041.36
06/25/2018      840.04      840.04      777.87      777.87           105509.14
06/22/2018      831.99      839.15      806.94      806.94            99540.09
06/21/2018      872.25      872.25      823.04      823.04           140954.58
06/20/2018      885.67      889.25      872.25      872.25           158761.13
06/19/2018      877.62      881.20      867.78      877.62           115871.15
06/18/2018      882.98      892.83      870.01      885.67           207927.56
06/14/2018      894.61      900.88      876.72      900.88           430090.31
06/13/2018      918.77      924.14      881.20      894.61           248609.90
06/11/2018      894.61      921.45      894.61      918.77            87987.63
06/08/2018      909.82      909.82      890.14      894.61           309831.80
06/07/2018      892.38      916.98      890.59      909.82           197425.83
06/06/2018      881.20      896.40      881.20      891.93           237454.25
06/05/2018      876.72      881.20      873.59      881.20            70298.44
06/04/2018      881.20      881.20      867.78      875.83            45203.83
06/01/2018      872.25      884.77      867.78      874.93            75708.59
05/31/2018      876.72      892.38      867.78      867.78           391274.71
05/30/2018      894.17      894.61      872.25      872.25           179384.54
05/29/2018      909.82      911.61      892.83      894.17            72740.83
05/28/2018      891.04      903.56      888.35      903.56            50155.69
05/25/2018      897.30      908.93      884.77      890.59            51161.71
05/24/2018      871.35      892.38      871.35      890.14            55141.07
05/23/2018      900.88      907.14      868.67      868.67           108929.61
05/22/2018      920.56      920.56      890.14      890.14            84762.77
05/21/2018      922.35      922.35      905.35      908.03            36004.34
05/18/2018      899.09      923.24      898.19      923.24            93045.67
05/17/2018      930.40      930.40      896.40      897.30           163226.74
05/16/2018      933.08      933.08      907.14      910.72           113842.34
05/15/2018      928.61      948.29      925.93      933.08           156648.49
05/11/2018      935.77      952.76      921.45      928.61           127373.31
05/10/2018      894.61      917.87      894.61      908.93           255730.28
05/09/2018      904.46      917.87      888.35      891.93           120068.49
05/08/2018      886.56      909.82      886.56      904.46           109767.96
05/07/2018      892.83      908.03      878.96      878.96            79945.06
05/04/2018      894.61      903.56      876.72      876.72           111539.67
05/03/2018      912.51      927.72      894.61      894.61           114976.91
05/02/2018      939.35      954.55      894.61      894.61           126546.14
04/30/2018      937.56      954.55      936.66      939.35            70415.81
04/27/2018      925.03      942.03      916.98      936.66            85444.63
04/26/2018      897.30      925.03      896.40      925.03            90893.91
04/25/2018      899.09      921.45      892.83      894.61           114948.96
04/24/2018      913.40      933.08      894.61      894.61           111360.82
04/23/2018      935.77      957.24      912.51      916.09           163724.16
04/20/2018      970.66      970.66      931.29      934.87           114015.60
04/19/2018      958.13      996.60      924.14      943.82           238667.06
04/18/2018      959.03      991.23      959.03      976.92           214986.47
04/17/2018      979.60     1001.07      959.03      959.03            89776.11
04/16/2018     1001.07     1001.07      970.66      979.60            67515.12
04/13/2018     1015.39     1015.39      988.55      990.34           158934.39
04/12/2018     1001.97     1006.44      990.34     1004.65            92956.25
04/11/2018     1015.39     1015.39      971.55      991.23           108940.79
04/10/2018     1028.81     1031.49      984.08      984.08           162192.78
04/06/2018     1040.44     1041.33     1018.97     1019.86           213281.83
04/05/2018     1030.60     1035.07     1024.33     1027.02           159476.52
04/04/2018     1044.91     1044.91     1027.91     1028.81            83443.77
04/03/2018     1026.12     1048.49     1025.23     1028.81            65911.08
04/02/2018     1053.86     1053.86     1019.86     1028.81            91413.68
03/28/2018     1040.44     1062.80     1028.81     1045.80           193301.15
03/27/2018     1030.60     1054.75     1030.60     1040.44           147365.16
03/26/2018     1046.70     1046.70     1018.07     1026.12           139272.29
03/23/2018     1072.64     1072.64     1043.12     1046.70           208933.58
03/22/2018     1083.38     1103.06     1077.12     1081.59           179971.39
03/21/2018     1127.21     1145.11     1083.38     1083.38           112160.05
03/20/2018     1157.63     1157.63     1120.06     1120.06           127390.08
03/19/2018     1160.32     1177.31     1153.16     1159.42            80554.26
03/16/2018     1163.00     1170.16     1153.16     1161.21           183721.61
03/15/2018     1163.00     1164.79     1163.00     1163.00            77614.44
03/14/2018     1173.73     1180.00     1155.84     1170.16            68716.75
03/13/2018     1185.36     1185.36     1173.73     1183.58            22557.20
03/12/2018     1190.73     1197.89     1176.42     1185.36            87674.64
03/09/2018     1189.84     1189.84     1171.94     1180.89            28319.46
03/08/2018     1159.42     1180.89     1159.42     1180.89            45572.71
03/07/2018     1171.94     1188.94     1167.47     1180.89           145559.91
03/06/2018     1165.68     1180.89     1163.00     1163.00            94286.43
03/05/2018     1189.84     1189.84     1167.47     1176.42            37994.02
03/02/2018     1171.94     1189.84     1168.37     1189.84            58360.34
03/01/2018     1200.57     1200.57     1171.94     1196.99            68694.40
02/28/2018     1195.20     1207.73     1171.94     1207.73           175187.20
02/27/2018     1189.84     1207.73     1164.79     1195.20           114406.83
02/26/2018     1167.47     1189.84     1163.00     1189.84            92184.96
02/23/2018     1180.89     1196.99     1171.94     1186.26           138668.68
02/22/2018     1216.68     1216.68     1171.94     1180.89            86456.24
02/21/2018     1213.99     1216.68     1205.05     1216.68           117972.61
02/20/2018     1189.84     1216.68     1188.94     1216.68            71220.63
02/19/2018     1171.94     1206.84     1163.00     1189.84            85684.96
02/15/2018     1160.32     1184.47     1153.16     1184.47            58170.31
02/14/2018     1154.95     1172.84     1154.05     1163.00            97187.12
02/13/2018     1189.84     1189.84     1169.26     1185.36            76988.47
02/12/2018     1145.11     1185.36     1145.11     1185.36            54844.86
02/09/2018     1167.47     1167.47     1125.42     1158.53           148086.14
02/08/2018     1185.36     1185.36     1167.47     1173.73            53279.94
02/07/2018     1180.89     1198.78     1171.94     1185.36            96505.26
02/06/2018     1136.16     1174.63     1091.43     1169.26           208765.91
02/05/2018     1196.99     1196.99     1164.79     1165.68           140261.54
02/02/2018     1199.68     1216.68     1199.68     1207.73            58600.66
02/01/2018     1204.15     1215.78     1198.78     1203.26            76474.29
01/31/2018     1207.73     1209.52     1171.05     1203.26           175561.67
01/30/2018     1221.15     1234.57     1200.57     1207.73           128083.11
01/29/2018     1207.73     1234.57     1206.84     1234.57            77972.14
01/26/2018     1199.68     1211.31     1198.78     1207.73           105207.33
01/25/2018     1196.99     1212.20     1196.99     1202.36           243825.71
01/24/2018     1209.52     1221.15     1196.99     1196.99           173661.41
01/23/2018     1234.57     1238.15     1207.73     1226.52           101563.31
01/22/2018     1243.51     1244.41     1219.36     1244.41           111433.48
01/19/2018     1169.26     1245.30     1169.26     1245.30           231356.65
01/18/2018     1185.36     1189.84     1163.00     1171.05           252214.80
01/17/2018     1269.46     1269.46     1189.84     1207.73           366794.89
01/16/2018     1285.56     1287.35     1270.35     1283.77           172169.14
01/15/2018     1278.40     1292.72     1273.93     1287.35            98819.11
01/12/2018     1261.41     1283.77     1261.41     1279.30           141502.30
01/11/2018     1238.15     1297.19     1216.68     1297.19           136410.72
01/10/2018     1216.68     1243.51     1216.68     1236.36            99215.93
01/09/2018     1216.68     1239.04     1205.05     1239.04           146968.34
01/08/2018     1225.62     1230.10     1206.84     1217.57           155888.39
01/05/2018     1180.89     1243.51     1180.89     1222.94           303303.85
01/04/2018     1156.74     1184.47     1151.37     1184.47           247531.22
01/03/2018     1158.53     1160.32     1149.58     1156.74           170179.46
12/29/2017     1145.11     1155.84     1142.42     1155.84            78424.85
12/28/2017     1145.11     1151.37     1144.21     1149.58           133672.11
12/27/2017     1129.00     1148.68     1129.00     1144.21            94023.75
12/22/2017     1145.11     1145.11     1118.27     1134.37            86914.54
12/21/2017     1145.11     1145.11     1113.80     1145.11            85930.87
12/20/2017     1156.74     1157.63     1135.27     1145.11            57069.28
12/19/2017     1137.06     1160.32     1137.06     1156.74           113071.06
12/18/2017     1127.21     1159.42     1127.21     1154.05           256820.14
12/15/2017     1136.16     1137.95     1118.27     1137.06           254880.75
12/14/2017     1082.48     1136.16     1075.33     1136.16           537740.04
12/13/2017     1064.59     1087.85     1063.70     1082.48           172633.03
12/12/2017     1056.54     1064.59     1038.65     1058.33            52944.60
12/11/2017     1051.17     1055.64     1043.12     1055.64            38905.03
12/08/2017     1010.91     1051.17     1010.91     1051.17           166160.97
12/07/2017     1019.86     1030.60     1010.02     1010.91            95627.79
12/06/2017     1024.33     1027.91     1014.49     1019.86           224471.00
12/05/2017     1027.91     1033.28     1020.75     1024.33           103552.99
12/04/2017     1011.81     1019.86     1006.44     1010.91            64877.11
12/01/2017     1028.81     1035.96     1011.81     1014.49           163047.90
11/29/2017     1046.70     1054.75     1028.81     1028.81           284658.94
11/28/2017     1072.64     1072.64     1032.38     1039.54           239913.41
11/27/2017     1068.17     1073.54     1055.64     1073.54           100065.45
11/24/2017     1057.43     1069.06     1037.75     1069.06            37541.31
11/23/2017     1052.07     1063.70     1044.91     1054.75            94431.74
11/22/2017     1042.23     1051.17     1037.75     1044.02            72204.29
11/21/2017     1052.96     1060.12     1046.70     1046.70           237800.77
11/20/2017     1046.70     1055.64     1041.33     1046.70            66721.48
11/17/2017     1038.65     1055.64     1035.07     1045.80            52978.13
11/16/2017     1030.60     1048.49     1026.12     1026.12            93666.05
11/15/2017     1048.49     1055.64     1033.28     1051.17            81029.32
11/14/2017     1048.49     1048.49     1030.60     1048.49           102233.99
11/13/2017     1069.96     1077.12     1048.49     1048.49            70007.81
11/10/2017     1082.48     1082.48     1064.59     1068.17           233782.28
11/09/2017     1078.01     1082.48     1072.64     1076.22           193010.52
11/08/2017     1069.06     1072.64     1060.12     1072.64           224241.86
11/07/2017     1065.49     1082.48     1052.07     1068.17           148818.30
11/06/2017     1074.43     1075.33     1061.01     1062.80           153909.88
11/03/2017     1073.54     1081.59     1069.06     1073.54           200891.01
11/02/2017     1055.64     1078.01     1051.17     1070.85           390212.80
10/30/2017     1024.33     1063.70     1023.44     1055.64            82678.08
10/27/2017     1020.75     1035.07     1013.60     1019.86           100233.12
10/26/2017     1015.39     1035.07     1010.91     1018.97            25167.27
10/25/2017     1042.23     1042.23     1007.34     1008.23           130363.42
10/24/2017     1064.59     1067.28     1027.91     1033.28           364743.72
10/23/2017     1065.49     1073.54     1056.54     1056.54            52178.90
10/20/2017     1103.95     1103.95     1064.59     1064.59           136002.72
10/19/2017     1110.22     1110.22     1084.27     1086.96           205876.40
10/18/2017     1118.27     1122.74     1100.38     1105.74           257306.38
10/17/2017     1106.64     1125.42     1093.22     1118.27           365151.72
10/13/2017     1082.48     1092.32     1079.80     1091.43           162181.60
10/12/2017     1081.59     1085.17     1073.54     1078.01            70723.21
10/11/2017     1088.75     1091.43     1078.01     1081.59            65368.94
10/10/2017     1081.59     1082.48     1073.54     1081.59           144090.01
10/09/2017     1089.64     1094.11     1072.64     1072.64            97310.08
10/06/2017     1106.64     1118.27     1089.64     1089.64           177746.96
10/05/2017     1088.75     1106.64     1088.75     1106.64           101691.85
10/04/2017     1078.90     1106.64     1078.90     1083.38            98176.37
10/03/2017     1073.54     1091.43     1073.54     1078.01           219468.85
10/02/2017     1053.86     1079.80     1052.07     1078.90           225823.54
09/29/2017     1051.17     1064.59     1034.17     1038.65           221302.04
09/28/2017     1063.70     1063.70     1046.70     1051.17           270993.84
09/27/2017     1045.80     1064.59     1035.07     1064.59           120185.85
09/26/2017     1063.70     1070.85     1044.02     1044.91           114054.72
09/25/2017     1074.43     1075.33     1055.64     1069.06            21942.41
09/22/2017     1055.64     1077.12     1055.64     1074.43           133945.97
09/21/2017     1044.91     1060.12     1044.91     1051.17           108706.05
09/20/2017     1034.17     1061.01     1033.28     1043.12            86137.67
09/19/2017     1074.43     1077.12     1027.91     1028.81           134113.64
09/18/2017     1063.70     1074.43     1052.07     1072.64            88837.15
09/15/2017     1072.64     1080.69     1050.28     1050.28           332534.32
09/14/2017     1037.75     1072.64     1037.75     1072.64           165400.86
09/13/2017     1008.23     1037.75     1000.18     1037.75           293053.62
09/11/2017     1009.12     1010.91      999.28     1001.07           176277.06
09/08/2017      997.50     1010.91      988.55      993.02           210112.86
09/07/2017      989.44     1001.07      989.44      993.02           177674.31
09/06/2017     1012.70     1012.70      986.76      988.55           353761.34
09/05/2017     1023.44     1027.02     1003.76     1010.91           114440.36
09/04/2017     1019.86     1019.86     1001.97     1012.70           137584.41
08/31/2017     1010.91     1010.91      999.28     1000.18           176875.08
08/30/2017     1022.54     1022.54     1007.34     1010.02           140244.78
08/29/2017     1019.86     1031.49     1005.55     1010.91           172146.79
08/25/2017     1027.02     1027.91     1009.12     1009.12           124036.68
08/24/2017     1003.76     1033.28     1003.76     1018.07           200505.37
08/23/2017     1010.91     1024.33     1000.18     1001.97           256283.59
08/22/2017     1028.81     1028.81     1009.12     1010.91           192546.64
08/18/2017     1046.70     1055.64     1018.97     1024.33           153809.28
08/17/2017     1072.64     1072.64     1042.23     1047.59           114384.47
08/16/2017     1055.64     1061.01     1048.49     1055.64           152836.79
08/15/2017     1046.70     1055.64     1044.02     1045.80            28459.19
08/14/2017     1037.75     1050.28     1037.75     1044.02           165367.33
08/11/2017     1057.43     1061.01     1014.49     1024.33           150031.11
08/10/2017     1073.54     1073.54     1042.23     1044.91            74942.90
08/09/2017     1087.85     1087.85     1069.96     1073.54            74931.72
08/08/2017     1099.48     1099.48     1076.22     1086.96            56465.67
08/07/2017     1078.01     1093.22     1078.01     1091.43            77228.80
08/04/2017     1069.96     1082.48     1069.96     1073.54            42431.69
08/03/2017     1091.43     1094.11     1069.06     1069.06           102166.92
08/02/2017     1078.01     1093.22     1073.54     1082.48           113607.60
08/01/2017     1085.17     1091.43     1071.75     1073.54           149902.57
07/31/2017     1119.16     1119.16     1078.90     1085.17           119012.16
07/28/2017     1124.53     1124.53     1110.22     1111.11            78469.56
07/27/2017     1105.74     1134.37     1105.74     1124.53           268026.08
07/26/2017     1086.96     1106.64     1086.96     1100.38           169106.37
07/25/2017     1084.27     1086.96     1078.90     1083.38           104765.80
07/24/2017     1070.85     1086.96     1068.17     1073.54           289482.25
07/21/2017     1100.38     1100.38     1061.91     1069.06           396573.08
07/20/2017     1107.53     1112.90     1099.48     1100.38           133023.79
07/19/2017     1111.11     1127.21     1102.16     1109.32           210213.47
07/18/2017     1080.69     1113.80     1080.69     1109.32           224046.24
07/17/2017     1079.80     1079.80     1072.64     1079.80           226740.14
07/14/2017     1078.90     1082.48     1069.06     1073.54            73864.22
07/13/2017     1075.33     1085.17     1069.06     1073.54           225588.80
07/12/2017     1073.54     1075.33     1071.75     1073.54           206848.89
07/11/2017     1069.06     1079.80     1069.06     1069.06            46165.14
07/10/2017     1082.48     1083.38     1069.06     1069.06            73568.01
07/07/2017     1074.43     1078.01     1071.75     1073.54           438088.17
07/06/2017     1082.48     1083.38     1074.43     1078.01            82488.05
07/05/2017     1073.54     1082.48     1069.96     1082.48            82940.76
07/04/2017     1075.33     1080.69     1073.54     1076.22            18969.07
07/03/2017     1082.48     1085.17     1065.49     1075.33            55129.90
06/30/2017     1062.80     1082.48     1062.80     1082.48            88608.00
06/29/2017     1077.12     1082.48     1062.80     1064.59            93381.01
06/28/2017     1075.33     1080.69     1072.64     1078.01           224722.51
06/27/2017     1081.59     1081.59     1070.85     1076.22           100283.43
06/23/2017     1084.27     1085.17     1070.85     1078.90            86003.53
06/22/2017     1080.69     1086.96     1074.43     1078.90           190076.30
06/21/2017     1086.06     1086.06     1072.64     1073.54           604472.70
06/20/2017     1081.59     1081.59     1065.49     1073.54           216517.86
06/19/2017     1073.54     1081.59     1062.80     1066.38           259692.88
06/16/2017     1108.43     1108.43     1073.54     1073.54          1636408.88
06/15/2017     1099.48     1113.80     1091.43     1108.43           278667.54
06/14/2017     1102.16     1102.16     1082.48     1091.43           247760.37
06/13/2017     1082.48     1109.32     1070.85     1109.32           400451.85
06/09/2017     1083.38     1083.38     1071.75     1071.75            87685.82
06/08/2017     1069.06     1082.48     1064.59     1082.48           183084.46
06/07/2017     1091.43     1104.85     1060.12     1069.06           536158.35
06/06/2017     1098.59     1104.85     1078.90     1091.43           163008.77
06/05/2017     1076.22     1103.95     1076.22     1097.69           207374.25
06/02/2017     1045.80     1100.38     1045.80     1075.33           532497.56
06/01/2017     1061.01     1065.49     1028.81     1039.54           552780.04
05/31/2017     1072.64     1081.59     1060.12     1069.06           761506.83
05/30/2017     1072.64     1073.54     1062.80     1072.64           221005.82
05/29/2017     1064.59     1078.01     1064.59     1072.64           290354.14
05/26/2017     1073.54     1073.54     1063.70     1063.70           202629.19
05/25/2017     1064.59     1073.54     1064.59     1073.54           362899.35
05/24/2017     1078.90     1086.06     1060.12     1060.12           156698.79
05/23/2017     1105.74     1105.74     1073.54     1073.54           207921.98
05/22/2017     1126.32     1126.32     1104.85     1104.85           108163.92
05/19/2017     1108.43     1127.21     1099.48     1117.37           188958.50
05/18/2017     1136.16     1136.16     1097.69     1107.53           109823.85
05/17/2017     1120.95     1135.27     1110.22     1127.21           143989.41
05/16/2017     1127.21     1141.53     1110.22     1121.85           109382.32
05/15/2017     1112.90     1118.27     1104.85     1104.85           132861.71
05/12/2017     1141.53     1141.53     1118.27     1123.64           193776.22
05/11/2017     1134.37     1152.26     1113.80     1121.85           295624.56
05/10/2017     1163.89     1171.05     1109.32     1109.32           145101.62
05/09/2017     1149.58     1165.68     1139.74     1163.00           319210.14
05/08/2017     1125.42     1153.16     1125.42     1149.58           321322.78
05/05/2017     1096.80     1136.16     1096.80     1122.74           233899.65
05/04/2017     1086.96     1104.85     1086.96     1095.90           166636.03
05/03/2017     1116.48     1120.95     1086.96     1086.96            80699.57
05/02/2017     1131.69     1137.95     1113.80     1116.48           259469.32
04/27/2017     1132.58     1132.58     1110.22     1127.21            85539.64
04/26/2017     1129.90     1144.21     1110.22     1133.48           272217.83
04/25/2017     1101.27     1130.79     1101.27     1129.00           228372.13
04/24/2017     1084.27     1100.38     1078.01     1099.48            72126.04
04/21/2017     1077.12     1088.75     1059.22     1080.69           134571.94
04/20/2017     1078.01     1078.90     1045.80     1051.17           306003.34
04/19/2017     1093.22     1093.22     1073.54     1078.90           118229.70
04/18/2017     1110.22     1110.22     1095.90     1100.38            89714.63
04/17/2017     1133.48     1134.37     1100.38     1113.80            69281.24
04/12/2017     1135.27     1140.63     1118.27     1140.63            71203.86
04/11/2017     1098.59     1147.79     1098.59     1135.27           400882.20
04/10/2017     1049.38     1109.32     1049.38     1095.90           258278.86
04/07/2017     1024.33     1069.06     1024.33     1049.38           261587.55
04/06/2017     1020.75     1037.75     1020.75     1021.65            64452.35
04/05/2017     1013.60     1028.81     1012.70     1020.75           430939.84
04/04/2017     1014.49     1015.39      998.39     1001.97           264035.53
04/03/2017     1024.33     1024.33     1012.70     1014.49           234290.88
03/31/2017     1052.96     1052.96     1017.18     1024.33           278114.23
03/30/2017     1068.17     1082.48     1037.75     1052.96           126680.27
03/29/2017     1064.59     1065.49     1053.86     1062.80            63440.74
03/28/2017     1064.59     1066.38     1060.12     1062.80            66296.72
03/27/2017     1061.91     1067.28     1047.59     1057.43           133616.22
03/24/2017     1045.80     1054.75     1042.23     1046.70            82040.93
03/23/2017     1046.70     1051.17     1037.75     1045.80            70209.02
03/22/2017     1035.96     1054.75     1030.60     1035.07           207078.04
03/21/2017     1051.17     1064.59     1051.17     1063.70           226075.05
03/20/2017     1042.23     1054.75     1041.33     1046.70           105866.84
03/17/2017     1050.28     1060.12     1030.60     1030.60           327878.68
03/16/2017     1069.06     1069.06     1042.23     1045.80           244613.76
03/15/2017     1065.49     1071.75     1054.75     1055.64           129245.62
03/14/2017     1064.59     1069.06     1063.70     1064.59           206457.66
03/13/2017     1082.48     1086.96     1061.01     1065.49           201265.48
03/10/2017     1090.54     1100.38     1056.54     1100.38           171375.50
03/09/2017     1086.96     1086.96     1079.80     1080.69           108147.15
03/08/2017     1080.69     1090.54     1078.01     1080.69            86193.56
03/07/2017     1104.85     1111.11     1077.12     1080.69           161712.12
03/06/2017     1080.69     1102.16     1080.69     1091.43            95286.86
03/03/2017     1087.85     1087.85     1073.54     1082.48           194117.15
03/02/2017     1080.69     1110.22     1078.01     1092.32           147778.75
03/01/2017     1079.80     1082.48     1074.43     1074.43            98584.37
02/28/2017     1095.01     1095.01     1078.90     1081.59           230082.36
02/27/2017     1127.21     1127.21     1080.69     1082.48            79665.61
02/24/2017     1106.64     1106.64     1091.43     1104.85           188209.57
02/23/2017     1106.64     1112.90     1084.27     1109.32           167329.07
02/22/2017     1104.85     1109.32     1091.43     1098.59           165216.43
02/21/2017     1107.53     1107.53     1102.16     1104.85            59293.70
02/20/2017     1095.90     1118.27     1095.90     1108.43           121320.42
02/17/2017     1095.90     1109.32     1085.17     1091.43           165903.87
02/16/2017     1098.59     1116.48     1091.43     1095.90           201192.82
02/15/2017     1093.22     1100.38     1091.43     1098.59           184710.86
02/14/2017     1109.32     1119.16     1091.43     1091.43           176232.35
02/13/2017     1128.11     1133.48     1107.53     1109.32           176148.51
02/10/2017     1149.58     1149.58     1100.38     1119.16           196492.47
02/09/2017     1144.21     1154.05     1138.84     1145.11           144906.00
02/08/2017     1137.95     1149.58     1133.48     1144.21           239946.95
02/07/2017     1092.32     1134.37     1092.32     1134.37           278527.81
02/06/2017     1109.32     1112.01     1073.54     1092.32           431666.41
02/03/2017     1133.48     1133.48     1103.95     1113.80           200410.36
02/02/2017     1153.16     1164.79     1118.27     1132.58           225225.52
02/01/2017     1166.58     1187.15     1148.68     1153.16           302504.62
01/31/2017     1207.73     1207.73     1164.79     1166.58           212203.15
01/30/2017     1241.72     1243.51     1207.73     1207.73            28967.79
01/27/2017     1221.15     1241.72     1221.15     1235.46           148868.60
01/26/2017     1199.68     1223.83     1199.68     1220.25           257518.76
01/25/2017     1203.26     1212.20     1189.84     1199.68            54179.77
01/24/2017     1203.26     1206.84     1179.10     1203.26           159918.06
01/23/2017     1207.73     1207.73     1193.42     1203.26           146169.12
01/20/2017     1207.73     1208.62     1189.84     1198.78            62345.29
01/19/2017     1206.84     1210.41     1191.63     1198.78           387748.05
01/18/2017     1188.94     1210.41     1181.79     1198.78           469313.91
01/17/2017     1180.00     1196.99     1180.00     1188.94           122611.48
01/16/2017     1180.89     1193.42     1178.21     1180.00            82974.29
01/13/2017     1176.42     1194.31     1174.63     1180.89           192876.39
01/12/2017     1180.89     1193.42     1161.21     1163.00           153423.64
01/11/2017     1166.58     1207.73     1161.21     1163.00            81297.59
01/10/2017     1189.84     1189.84     1163.89     1180.89           201276.65
01/09/2017     1207.73     1207.73     1189.84     1190.73            61216.32
01/06/2017     1200.57     1229.20     1189.84     1196.10           104793.75
01/05/2017     1189.84     1243.51     1186.26     1207.73           202802.45
01/04/2017     1164.79     1190.73     1164.79     1186.26           108013.01
01/03/2017     1145.11     1163.89     1132.58     1163.00            84259.76
12/29/2016     1109.32     1148.68     1109.32     1136.16           157604.21
12/28/2016     1091.43     1100.38     1091.43     1100.38           130173.40
12/27/2016     1081.59     1089.64     1081.59     1084.27            60953.63
12/23/2016     1056.54     1081.59     1051.17     1081.59            79565.00
12/22/2016     1056.54     1091.43     1056.54     1086.06            64061.12
12/21/2016     1066.38     1089.64     1057.43     1070.85            63653.12
12/20/2016     1069.06     1069.06     1046.70     1066.38           192261.60
12/19/2016     1082.48     1090.54     1063.70     1069.06           119291.61
12/16/2016     1116.48     1116.48     1082.48     1082.48           152931.81
12/15/2016     1095.90     1117.37     1093.22     1100.38            60987.17
12/14/2016     1145.11     1145.11     1110.22     1126.32           139663.52
12/13/2016     1112.01     1145.11     1073.54     1145.11           183073.28
12/12/2016     1139.74     1139.74     1111.11     1127.21           112076.22
12/09/2016     1129.90     1143.32     1110.22     1139.74           154753.82
12/08/2016     1118.27     1127.21     1106.64     1127.21           161857.44
12/07/2016     1069.06     1115.58     1057.43     1115.58           171984.71
12/06/2016     1071.75     1071.75     1048.49     1071.75            84578.34
12/05/2016     1060.12     1060.12     1046.70     1046.70           167915.91
12/02/2016     1048.49     1069.06     1048.49     1060.12           161656.23
12/01/2016     1069.06     1080.69     1046.70     1046.70           436702.10
11/29/2016     1054.75     1054.75     1004.65     1036.86           257993.83
11/28/2016     1091.43     1099.48     1037.75     1037.75           211627.48
11/25/2016     1069.06     1091.43     1069.06     1088.75           140457.16
11/24/2016     1044.02     1071.75     1034.17     1071.75           109136.40
11/23/2016     1019.86     1044.02     1008.23     1042.23           318863.62
11/22/2016     1033.28     1033.28      969.76     1001.97           532011.31
11/21/2016     1073.54     1079.80     1028.81     1028.81           156888.82
11/18/2016     1079.80     1079.80     1062.80     1073.54           135762.40
11/17/2016     1107.53     1113.80     1078.01     1078.01           112450.68
11/16/2016     1089.64     1109.32     1081.59     1091.43           184666.15
11/15/2016     1082.48     1091.43     1055.64     1078.90           290806.84
11/14/2016     1118.27     1120.06     1073.54     1073.54           217646.84
11/11/2016     1187.15     1187.15     1119.16     1129.90           446505.20
11/10/2016     1180.89     1216.68     1180.89     1194.31           117715.52
11/09/2016     1230.10     1230.10     1161.21     1180.89           164294.24
11/08/2016     1217.57     1232.78     1206.84     1221.15            87255.47
11/07/2016     1207.73     1225.62     1191.63     1216.68           130877.61
11/04/2016     1194.31     1239.94     1180.89     1237.25           156670.85
11/03/2016     1167.47     1204.15     1167.47     1198.78           198135.64
11/02/2016     1180.89     1185.36     1163.89     1174.63           170011.79
10/28/2016     1171.94     1181.79     1161.21     1172.84           169536.72
10/27/2016     1195.20     1195.20     1171.94     1171.94           265701.06
10/26/2016     1210.41     1210.41     1188.94     1196.10           205764.62
10/25/2016     1228.31     1232.78     1217.57     1226.52           123544.84
10/24/2016     1267.67     1270.35     1225.62     1228.31           185292.11
10/21/2016     1288.24     1288.24     1244.41     1270.35            39240.37
10/20/2016     1261.41     1281.98     1261.41     1274.83            92447.65
10/19/2016     1261.41     1281.09     1261.41     1277.51           154496.73
10/18/2016     1198.78     1269.46     1197.89     1261.41           170514.80
10/17/2016     1212.20     1213.10     1195.20     1198.78           138791.64
10/14/2016     1180.89     1252.46     1180.89     1194.31           134655.78
10/13/2016     1223.83     1223.83     1189.84     1189.84           351587.22
10/12/2016     1251.57     1251.57     1221.15     1225.62           268780.60
10/11/2016     1240.83     1261.41     1239.94     1251.57           174835.10
10/10/2016     1261.41     1261.41     1238.15     1239.04           368097.12
10/07/2016     1249.78     1266.77     1247.99     1261.41           301766.87
10/06/2016     1249.78     1270.35     1248.88     1249.78           218501.95
10/05/2016     1274.83     1274.83     1249.78     1252.46           428944.57
10/04/2016     1270.35     1274.83     1267.67     1268.56           158123.99
10/03/2016     1288.24     1288.24     1268.56     1270.35           158202.23
09/30/2016     1310.61     1318.66     1283.77     1288.24           185403.89
09/29/2016     1320.45     1324.03     1315.08     1315.08           180479.99
09/28/2016     1319.56     1322.24     1298.09     1313.29           266483.52
09/27/2016     1323.13     1323.13     1297.19     1297.19           397920.03
09/26/2016     1324.03     1324.03     1310.61     1323.13           125484.23
09/23/2016     1307.03     1329.40     1307.03     1324.03           157514.79
09/22/2016     1298.09     1325.82     1298.09     1324.03           294780.62
09/21/2016     1308.82     1308.82     1288.24     1297.19            69107.98
09/20/2016     1243.51     1304.35     1243.51     1304.35           235671.36
09/19/2016     1253.36     1268.56     1253.36     1261.41           182218.16
09/16/2016     1301.66     1301.66     1253.36     1253.36           329667.16
09/15/2016     1279.30     1301.66     1279.30     1301.66           263308.96
09/14/2016     1297.19     1298.98     1279.30     1279.30           299771.60
09/13/2016     1322.24     1322.24     1298.09     1303.45           470599.38
09/09/2016     1368.76     1368.76     1320.45     1324.03           299922.50
09/08/2016     1323.13     1337.45     1307.03     1331.19           293763.43
09/07/2016     1352.66     1352.66     1318.66     1324.03           484420.98
09/06/2016     1342.82     1349.97     1342.82     1345.50           282892.82
09/05/2016     1362.50     1374.13     1351.76     1359.81            63541.34
09/02/2016     1350.87     1371.44     1350.87     1362.50           336709.30
09/01/2016     1364.29     1364.29     1334.77     1350.87           319176.61
08/31/2016     1374.13     1379.49     1341.92     1373.23           240751.76
08/30/2016     1366.08     1376.81     1366.08     1374.13           350324.10
08/26/2016     1380.39     1382.18     1377.71     1380.39           117944.67
08/25/2016     1378.60     1380.39     1368.76     1380.39            77798.88
08/24/2016     1375.92     1378.60     1368.76     1378.60           213796.01
08/23/2016     1376.81     1382.18     1375.92     1379.49            84226.23
08/22/2016     1368.76     1382.18     1364.29     1376.81            97818.68
08/19/2016     1366.97     1383.97     1364.29     1368.76           176958.92
08/18/2016     1376.81     1380.39     1366.08     1368.76           239505.41
08/17/2016     1368.76     1376.81     1347.29     1376.81           449869.78
08/16/2016     1386.65     1386.65     1341.92     1341.92           263817.56
08/15/2016     1373.23     1391.12     1373.23     1377.71           157274.46
08/12/2016     1390.23     1392.02     1373.23     1373.23           245977.48
08/11/2016     1395.60     1396.49     1377.71     1390.23           736300.44
08/10/2016     1452.85     1462.69     1443.01     1449.28           201651.12
08/09/2016     1441.22     1452.85     1440.33     1447.49           386088.12
08/08/2016     1431.38     1449.28     1406.33     1440.33           130134.27
08/05/2016     1430.49     1431.38     1421.54     1431.38           107169.07
08/04/2016     1392.02     1430.49     1368.76     1430.49           109555.58
08/03/2016     1417.96     1417.96     1386.65     1392.91           142692.76
08/02/2016     1423.33     1429.59     1395.60     1413.49           119252.49
08/01/2016     1386.65     1428.70     1386.65     1422.44           155374.20
07/29/2016     1404.55     1404.55     1377.71     1377.71            64329.39
07/28/2016     1385.76     1400.07     1384.86     1400.07           169341.11
07/27/2016     1386.65     1404.55     1386.65     1395.60           110891.35
07/26/2016     1410.81     1410.81     1386.65     1387.55            86445.06
07/25/2016     1400.07     1419.75     1400.07     1410.81           163433.54
07/22/2016     1400.07     1406.33     1392.91     1400.07            63574.87
07/21/2016     1407.23     1407.23     1395.60     1401.86            78352.19
07/20/2016     1395.60     1407.23     1385.76     1407.23           165087.88
07/19/2016     1385.76     1403.65     1384.86     1395.60           139602.04
07/18/2016     1389.34     1392.91     1377.71     1385.76           102004.84
07/15/2016     1368.76     1391.12     1368.76     1389.34           206295.58
07/14/2016     1350.87     1377.71     1335.66     1368.76           207877.26
07/13/2016     1359.81     1368.76     1341.92     1350.87           105805.36
07/12/2016     1332.98     1359.81     1332.98     1359.81           267808.11
07/11/2016     1324.92     1337.45     1319.56     1328.50           112182.41
07/08/2016     1298.09     1315.08     1298.09     1315.08            67788.98
07/07/2016     1315.08     1319.56     1302.56     1306.14           266612.06
07/05/2016     1325.82     1327.61     1301.66     1306.14           147929.65
07/04/2016     1314.19     1328.50     1311.51     1317.77           122974.77
07/01/2016     1297.19     1310.61     1297.19     1310.61           182223.75
06/30/2016     1315.08     1341.03     1274.83     1288.24           218876.42
06/29/2016     1318.66     1324.03     1310.61     1315.08           144185.02
06/28/2016     1315.08     1315.08     1286.46     1293.61           163288.22
06/27/2016     1297.19     1358.03     1273.93     1314.19           159034.99
06/24/2016     1359.81     1364.29     1288.24     1312.40           205172.19
06/23/2016     1359.81     1359.81     1331.19     1341.92            76401.63
06/22/2016     1341.92     1359.81     1341.92     1359.81           258787.46
06/21/2016     1297.19     1346.39     1294.51     1341.92           408662.09
06/20/2016     1288.24     1296.30     1266.77     1292.72           176528.56
06/17/2016     1287.35     1292.72     1270.35     1280.19           254763.38
06/16/2016     1286.46     1291.82     1281.98     1287.35           108745.17
06/15/2016     1288.24     1288.24     1274.83     1286.46           115077.51
06/14/2016     1287.35     1288.24     1259.62     1288.24           118151.46
06/13/2016     1270.35     1294.51     1259.62     1294.51            42286.37
06/10/2016     1256.93     1281.98     1256.93     1270.35            73098.53
06/09/2016     1296.30     1296.30     1255.14     1256.93           114546.55
06/08/2016     1314.19     1316.87     1270.35     1270.35           114395.65
06/07/2016     1292.72     1316.87     1284.67     1307.93           321289.25
06/06/2016     1287.35     1287.35     1263.20     1273.93            71516.84
06/03/2016     1259.62     1278.40     1255.14     1262.30            70382.28
06/02/2016     1256.93     1262.30     1252.46     1256.93            98427.88
06/01/2016     1269.46     1285.56     1252.46     1265.88           135639.44
05/31/2016     1288.24     1288.24     1247.99     1247.99           412054.61
05/30/2016     1284.67     1300.77     1279.30     1297.19            76418.40
05/27/2016     1279.30     1297.19     1265.88     1288.24           297172.72
05/26/2016     1281.09     1281.98     1256.93     1274.83            56739.53
05/25/2016     1252.46     1276.62     1252.46     1276.62           122281.73
05/24/2016     1234.57     1252.46     1234.57     1247.99            56767.47
05/23/2016     1243.51     1245.30     1233.67     1236.36            83421.41
05/20/2016     1261.41     1271.25     1234.57     1234.57           102608.45
05/19/2016     1279.30     1280.19     1272.14     1279.30           166809.29
05/18/2016     1292.72     1292.72     1265.88     1279.30           251069.06
05/17/2016     1314.19     1314.19     1274.83     1292.72           126166.08
05/16/2016     1261.41     1306.14     1261.41     1301.66           217434.45
05/13/2016     1273.04     1317.77     1272.14     1298.09           376044.68
05/12/2016     1265.88     1270.35     1239.94     1261.41           107074.06
05/11/2016     1226.52     1284.67     1226.52     1265.88           230747.45
05/10/2016     1218.46     1230.99     1194.31     1221.15           229188.12
05/06/2016     1190.73     1250.67     1190.73     1219.36           116139.42
05/05/2016     1189.84     1221.15     1189.84     1203.26           214293.44
05/04/2016     1196.10     1203.26     1190.73     1203.26           205876.40
05/03/2016     1197.89     1204.15     1196.10     1198.78           147952.01
05/02/2016     1207.73     1207.73     1188.05     1198.78            84813.07
04/29/2016     1225.62     1230.99     1218.46     1222.94           105268.81
04/28/2016     1224.73     1241.72     1222.94     1222.94           156844.11
04/27/2016     1223.83     1230.10     1215.78     1223.83            63831.97
04/26/2016     1212.20     1232.78     1212.20     1225.62            75160.87
04/25/2016     1235.46     1237.25     1225.62     1230.99            51435.57
04/22/2016     1234.57     1252.46     1234.57     1235.46            71734.81
04/21/2016     1224.73     1245.30     1221.15     1234.57           123511.31
04/20/2016     1227.41     1243.51     1219.36     1224.73           100205.18
04/19/2016     1250.67     1263.20     1211.31     1219.36           142961.03
04/18/2016     1243.51     1263.20     1243.51     1250.67            55722.33
04/15/2016     1264.98     1264.98     1243.51     1252.46            42068.40
04/14/2016     1265.88     1273.04     1265.88     1268.56           126669.09
04/13/2016     1246.20     1280.19     1246.20     1264.98           237448.66
04/12/2016     1228.31     1253.36     1225.62     1246.20           207860.50
04/11/2016     1213.10     1236.36     1212.20     1228.31           188544.91
04/08/2016     1216.68     1225.62     1209.52     1213.10           128055.17
04/07/2016     1238.15     1238.15     1203.26     1213.99            90374.13
04/06/2016     1249.78     1250.67     1174.63     1209.52           197498.49
04/05/2016     1279.30     1279.30     1224.73     1224.73            57426.97
04/04/2016     1242.62     1261.41     1241.72     1256.04           229992.94
04/01/2016     1252.46     1252.46     1238.15     1241.72            78860.79
03/31/2016     1290.93     1290.93     1239.04     1243.51           309764.73
03/30/2016     1287.35     1287.35     1270.35     1273.93           144855.70
03/29/2016     1281.98     1293.61     1263.20     1267.67           232396.21
03/28/2016     1302.56     1322.24     1295.40     1302.56            92274.39
03/23/2016     1282.88     1309.72     1279.30     1297.19           410629.41
03/22/2016     1283.77     1292.72     1270.35     1282.88           152261.13
03/21/2016     1275.72     1292.72     1274.83     1283.77           233189.84
03/18/2016     1253.36     1265.88     1253.36     1256.93           292287.93
03/17/2016     1252.46     1261.41     1249.78     1252.46           258569.49
03/16/2016     1252.46     1256.93     1230.10     1230.10           149969.64
03/15/2016     1265.88     1279.30     1265.88     1265.88           138936.95
03/14/2016     1270.35     1294.51     1262.30     1265.88           328186.08
03/11/2016     1236.36     1266.77     1236.36     1261.41           264745.34
03/10/2016     1213.10     1254.25     1213.10     1235.46           284312.43
03/09/2016     1207.73     1216.68     1207.73     1213.10           312514.52
03/08/2016     1184.47     1210.41     1180.89     1207.73           605238.39
03/07/2016     1216.68     1217.57     1180.89     1183.58           155413.32
03/04/2016     1212.20     1213.10     1202.36     1206.84           149332.49
03/03/2016     1207.73     1213.99     1192.52     1211.31           308881.67
03/02/2016     1185.36     1198.78     1178.21     1198.78           342527.45
03/01/2016     1172.84     1174.63     1140.63     1174.63           154049.61
02/29/2016     1152.26     1171.94     1151.37     1168.37           247877.74
02/26/2016     1145.11     1153.16     1135.27     1152.26           203842.01
02/24/2016     1136.16     1156.74     1134.37     1145.11           118011.73
02/23/2016     1135.27     1138.84     1129.90     1138.84            48043.04
02/22/2016     1129.00     1129.90     1127.21     1128.11            40346.99
02/19/2016     1136.16     1136.16     1122.74     1127.21           150880.64
02/18/2016     1118.27     1131.69     1109.32     1131.69           119051.29
02/17/2016     1104.85     1105.74     1086.06     1086.96           605193.68
02/16/2016     1118.27     1136.16     1100.38     1100.38           103027.62
02/15/2016     1118.27     1127.21     1113.80     1113.80            35512.51
02/12/2016     1104.85     1118.27     1103.95     1109.32           239538.95
02/11/2016     1112.01     1112.90     1098.59     1103.95            77385.29
02/10/2016     1118.27     1127.21     1100.38     1112.01            22797.53
02/09/2016     1125.42     1125.42     1100.38     1118.27            69644.53
02/05/2016     1112.01     1158.53     1112.01     1138.84           240494.67
02/04/2016     1136.16     1137.06     1118.27     1118.27            32114.39
02/03/2016     1118.27     1125.42     1111.11     1112.01           150880.64
02/02/2016     1127.21     1144.21     1121.85     1127.21           360697.29
02/01/2016     1155.84     1163.00     1146.00     1162.10           932753.79
01/29/2016     1118.27     1154.05     1118.27     1154.05           292505.90
01/28/2016     1118.27     1121.85     1113.80     1118.27           226751.32
01/27/2016     1109.32     1118.27     1105.74     1116.48           207150.69
01/26/2016     1097.69     1136.16     1082.48     1105.74           274173.98
01/25/2016     1108.43     1109.32     1086.06     1103.06           228098.27
01/22/2016     1104.85     1104.85     1086.96     1095.90           277946.56
01/21/2016     1131.69     1131.69     1100.38     1104.85           324994.76
01/20/2016     1136.16     1154.05     1127.21     1131.69           308043.32
01/19/2016     1150.47     1163.00     1150.47     1150.47            74702.57
01/18/2016     1140.63     1158.53     1139.74     1150.47            69728.36
01/15/2016     1176.42     1176.42     1159.42     1163.00            97287.72
01/14/2016     1148.68     1157.63     1145.11     1154.05           147449.00
01/13/2016     1155.84     1173.73     1155.84     1162.10           112193.58
01/12/2016     1155.84     1185.36     1151.37     1151.37            65430.42
01/11/2016     1176.42     1188.05     1154.05     1155.84           363173.22
01/08/2016     1207.73     1207.73     1172.84     1198.78           161158.81
01/07/2016     1199.68     1208.62     1195.20     1207.73           241020.03
01/06/2016     1199.68     1210.41     1199.68     1207.73           197750.00
01/05/2016     1177.31     1208.62     1175.52     1200.57           185532.44
01/04/2016     1207.73     1216.68     1180.89     1180.89            87713.76
12/29/2015     1216.68     1216.68     1179.10     1180.89            81990.63
12/28/2015     1186.26     1215.78     1186.26     1215.78            64787.69
12/23/2015     1196.10     1208.62     1195.20     1203.26            98863.82
12/22/2015     1127.21     1194.31     1127.21     1189.84           163321.76
12/21/2015     1152.26     1165.68     1127.21     1149.58           146498.87
12/18/2015     1109.32     1129.00     1091.43     1129.00           174728.90
12/17/2015     1142.42     1158.53     1127.21     1128.11            77860.36
12/16/2015     1122.74     1144.21     1122.74     1125.42           225817.95
12/15/2015     1153.16     1153.16     1118.27     1119.16           106889.62
12/14/2015     1095.90     1162.10     1086.96     1162.10            81951.51
12/11/2015     1095.90     1112.90     1091.43     1094.11            77793.29
12/10/2015     1118.27     1118.27     1095.01     1095.01            63239.53
12/09/2015     1111.11     1111.11     1090.54     1091.43           175254.27
12/08/2015     1131.69     1131.69     1111.11     1114.69           103307.07
12/07/2015     1145.11     1145.11     1133.48     1134.37            50854.31
12/04/2015     1148.68     1148.68     1122.74     1131.69           206714.75
12/03/2015     1154.05     1155.84     1142.42     1149.58            85902.93
12/02/2015     1154.05     1158.53     1154.05     1154.05            58058.53
12/01/2015     1154.05     1162.10     1142.42     1154.05           288705.38
11/27/2015     1154.95     1154.95     1131.69     1131.69           250940.51
11/26/2015     1154.05     1161.21     1149.58     1154.05           137539.70
11/25/2015     1158.53     1159.42     1152.26     1158.53           119962.29
11/24/2015     1149.58     1154.05     1149.58     1152.26           163500.60
11/23/2015     1150.47     1158.53     1149.58     1154.95           123259.80
11/20/2015     1163.00     1163.00     1149.58     1150.47           257753.50
11/17/2015     1164.79     1165.68     1149.58     1149.58           118324.72
11/16/2015     1169.26     1169.26     1149.58     1161.21           140529.81
11/13/2015     1186.26     1186.26     1171.05     1186.26            96935.61
11/12/2015     1216.68     1216.68     1183.58     1183.58           157498.02
11/11/2015     1179.10     1190.73     1177.31     1183.58           167222.88
11/10/2015     1172.84     1191.63     1172.84     1189.84            72114.87
11/09/2015     1198.78     1216.68     1173.73     1185.36           103206.47
11/06/2015     1219.36     1221.15     1214.89     1216.68           150025.53
11/05/2015     1216.68     1224.73     1211.31     1218.46           212594.38
11/04/2015     1223.83     1223.83     1205.05     1215.78           205049.23
11/03/2015     1198.78     1221.15     1198.78     1207.73           208201.43
11/02/2015     1189.84     1207.73     1171.94     1198.78            55269.62
10/30/2015     1201.47     1201.47     1175.52     1175.52           160169.56
10/29/2015     1209.52     1213.10     1190.73     1202.36           111623.51
10/28/2015     1229.20     1229.20     1198.78     1213.10            76546.94
10/27/2015     1216.68     1230.10     1212.20     1230.10            42359.03
10/26/2015     1204.15     1224.73     1181.79     1216.68           210912.09
10/23/2015     1186.26     1204.15     1182.68     1182.68           131777.44
10/22/2015     1158.53     1187.15     1158.53     1181.79           144827.76
10/21/2015     1185.36     1204.15     1180.89     1185.36           145079.26
10/20/2015     1157.63     1185.36     1154.05     1185.36            84276.53
10/19/2015     1159.42     1165.68     1154.05     1157.63            99450.66
10/16/2015     1180.89     1197.89     1145.11     1159.42           494615.32
10/15/2015     1194.31     1194.31     1179.10     1180.89           184056.95
10/14/2015     1221.15     1221.15     1190.73     1196.10            18801.40
10/13/2015     1207.73     1207.73     1187.15     1189.84           104234.85
10/12/2015     1230.10     1230.99     1182.68     1207.73           193440.88
10/09/2015     1219.36     1231.88     1208.62     1226.52           163338.52
10/08/2015     1205.94     1225.62     1205.94     1215.78           337888.58
10/07/2015     1196.99     1207.73     1196.10     1200.57           236666.20
10/06/2015     1198.78     1209.52     1198.78     1206.84           209062.13
10/05/2015     1163.00     1204.15     1163.00     1189.84           468727.07
10/02/2015     1163.00     1163.89     1158.53     1161.21           222660.17
10/01/2015     1152.26     1163.89     1150.47     1163.00           250046.27
09/30/2015     1118.27     1131.69     1117.37     1131.69           158068.10
09/29/2015     1127.21     1131.69     1097.69     1117.37           159146.77
09/28/2015     1126.32     1145.11     1119.16     1127.21           146504.46
09/24/2015     1103.95     1113.80     1091.43     1104.85           219480.03
09/23/2015     1120.06     1122.74     1095.90     1095.90           350072.60
09/22/2015     1149.58     1154.05     1122.74     1123.64            95169.49
09/21/2015     1163.00     1163.00     1124.53     1136.16           130346.66
09/18/2015     1152.26     1176.42     1146.00     1163.00           419812.14
09/17/2015     1139.74     1162.10     1139.74     1152.26           239237.14
09/16/2015     1135.27     1145.11     1131.69     1138.84           208838.57
09/15/2015     1131.69     1136.16     1123.64     1134.37           214567.30
09/14/2015     1123.64     1129.00     1123.64     1124.53           161734.48
09/11/2015     1111.11     1131.69     1111.11     1124.53           209442.18
09/10/2015     1117.37     1131.69     1110.22     1122.74           435807.86
09/09/2015     1118.27     1127.21     1107.53     1117.37           367907.10
09/08/2015     1106.64     1118.27     1103.95     1107.53            84813.07
09/07/2015     1111.11     1112.01     1095.90     1106.64           102183.69
09/04/2015     1126.32     1127.21     1122.74     1125.42           170866.91
09/03/2015     1119.16     1131.69     1119.16     1127.21           535549.15
09/02/2015     1109.32     1122.74     1100.38     1118.27           405800.52
09/01/2015     1134.37     1141.53     1131.69     1136.16           720813.32
08/28/2015     1109.32     1136.16     1095.90     1136.16           466558.54
08/27/2015     1073.54     1112.01     1064.59     1100.38           628751.31
08/26/2015     1073.54     1082.48     1043.12     1064.59           921139.85
08/25/2015     1010.91     1073.54     1001.97     1055.64           401977.64
08/24/2015     1078.01     1078.01     1001.97     1016.28           747433.73
08/20/2015     1153.16     1153.16     1122.74     1130.79           396103.60
08/19/2015     1152.26     1158.53     1147.79     1154.05           396712.80
08/18/2015     1166.58     1167.47     1153.16     1157.63           233765.51
08/17/2015     1175.52     1181.79     1167.47     1171.94           187639.49
08/14/2015     1179.10     1185.36     1173.73     1173.73           150064.65
08/13/2015     1201.47     1201.47     1163.89     1179.10           585514.81
08/12/2015     1216.68     1216.68     1204.15     1209.52           197917.67
08/11/2015     1230.10     1233.67     1216.68     1225.62           437255.41
08/10/2015     1241.72     1244.41     1230.10     1240.83           271955.15
08/07/2015     1279.30     1279.30     1230.99     1241.72           187091.77
08/06/2015     1288.24     1296.30     1276.62     1279.30           161935.68
08/05/2015     1252.46     1287.35     1247.09     1278.40           221234.97
08/04/2015     1230.99     1269.46     1230.99     1261.41            38575.28
08/03/2015     1260.51     1260.51     1227.41     1256.04           391772.13
07/31/2015     1261.41     1261.41     1230.10     1252.46           284301.25
07/30/2015     1213.10     1241.72     1213.10     1239.04           174203.54
07/29/2015     1228.31     1250.67     1226.52     1243.51           131185.01
07/28/2015     1243.51     1243.51     1232.78     1235.46           349312.50
07/27/2015     1248.88     1254.25     1246.20     1252.46            89373.70
07/24/2015     1257.83     1270.35     1253.36     1261.41           192831.68
07/23/2015     1256.04     1260.51     1239.94     1257.83           124567.63
07/22/2015     1232.78     1264.98     1232.78     1264.98           311832.66
07/21/2015     1229.20     1239.94     1229.20     1234.57            75401.20
07/20/2015     1234.57     1245.30     1225.62     1230.10           197705.28
07/16/2015     1225.62     1238.15     1221.15     1234.57           150042.29
07/15/2015     1215.78     1225.62     1214.89     1225.62            95678.09
07/14/2015     1229.20     1229.20     1215.78     1221.15           164903.44
07/13/2015     1176.42     1220.25     1176.42     1220.25            30756.27
07/10/2015     1171.94     1180.00     1163.00     1176.42           136768.42
07/09/2015     1184.47     1188.94     1174.63     1176.42           357366.24
07/08/2015     1197.89     1197.89     1189.84     1193.42           256384.19
07/07/2015     1201.47     1204.15     1196.10     1197.89           261129.25
07/06/2015     1207.73     1211.31     1201.47     1201.47           212516.13
07/03/2015     1214.89     1225.62     1203.26     1203.26           150897.41
07/02/2015     1234.57     1238.15     1209.52     1215.78           244624.94
07/01/2015     1222.04     1244.41     1204.15     1238.15            89323.40
06/30/2015     1205.94     1224.73     1205.94     1222.04           220201.01
06/29/2015     1207.73     1227.41     1207.73     1220.25           198510.10
06/26/2015     1238.15     1238.15     1213.99     1226.52           194061.26
06/25/2015     1244.41     1244.41     1224.73     1227.41           172856.59
06/24/2015     1238.15     1238.15     1221.15     1237.25            70650.55
06/23/2015     1243.51     1248.88     1234.57     1238.15           222693.70
06/22/2015     1243.51     1247.99     1171.94     1234.57            93095.97
06/19/2015     1234.57     1243.51     1223.83     1243.51           155418.91
06/18/2015     1221.15     1239.94     1221.15     1222.94           280757.82
06/17/2015     1234.57     1234.57     1214.89     1222.04           170984.27
06/16/2015     1214.89     1239.94     1212.20     1228.31           376257.06
06/15/2015     1216.68     1228.31     1211.31     1212.20           240299.05
06/11/2015     1180.89     1210.41     1180.89     1208.62           357455.67
06/10/2015     1163.00     1183.58     1151.37     1163.89           301358.88
06/09/2015     1208.62     1208.62     1154.05     1163.00           311106.09
06/08/2015     1214.89     1214.89     1205.94     1210.41           141535.83
06/05/2015     1192.52     1239.04     1192.52     1239.04           315996.47
06/04/2015     1190.73     1217.57     1190.73     1209.52           119939.94
06/03/2015     1230.99     1230.99     1189.84     1189.84           284804.26
06/02/2015     1234.57     1234.57     1198.78     1216.68           423053.76
06/01/2015     1243.51     1243.51     1218.46     1234.57           566618.40
05/29/2015     1239.04     1248.88     1226.52     1248.88          7380917.15
05/28/2015     1271.25     1271.25     1221.15     1239.04           675045.00
05/27/2015     1286.46     1286.46     1225.62     1252.46           650403.10
05/26/2015     1275.72     1287.35     1275.72     1276.62           667186.87
05/25/2015     1277.51     1288.24     1270.35     1275.72           223727.67
05/22/2015     1296.30     1296.30     1266.77     1277.51           246759.94
05/21/2015     1296.30     1301.66     1287.35     1291.82           286212.69
05/20/2015     1292.72     1296.30     1279.30     1293.61           509666.49
05/19/2015     1280.19     1293.61     1264.09     1279.30           317566.98
05/18/2015     1263.20     1286.46     1263.20     1280.19           505966.57
05/15/2015     1256.04     1267.67     1256.04     1261.41           494324.69
05/14/2015     1256.93     1261.41     1249.78     1255.14           671071.22
05/13/2015     1230.10     1256.93     1230.10     1243.51          1213925.20
05/12/2015     1149.58     1171.94     1149.58     1165.68           360205.46
05/11/2015     1156.74     1168.37     1156.74     1163.00           112305.36
05/08/2015     1158.53     1167.47     1152.26     1156.74           221072.89
05/07/2015     1180.89     1180.89     1149.58     1158.53           311776.77
05/06/2015     1180.89     1189.84     1167.47     1180.89           238192.00
05/05/2015     1149.58     1179.10     1149.58     1176.42           289515.79
05/04/2015     1130.79     1144.21     1121.85     1138.84           257379.04
04/30/2015     1158.53     1160.32     1112.90     1123.64           519810.53
04/29/2015     1158.53     1175.52     1145.11     1149.58           360669.34
04/28/2015     1186.26     1187.15     1154.05     1159.42           287989.99
04/27/2015     1203.26     1217.57     1192.52     1198.78           140390.09
04/24/2015     1210.41     1217.57     1194.31     1196.99           107152.31
04/23/2015     1155.84     1207.73     1155.84     1207.73           310245.39
04/22/2015     1115.58     1145.11     1115.58     1145.11           170844.55
04/21/2015     1122.74     1133.48     1089.64     1100.38           466195.25
04/20/2015     1158.53     1162.10     1104.85     1112.01           549102.48
04/17/2015     1189.84     1191.63     1159.42     1159.42           574504.48
04/16/2015     1204.15     1207.73     1171.94     1189.84           550181.15
04/15/2015     1225.62     1247.99     1173.73     1204.15           573213.42
04/14/2015     1194.31     1244.41     1194.31     1225.62           352224.36
04/13/2015     1196.10     1215.78     1187.15     1202.36           509001.40
04/10/2015     1202.36     1216.68     1188.05     1195.20           367281.13
04/08/2015     1209.52     1216.68     1194.31     1202.36           167837.67
04/07/2015     1234.57     1236.36     1194.31     1204.15           190903.47
04/06/2015     1234.57     1243.51     1232.78     1234.57           111517.32
04/01/2015     1196.99     1234.57     1188.94     1234.57           236682.97
03/31/2015     1185.36     1197.89     1179.10     1196.99           172487.72
03/30/2015     1207.73     1207.73     1184.47     1184.47            62607.98
03/27/2015     1190.73     1209.52     1181.79     1181.79            56141.50
03/26/2015     1180.89     1220.25     1171.94     1190.73           266796.50
03/25/2015     1166.58     1189.84     1163.00     1180.89           259324.01
03/24/2015     1161.21     1164.79     1154.05     1159.42           236375.57
03/23/2015     1170.16     1180.00     1160.32     1164.79           339313.77
03/20/2015     1180.89     1180.89     1170.16     1170.16           257474.05
03/19/2015     1185.36     1196.10     1182.68     1185.36           312408.33
03/18/2015     1177.31     1207.73     1176.42     1180.89           280271.58
03/17/2015     1189.84     1193.42     1163.00     1177.31           173594.34
03/16/2015     1198.78     1198.78     1176.42     1190.73           189824.79
03/13/2015     1171.94     1198.78     1171.94     1189.84           164210.41
03/12/2015     1127.21     1171.05     1127.21     1167.47           278695.48
03/11/2015     1129.90     1129.90     1116.48     1127.21           299536.86
03/10/2015     1139.74     1149.58     1130.79     1137.06            88619.18
03/09/2015     1154.05     1157.63     1132.58     1140.63           161689.77
03/06/2015     1163.00     1170.16     1145.11     1155.84           169061.66
03/05/2015     1151.37     1158.53     1137.95     1137.95           104279.56
03/04/2015     1127.21     1157.63     1109.32     1142.42            99344.47
03/03/2015     1086.96     1140.63     1086.96     1126.32           357438.90
03/02/2015     1055.64     1086.96     1055.64     1085.17            98394.34
02/27/2015     1073.54     1073.54     1055.64     1055.64            80721.93
02/26/2015     1071.75     1071.75     1061.91     1068.17            93783.42
02/25/2015     1081.59     1081.59     1064.59     1071.75           118028.50
02/24/2015     1073.54     1076.22     1070.85     1071.75           232183.82
02/23/2015     1078.01     1078.01     1072.64     1073.54           110064.18
02/20/2015     1072.64     1078.01     1063.70     1078.01            69510.39
02/18/2015     1073.54     1074.43     1065.49     1065.49           109695.30
02/17/2015     1073.54     1073.54     1064.59     1069.06           158934.39
02/16/2015     1088.75     1090.54     1067.28     1073.54           149159.23
02/13/2015     1073.54     1091.43     1071.75     1078.01           444811.74
02/12/2015     1069.06     1082.48     1055.64     1071.75           185146.80
02/11/2015     1073.54     1096.80     1073.54     1078.01           374088.53
02/10/2015     1062.80     1073.54     1060.12     1073.54           311212.28
02/09/2015     1055.64     1067.28     1044.02     1061.91           255232.86
02/06/2015     1064.59     1064.59     1042.23     1051.17           231909.96
02/05/2015     1073.54     1073.54     1053.86     1055.64           144330.33
02/04/2015     1073.54     1095.90     1071.75     1082.48           490077.05
02/03/2015     1028.81     1095.90     1023.44     1073.54           669964.60
02/02/2015     1084.27     1084.27     1028.81     1055.64           256132.69
01/30/2015     1084.27     1084.27     1054.75     1082.48           218569.02
01/29/2015     1067.28     1091.43     1067.28     1082.48           431325.48
01/28/2015     1051.17     1066.38     1050.28     1066.38            93218.93
01/27/2015     1051.17     1065.49     1050.28     1062.80           177920.22
01/26/2015     1052.07     1061.01     1043.12     1052.07           124293.77
01/23/2015     1046.70     1058.33     1044.02     1049.38           271228.58
01/22/2015     1025.23     1046.70     1019.86     1045.80           519089.55
01/21/2015     1053.86     1053.86      984.08     1043.12           124897.38
01/20/2015     1010.02     1049.38      993.02     1027.91           383824.57
01/19/2015      984.08     1017.18      984.08     1010.91           291952.59
01/14/2015      984.08     1001.97      983.18      987.65            98992.37
01/13/2015      984.08      984.08      979.60      981.39            32108.80
01/12/2015      991.23      991.23      975.13      983.18           169777.05
01/09/2015      984.08     1011.81      979.60      993.02           291455.17
01/08/2015      966.18      975.13      965.29      967.97           241741.01
01/07/2015      970.66      970.66      965.29      967.08           301912.19
01/06/2015      981.39      981.39      961.71      970.66           341951.78
01/05/2015      930.40      984.08      930.40      984.08           118095.57
