ICT  1216

12/27/2019      129.00      131.30      127.10      128.60          1669580.00
12/26/2019      127.50      129.40      125.20      129.40           523710.00
12/23/2019      126.60      129.90      126.60      128.30          2567870.00
12/20/2019      130.00      130.00      124.70      130.00          4444120.00
12/19/2019      133.00      133.00      127.20      130.00          4434910.00
12/18/2019      134.90      134.90      130.10      133.00          2513860.00
12/17/2019      125.00      135.00      124.20      135.00          4820100.00
12/16/2019      126.80      130.80      125.20      127.90          1844850.00
12/13/2019      122.90      126.60      120.00      126.00          2882280.00
12/12/2019      120.00      121.40      117.50      121.40          4270550.00
12/11/2019      118.00      121.70      117.20      120.50          1140780.00
12/10/2019      117.60      119.30      117.00      117.00          1046210.00
12/09/2019      120.20      120.90      118.20      119.50           983270.00
12/06/2019      118.00      120.90      117.10      120.00           797190.00
12/05/2019      123.20      123.30      118.50      119.00          1934710.00
12/04/2019      122.80      123.80      120.20      123.30          1601380.00
12/03/2019      119.80      124.10      119.80      122.80          1676430.00
12/02/2019      121.50      124.50      121.50      124.00          1384170.00
11/29/2019      121.20      124.00      121.10      123.60           588410.00
11/28/2019      121.50      123.50      121.00      123.20          1208070.00
11/27/2019      122.90      123.40      121.40      123.40          1752050.00
11/26/2019      121.50      123.00      120.40      123.00          3834300.00
11/25/2019      119.70      122.20      119.70      121.50          1027110.00
11/22/2019      120.50      122.90      119.20      121.80          2064740.00
11/21/2019      121.00      125.00      120.80      122.00          2556290.00
11/20/2019      121.20      125.90      119.90      124.00          1326840.00
11/19/2019      119.90      123.30      119.90      122.10           919750.00
11/18/2019      123.00      123.00      119.60      122.30           589820.00
11/15/2019      120.50      122.80      120.50      122.20          1242200.00
11/14/2019      122.40      124.50      120.50      122.00          1502610.00
11/13/2019      122.40      124.00      122.20      124.00           503860.00
11/12/2019      126.00      126.00      122.00      123.90          1226030.00
11/11/2019      123.80      126.00      123.10      124.00           732960.00
11/08/2019      124.00      124.00      121.20      123.80           902090.00
11/07/2019      123.80      123.90      121.10      123.80          1742630.00
11/06/2019      122.80      124.00      122.20      123.70           965640.00
11/05/2019      122.00      125.00      122.00      125.00          3143460.00
11/04/2019      121.80      124.10      120.00      122.00          2303440.00
10/31/2019      122.10      122.50      118.50      118.70          1779790.00
10/30/2019      123.50      123.50      121.80      122.10           934550.00
10/29/2019      123.40      123.40      120.00      123.00          1083980.00
10/28/2019      122.00      123.40      121.60      122.40          1122820.00
10/25/2019      122.90      123.20      121.70      122.70          1154970.00
10/24/2019      122.30      123.50      121.50      122.90          1088010.00
10/23/2019      123.00      123.70      121.10      123.00          1318130.00
10/22/2019      121.60      123.70      121.30      123.70          1756410.00
10/21/2019      121.80      123.10      121.70      123.00          2015780.00
10/18/2019      122.90      122.90      121.50      121.70          1831600.00
10/17/2019      121.30      123.40      120.60      122.00          1475030.00
10/16/2019      120.50      122.20      120.00      121.30          1275220.00
10/15/2019      120.10      122.00      120.10      121.00          1924270.00
10/14/2019      119.00      122.00      119.00      121.00          1046970.00
10/11/2019      120.30      121.40      118.50      120.00          2132150.00
10/10/2019      115.60      120.80      115.60      118.00          2712970.00
10/09/2019      118.80      118.80      114.10      116.00          1659310.00
10/08/2019      120.10      122.80      117.80      119.00          2926020.00
10/07/2019      120.40      121.60      118.00      121.10          1283060.00
10/04/2019      121.30      121.80      118.10      121.00          2630380.00
10/03/2019      115.50      121.10      115.00      120.60          3017150.00
10/02/2019      121.70      121.70      115.50      115.50          1847240.00
10/01/2019      120.10      120.20      116.70      120.00          1285620.00
09/30/2019      122.50      122.90      120.00      120.40          2644620.00
09/27/2019      127.00      127.10      122.10      122.50          3137290.00
09/26/2019      128.00      128.10      126.50      127.00          1298630.00
09/25/2019      130.10      130.70      128.50      129.10           962940.00
09/24/2019      129.20      130.90      129.20      130.00          1153570.00
09/23/2019      130.00      132.60      129.20      130.00          1630260.00
09/20/2019      130.90      133.40      130.00      131.40          2048070.00
09/19/2019      129.50      130.80      129.10      130.00           964400.00
09/18/2019      132.00      132.80      129.20      130.00           823170.00
09/17/2019      134.00      136.80      131.90      133.30           745260.00
09/16/2019      132.50      137.20      131.20      137.20          1378640.00
09/13/2019      131.60      133.50      131.00      131.40           614280.00
09/12/2019      133.30      135.50      132.00      132.00          1272020.00
09/11/2019      134.30      138.50      132.00      135.00          1076190.00
09/10/2019      129.50      134.90      129.50      134.00          1194250.00
09/09/2019      131.00      133.00      129.30      131.60           624390.00
09/06/2019      129.90      131.00      127.60      131.00           670220.00
09/05/2019      126.00      128.50      126.00      127.40          1470970.00
09/04/2019      130.00      132.70      125.50      126.00          1851370.00
09/03/2019      134.00      134.00      129.40      130.20           728810.00
09/02/2019      135.70      135.70      133.00      133.50           293780.00
08/30/2019      132.70      135.80      132.10      135.80          1854410.00
08/29/2019      131.00      131.00      128.30      130.00          3071800.00
08/28/2019      131.10      131.10      127.30      130.00          3862350.00
08/27/2019      130.00      131.10      125.10      131.10          7070270.00
08/23/2019      129.90      132.30      128.90      132.30          1657610.00
08/22/2019      129.00      131.40      127.00      130.00          1856430.00
08/20/2019      131.80      132.50      130.00      131.00           897960.00
08/19/2019      129.00      131.50      128.20      131.50          1068050.00
08/16/2019      124.00      129.20      124.00      128.50          1017040.00
08/15/2019      124.00      125.90      121.00      124.00          2291130.00
08/14/2019      125.90      130.00      123.90      127.50          1842080.00
08/13/2019      127.40      130.50      120.00      120.00          2311550.00
08/09/2019      130.00      133.90      125.50      125.50          1570540.00
08/08/2019      127.90      134.50      127.90      130.00          3667380.00
08/07/2019      123.10      126.80      123.10      126.00          3333630.00
08/06/2019      123.90      124.50      122.60      122.90          3179130.00
08/05/2019      129.70      130.90      124.60      124.60          2883850.00
08/02/2019      133.10      133.90      129.10      129.70          1519510.00
08/01/2019      134.90      135.40      132.10      135.00          1327560.00
07/31/2019      135.00      135.90      129.90      135.00          1478420.00
07/30/2019      129.30      135.00      129.30      135.00          1514890.00
07/29/2019      132.00      134.00      128.20      129.00           886000.00
07/26/2019      134.30      135.90      132.40      133.00           721990.00
07/25/2019      136.00      137.30      134.10      137.00          1782170.00
07/24/2019      135.30      138.00      131.80      135.00          1077580.00
07/23/2019      139.80      139.80      135.00      135.00          1804140.00
07/22/2019      139.50      143.50      137.60      137.70           751910.00
07/19/2019      143.90      144.00      141.60      141.60          1293940.00
07/18/2019      141.50      145.00      141.20      142.70           703080.00
07/17/2019      143.20      147.00      141.40      141.40           862810.00
07/16/2019      147.40      147.40      143.00      143.00           652590.00
07/15/2019      141.30      147.60      141.30      147.60          1288060.00
07/12/2019      143.00      144.70      142.80      143.60          1061600.00
07/11/2019      143.80      143.80      138.10      142.90          1567140.00
07/10/2019      141.70      143.00      138.00      142.50          1088400.00
07/09/2019      141.50      143.50      141.50      142.00          1141540.00
07/08/2019      143.20      144.70      142.20      142.20          1613800.00
07/05/2019      145.90      146.00      144.00      144.70           348290.00
07/04/2019      145.30      146.90      145.30      146.00           573300.00
07/03/2019      146.00      146.90      144.70      146.50          1085240.00
07/02/2019      144.00      146.40      143.60      146.40          1608570.00
07/01/2019      146.00      146.40      143.50      144.50           671330.00
06/28/2019      144.20      146.40      143.00      146.40          1228960.00
06/27/2019      144.80      147.00      144.40      146.90          1492130.00
06/26/2019      144.80      144.80      143.20      144.40          1264390.00
06/25/2019      143.60      145.80      143.00      144.80           656780.00
06/24/2019      143.70      147.00      143.50      143.50          1940500.00
06/21/2019      144.00      146.80      143.50      144.30          4566410.00
06/20/2019      145.10      147.30      143.30      144.00          1853880.00
06/19/2019      147.60      147.70      145.70      146.50          1369910.00
06/18/2019      143.10      147.80      143.10      147.80          1526510.00
06/17/2019      146.70      147.40      144.70      144.70          1162500.00
06/14/2019      146.00      148.00      142.50      148.00          1892720.00
06/13/2019      148.00      148.90      145.00      148.50          4532200.00
06/11/2019      140.00      146.30      139.90      144.00          3225260.00
06/10/2019      137.50      139.90      136.00      139.90          2921390.00
06/07/2019      136.50      138.00      136.00      137.50          1219190.00
06/06/2019      136.00      137.00      134.90      136.00          1483460.00
06/04/2019      134.90      135.80      134.00      134.90          2597920.00
06/03/2019      136.90      136.90      134.00      134.50          3243470.00
05/31/2019      136.00      137.20      134.80      136.00          2083810.00
05/30/2019      136.00      137.00      135.10      135.90          1571580.00
05/29/2019      135.50      137.70      133.80      134.00          1478260.00
05/28/2019      136.00      138.00      135.00      137.30         13123760.00
05/27/2019      134.30      136.90      134.30      135.90          1124860.00
05/24/2019      135.40      136.00      134.30      134.90          2325740.00
05/23/2019      136.00      137.90      135.40      136.00          1957170.00
05/22/2019      135.40      138.90      135.40      136.00          1357810.00
05/21/2019      138.50      139.90      135.10      135.20          1524340.00
05/20/2019      139.50      142.50      138.00      139.50          1428030.00
05/17/2019      137.10      142.70      135.10      139.90          3908240.00
05/16/2019      142.00      146.00      134.50      134.50          3189410.00
05/15/2019      136.90      144.50      136.70      141.50          2955180.00
05/14/2019      133.50      137.80      133.00      136.20          6414720.00
05/10/2019      133.60      134.10      129.90      133.00          1754930.00
05/09/2019      133.00      134.90      129.30      131.00          4219190.00
05/08/2019      138.50      138.50      131.50      135.00          2836710.00
05/07/2019      128.00      137.90      128.00      136.40          2525040.00
05/06/2019      137.00      137.00      128.00      128.00          2261200.00
05/03/2019      131.70      137.90      130.90      136.70          2838170.00
05/02/2019      127.70      133.00      127.70      131.90          4218080.00
04/30/2019      124.00      126.50      124.00      126.50          2712430.00
04/29/2019      125.20      125.60      124.00      125.60           759800.00
04/26/2019      124.40      126.20      123.20      125.20          2036500.00
04/25/2019      121.40      125.00      121.40      124.00          3219290.00
04/24/2019      120.00      121.90      119.30      121.40          3486780.00
04/23/2019      129.00      129.00      127.30      127.50          2461370.00
04/22/2019      130.00      130.80      128.20      129.30          1172930.00
04/17/2019      125.80      130.00      125.80      129.00          3741570.00
04/16/2019      127.00      127.00      125.40      126.60          2110490.00
04/15/2019      126.00      127.00      125.10      127.00          1276840.00
04/12/2019      131.00      131.20      125.80      127.30          2476700.00
04/11/2019      132.00      133.50      131.10      131.20          2272540.00
04/10/2019      129.90      133.50      129.00      133.30          3870830.00
04/08/2019      123.00      129.60      123.00      129.60          1209660.00
04/05/2019      125.00      126.30      123.10      123.50           743170.00
04/04/2019      128.00      128.40      122.60      123.80          1721900.00
04/03/2019      130.00      130.00      128.20      129.40           851410.00
04/02/2019      129.30      130.00      129.00      130.00          1091140.00
04/01/2019      130.70      131.10      128.10      128.90          1601170.00
03/29/2019      127.50      132.00      127.40      130.70          5065450.00
03/28/2019      126.90      129.00      126.00      127.50          1783720.00
03/27/2019      125.50      127.80      125.10      127.00          2560760.00
03/26/2019      124.00      128.50      122.00      125.50          1615980.00
03/25/2019      124.20      124.30      120.10      124.00          1574850.00
03/22/2019      121.20      124.90      121.20      124.20          3041990.00
03/21/2019      120.00      122.00      119.00      121.40          1271930.00
03/20/2019      122.00      122.50      121.20      122.00          2703910.00
03/19/2019      118.20      122.50      118.20      120.80          5042840.00
03/18/2019      118.20      119.20      118.20      119.00          1470060.00
03/15/2019      119.50      120.00      117.50      119.50          8537360.00
03/14/2019      116.90      122.00      116.90      118.90          4149290.00
03/13/2019      116.90      119.80      116.80      118.30          1570750.00
03/12/2019      114.90      120.40      114.30      119.00          3774330.00
03/11/2019      113.60      114.10      113.00      114.00          2402590.00
03/08/2019      114.90      115.20      113.00      114.00          3787420.00
03/07/2019      114.50      116.00      113.80      114.00          1754890.00
03/06/2019      111.00      116.50      111.00      116.50          6840960.00
03/05/2019      117.50      118.00      112.80      112.80          2515340.00
03/04/2019      112.00      113.00      108.80      113.00          3126440.00
03/01/2019      114.50      114.50      111.20      113.00          3009930.00
02/28/2019      120.10      120.10      116.00      116.00         27250789.00
02/27/2019      119.60      119.90      118.90      119.30          4492040.00
02/26/2019      117.50      121.60      117.50      119.60          4119730.00
02/22/2019      119.00      119.90      119.00      119.40          1996820.00
02/21/2019      119.50      120.00      118.60      119.00          3988990.00
02/20/2019      116.00      121.00      116.00      119.00          4166690.00
02/19/2019      118.80      119.30      117.50      117.80          2746210.00
02/18/2019      115.80      120.00      115.80      118.00          3165020.00
02/15/2019      115.80      116.80      115.00      115.00          2369370.00
02/14/2019      115.00      116.90      114.60      115.90          2946830.00
02/13/2019      116.50      118.30      113.70      115.00          2615570.00
02/12/2019      121.50      122.00      116.90      116.90          8348200.00
02/11/2019      113.00      117.70      113.00      114.70          2271840.00
02/08/2019      110.10      114.20      110.00      114.00          5269130.00
02/07/2019      111.60      111.60      110.20      111.10          3154020.00
02/06/2019      109.00      111.70      109.00      111.00           966700.00
02/04/2019      109.50      110.60      108.60      108.60          1324670.00
02/01/2019      108.00      111.00      107.50      108.50          1700790.00
01/31/2019      106.30      109.50      106.30      108.20          3840200.00
01/30/2019      106.50      107.90      106.10      106.30          1695310.00
01/29/2019      108.90      108.90      106.50      107.50          2358980.00
01/28/2019      107.00      109.60      107.00      108.60          3049540.00
01/25/2019      106.00      108.00      106.00      107.50          2336400.00
01/24/2019      106.00      107.70      106.00      107.40           594590.00
01/23/2019      105.50      107.40      105.50      107.00           685100.00
01/22/2019      107.80      109.00      106.80      107.40          1255010.00
01/21/2019      108.00      110.00      104.00      104.00           430370.00
01/18/2019      106.00      109.00      104.00      108.00          1231670.00
01/17/2019      104.80      106.00      104.00      104.00          1257470.00
01/16/2019      104.30      105.60      102.80      104.80           821320.00
01/15/2019      104.20      105.70      102.30      102.30          1739370.00
01/14/2019      101.30      105.50      101.30      105.00          1229880.00
01/11/2019      103.60      104.50      102.70      104.50           910250.00
01/10/2019      104.70      105.00      102.30      104.60          3315160.00
01/09/2019      100.00      104.60       98.75      104.00          2923920.00
01/08/2019      101.00      101.50       98.80       98.90          1138070.00
01/07/2019      100.00      101.20       99.70      100.00          1539000.00
01/04/2019      100.00      101.90       99.00       99.00          1169420.00
01/03/2019       99.40      100.00       98.95      100.00          1086910.00
01/02/2019       99.00       99.95       98.95       99.50           651950.00
12/28/2018       98.25      100.10       98.00      100.00           734990.00
12/27/2018       99.00      102.00       98.00       98.00           476240.00
12/26/2018       99.95       99.95       98.45       99.00          2110400.00
12/21/2018      101.70      103.00      100.00      103.00          1297890.00
12/20/2018      101.00      103.50      100.90      102.00           857040.00
12/19/2018      100.00      101.30       99.50      101.30          3566850.00
12/18/2018       98.00      100.40       98.00       99.50          3678230.00
12/17/2018       98.00      100.20       96.45       99.00          1690660.00
12/14/2018       96.45       98.35       95.95       98.00          5135640.00
12/13/2018       96.00       96.40       95.05       95.80          3056400.00
12/12/2018       94.40       95.90       93.90       95.05          9263370.00
12/11/2018       94.50       95.95       93.70       94.40          1217830.00
12/10/2018       93.60       94.60       93.50       94.40           409050.00
12/07/2018       93.50       94.95       93.50       94.50           919630.00
12/06/2018       95.00       95.00       93.65       94.00           832430.00
12/05/2018       94.60       95.00       93.50       95.00           799830.00
12/04/2018       93.50       95.60       93.50       95.55          1747340.00
12/03/2018       93.80       95.00       93.50       93.50          3307280.00
11/29/2018       96.50       98.70       93.50       93.50          7414180.00
11/28/2018       97.00       97.80       96.50       96.85          1001370.00
11/27/2018       98.00       98.05       96.60       96.60          2232580.00
11/26/2018       94.70       98.50       94.70       98.00          8474740.00
11/23/2018       95.00       95.00       94.10       94.45           732780.00
11/22/2018       93.90       95.20       93.00       94.70           807260.00
11/21/2018       94.20       94.20       93.00       93.90          1185520.00
11/20/2018       95.30       95.50       93.95       94.50           475880.00
11/19/2018       94.00       96.00       94.00       95.30          4439250.00
11/16/2018       92.30       94.00       92.30       94.00          1464760.00
11/15/2018       92.50       92.60       92.05       92.30           557810.00
11/14/2018       92.90       92.90       91.60       92.40           890250.00
11/13/2018       91.00       92.90       91.00       92.90          1072300.00
11/12/2018       92.00       93.50       91.85       92.00          2092970.00
11/09/2018       92.25       93.80       92.00       92.15          6180360.00
11/08/2018       91.90       92.50       91.40       92.25          2652560.00
11/07/2018       91.50       92.90       91.50       92.00           885600.00
11/06/2018       93.80       94.90       91.40       91.40           422320.00
11/05/2018       90.00       93.80       90.00       93.80          1105370.00
10/31/2018       89.90       91.00       89.45       90.50          7582670.00
10/30/2018       91.25       92.00       90.15       91.00          1368700.00
10/29/2018       88.30       92.00       88.30       91.00          1233870.00
10/26/2018       87.40       90.80       87.30       90.00          2656230.00
10/25/2018       93.50       93.50       89.50       90.20          4328090.00
10/24/2018       92.20       94.00       92.20       93.00           768810.00
10/23/2018       92.70       94.50       92.60       92.65           312170.00
10/22/2018       95.20       95.20       93.20       93.20           565690.00
10/19/2018       94.00       95.10       93.90       95.00           526830.00
10/18/2018       92.70       96.00       92.70       95.00           803260.00
10/17/2018       93.75       95.05       93.75       94.00           490950.00
10/16/2018       93.25       93.60       93.05       93.50          5655920.00
10/15/2018       92.00       93.50       92.00       93.00           721370.00
10/12/2018       93.00       93.75       91.35       93.05          1362380.00
10/11/2018       94.95       95.00       91.05       93.00           891120.00
10/10/2018       94.50       95.25       94.50       95.00           694860.00
10/09/2018       94.00       94.90       93.00       94.80          1516330.00
10/08/2018       95.45       95.45       94.00       94.00          1022640.00
10/05/2018       94.15       95.45       93.00       95.45           417390.00
10/04/2018       95.00       95.10       94.15       94.15           742910.00
10/03/2018       92.10       95.00       92.10       95.00           368440.00
10/02/2018       92.00       94.65       90.60       94.15           562700.00
10/01/2018       92.80       94.15       91.30       92.00           803210.00
09/28/2018       92.50       95.00       92.50       94.10           637750.00
09/27/2018       90.50       95.30       90.50       94.00           775260.00
09/26/2018       91.00       91.50       90.50       91.50           548260.00
09/25/2018       92.90       92.90       91.05       91.50            76870.00
09/24/2018       90.50       93.00       90.50       92.90          1228270.00
09/21/2018       89.10       93.40       89.10       92.95          1525100.00
09/20/2018       91.70       91.70       89.10       90.00           584290.00
09/19/2018       92.20       93.50       92.10       92.70           287800.00
09/18/2018       94.00       94.00       92.50       93.50          1962350.00
09/17/2018       94.15       94.15       92.50       93.90           468850.00
09/14/2018       90.15       94.20       90.15       94.20           601780.00
09/13/2018       91.00       93.60       90.90       93.50           810400.00
09/12/2018       90.50       93.00       90.00       90.05           703590.00
09/11/2018       91.55       92.50       91.55       92.00          1849680.00
09/10/2018       92.85       93.05       90.00       92.00           841600.00
09/07/2018       92.40       93.00       92.00       92.85           623920.00
09/06/2018       92.25       93.60       91.30       92.40           629370.00
09/05/2018       95.00       95.10       93.15       94.00           667620.00
09/04/2018       95.00       95.90       94.90       95.00          2881880.00
09/03/2018       93.10       94.50       92.15       94.00           609500.00
08/31/2018       94.00       94.70       93.15       93.65          1256560.00
08/30/2018       94.00       95.90       93.60       94.70          1772430.00
08/29/2018       93.00       95.00       93.00       95.00           923600.00
08/28/2018       91.50       95.70       91.50       95.15          6442090.00
08/24/2018       92.80       93.00       89.50       92.50          6822650.00
08/23/2018       91.10       94.40       91.10       93.15          1222360.00
08/22/2018       89.95       91.00       89.90       91.00          1059140.00
08/20/2018       89.95       90.00       88.90       90.00           311980.00
08/17/2018       86.80       90.00       86.80       89.95           556580.00
08/16/2018       88.60       89.60       87.00       87.05          1094610.00
08/15/2018       88.00       90.80       88.00       89.50          1245180.00
08/14/2018       88.00       89.50       87.10       89.50           548320.00
08/13/2018       88.00       90.00       87.05       88.00           705500.00
08/10/2018       90.40       90.55       88.45       88.45          1186860.00
08/09/2018       91.50       92.00       90.00       91.00          1212740.00
08/08/2018       86.85       92.80       86.00       92.15          4761920.00
08/07/2018       86.80       87.60       86.00       86.00          1061910.00
08/06/2018       85.90       87.30       85.00       86.85           983970.00
08/03/2018       85.60       86.55       85.50       85.50           637730.00
08/02/2018       89.00       89.00       86.00       87.00           356000.00
08/01/2018       88.80       89.10       87.00       89.00           679200.00
07/31/2018       86.65       89.00       86.45       89.00          1018790.00
07/30/2018       84.00       88.40       84.00       88.40          1128480.00
07/27/2018       83.70       83.70       83.35       83.55          1616180.00
07/26/2018       80.70       84.10       80.60       83.35          1294770.00
07/25/2018       80.10       82.80       80.10       82.30          1220770.00
07/24/2018       81.00       82.50       80.80       82.50           267250.00
07/23/2018       81.00       81.00       79.65       80.50          4419380.00
07/20/2018       79.00       79.60       78.80       79.60           380630.00
07/19/2018       79.95       80.50       79.15       79.85           772050.00
07/18/2018       81.15       81.30       80.05       80.50           413420.00
07/17/2018       80.50       81.50       79.55       81.00           573670.00
07/16/2018       79.50       79.90       79.30       79.50          1037080.00
07/13/2018       79.50       79.65       79.10       79.40          2938710.00
07/12/2018       79.50       80.15       79.10       79.40          1279750.00
07/11/2018       78.90       79.55       78.90       79.35          1166190.00
07/10/2018       78.80       79.20       78.80       79.00          1575790.00
07/09/2018       79.00       79.60       79.00       79.30           585320.00
07/06/2018       79.20       79.20       78.80       79.00          2047300.00
07/05/2018       79.50       79.80       78.70       79.20           686630.00
07/04/2018       78.50       79.80       78.50       79.50           719310.00
07/03/2018       79.50       79.50       77.85       78.50          1224430.00
07/02/2018       77.50       79.45       77.50       78.00          1639080.00
06/29/2018       79.00       79.00       77.05       77.30          1296440.00
06/28/2018       78.20       78.20       76.95       77.20          1873570.00
06/27/2018       78.00       80.00       77.00       78.00          3274910.00
06/26/2018       79.60       80.70       78.00       80.00          2428380.00
06/25/2018       82.00       82.75       79.90       80.00           860280.00
06/22/2018       78.60       80.00       77.15       79.40          2020060.00
06/21/2018       82.00       82.00       77.50       79.00          5385700.00
06/20/2018       83.10       84.00       81.55       81.55           490120.00
06/19/2018       84.50       84.50       82.20       84.00          1256220.00
06/18/2018       84.35       86.00       84.00       86.00          1611730.00
06/14/2018       86.00       86.50       85.00       86.05          2108460.00
06/13/2018       87.00       87.95       85.15       86.00          2112050.00
06/11/2018       86.95       88.50       86.50       88.50          1035670.00
06/08/2018       87.00       87.05       86.80       86.95          2069550.00
06/07/2018       87.00       87.25       86.80       87.00          1941470.00
06/06/2018       87.60       87.75       86.65       87.00          2103390.00
06/05/2018       85.10       87.75       85.10       87.50          3351490.00
06/04/2018       83.35       85.55       82.85       85.00          4863450.00
06/01/2018       84.35       84.35       83.00       83.35          2551890.00
05/31/2018       83.00       84.50       82.00       84.50          5654440.00
05/30/2018       84.00       84.30       82.55       83.60          2019480.00
05/29/2018       83.00       84.90       82.00       84.30           161360.00
05/28/2018       83.00       84.50       83.00       83.00          1838410.00
05/25/2018       83.20       84.80       83.00       83.20          1093140.00
05/24/2018       81.80       83.20       81.80       83.00           832880.00
05/23/2018       83.20       83.20       81.60       82.30          1258910.00
05/22/2018       82.80       83.20       81.60       83.20          2720060.00
05/21/2018       83.00       83.00       81.00       82.00          6118740.00
05/18/2018       82.05       82.85       81.75       82.00          1912860.00
05/17/2018       82.15       82.70       81.40       82.00          2855990.00
05/16/2018       82.20       82.95       81.00       82.95          3000510.00
05/15/2018       83.00       83.00       81.00       82.20          3870470.00
05/11/2018       81.50       83.30       81.25       83.00          2265490.00
05/10/2018       79.50       82.00       79.20       81.05          2509410.00
05/09/2018       82.85       82.85       79.25       81.00          2415000.00
05/08/2018       84.00       84.50       82.20       82.90           955310.00
05/07/2018       85.75       85.75       84.10       85.00           507560.00
05/04/2018       85.00       85.00       82.95       84.80          2337140.00
05/03/2018       86.95       87.00       84.55       84.90          1169820.00
05/02/2018       84.60       86.95       84.55       86.95          3365710.00
04/30/2018       83.90       87.00       82.70       84.60          2784200.00
04/27/2018       86.00       88.00       83.50       84.25          1785870.00
04/26/2018       85.95       86.00       83.70       86.00          2379470.00
04/25/2018       88.75       88.95       83.50       85.40          1271960.00
04/24/2018       91.85       91.85       87.10       88.75           951530.00
04/23/2018       93.35       94.00       90.50       91.50           647980.00
04/20/2018       92.20       94.20       92.00       93.35           356790.00
04/19/2018       93.60       94.95       92.25       94.00          2259890.00
04/18/2018       97.50       97.55       93.70       95.60           536140.00
04/17/2018       98.00       98.00       93.80       97.50           878570.00
04/16/2018       98.00       99.40       97.25       98.00           226150.00
04/13/2018       99.10       99.10       97.30       97.65           686520.00
04/12/2018       99.00       99.25       97.00       99.10           645960.00
04/11/2018       97.20       99.00       97.20       99.00           249320.00
04/10/2018      100.00      100.00       96.60       97.20          1611950.00
04/06/2018      100.00      100.00       97.50       99.40           768470.00
04/05/2018       98.50      100.40       98.50      100.00          1630790.00
04/04/2018      101.00      101.00       98.20       98.30           397150.00
04/03/2018       98.20      100.20       97.00      100.00           471520.00
04/02/2018      100.00      100.10       97.00       98.00          1827960.00
03/28/2018       99.05      102.00       99.00      100.00          2017900.00
03/27/2018       98.65      103.00       98.65      100.90          1495910.00
03/26/2018      101.00      101.10       97.20      100.00          1403200.00
03/23/2018      103.80      103.80      100.00      103.00           598600.00
03/22/2018      104.60      108.00      103.80      104.00          2049020.00
03/21/2018      106.00      107.90      104.00      104.70          1116400.00
03/20/2018      109.00      109.00      103.00      105.30          1673100.00
03/19/2018      107.50      109.00      107.50      108.90           750410.00
03/16/2018      107.00      109.00      106.30      109.00          3375490.00
03/15/2018      109.00      109.00      107.60      108.00          1151600.00
03/14/2018      109.00      109.80      107.00      107.60          2834490.00
03/13/2018      109.40      109.50      108.30      109.00           691810.00
03/12/2018      109.10      109.90      109.00      109.40           781960.00
03/09/2018      109.90      110.20      108.70      109.90           682280.00
03/08/2018      107.60      110.10      107.60      109.90           624340.00
03/07/2018      110.00      110.00      107.20      109.40           996600.00
03/06/2018      110.00      110.00      108.50      110.00           484070.00
03/05/2018      110.00      111.60      108.30      108.50           655350.00
03/02/2018      108.10      110.00      107.90      110.00           400730.00
03/01/2018      110.30      110.30      108.30      109.00           580950.00
02/28/2018      110.00      111.80      110.00      110.00          1227760.00
02/27/2018      109.90      111.70      109.90      110.70           776590.00
02/26/2018      110.00      110.00      108.00      109.90           919930.00
02/23/2018      109.90      110.30      109.80      110.00          1427190.00
02/22/2018      111.00      111.00      108.00      109.90          1284710.00
02/21/2018      110.00      111.40      109.90      109.90           500540.00
02/20/2018      110.40      110.40      109.90      110.00          1708660.00
02/19/2018      109.90      111.10      109.90      110.40           787560.00
02/15/2018      110.00      110.00      109.20      110.00           485660.00
02/14/2018      109.90      110.00      108.20      110.00           377870.00
02/13/2018      109.90      110.50      108.60      110.40           969150.00
02/12/2018      110.50      111.00      108.10      110.00           612100.00
02/09/2018      110.00      110.50      107.50      110.50           616990.00
02/08/2018      112.00      112.00      109.90      111.00           360120.00
02/07/2018      110.00      111.90      108.00      111.00           589490.00
02/06/2018      107.90      110.00      106.00      109.90          1347330.00
02/05/2018      108.60      109.50      106.80      109.50          1343710.00
02/02/2018      110.90      112.00      110.00      110.00           608280.00
02/01/2018      112.70      112.70      110.00      110.80          1096440.00
01/31/2018      109.90      113.50      108.90      113.50           961670.00
01/30/2018      112.00      112.00      110.00      110.00          1229570.00
01/29/2018      111.00      114.00      111.00      112.00          1657910.00
01/26/2018      113.50      113.50      112.00      113.00           597680.00
01/25/2018      110.10      113.50      109.50      113.50           798170.00
01/24/2018      114.00      114.00      110.00      110.10           771010.00
01/23/2018      113.90      113.90      112.10      113.00           346060.00
01/22/2018      112.00      115.00      111.50      112.80           757810.00
01/19/2018      111.70      112.70      111.40      112.00           389140.00
01/18/2018      112.60      112.60      111.00      111.80           496950.00
01/17/2018      109.30      112.90      109.30      111.00           532270.00
01/16/2018      111.80      114.00      109.20      109.20          1472820.00
01/15/2018      108.50      112.00      107.00      112.00           370500.00
01/12/2018      110.70      112.00      108.50      108.50          1308790.00
01/11/2018      112.00      112.00      109.60      110.70          1320530.00
01/10/2018      108.00      112.40      107.90      112.00          1003570.00
01/09/2018      108.00      111.00      108.00      110.50           899190.00
01/08/2018      108.00      109.20      107.60      107.80           675840.00
01/05/2018      107.00      111.10      107.00      107.00          2730470.00
01/04/2018      108.00      108.00      106.40      107.00           453560.00
01/03/2018      106.50      108.30      105.50      108.00          1154010.00
12/29/2017      106.50      106.50      105.30      105.50           697480.00
12/28/2017      106.00      106.50      105.60      105.90           708990.00
12/27/2017      106.00      106.40      105.00      106.00           181290.00
12/22/2017      105.90      106.40      105.00      105.00           928510.00
12/21/2017      105.00      105.90      104.20      105.50           444730.00
12/20/2017      105.00      105.00      104.20      104.80           321090.00
12/19/2017      105.00      105.80      104.90      105.00           319670.00
12/18/2017      105.00      105.60      103.50      105.00           562010.00
12/15/2017      105.40      105.50      104.00      105.00          1895240.00
12/14/2017      104.90      105.40      103.80      104.50          2151730.00
12/13/2017      102.60      105.00      102.60      104.30           302800.00
12/12/2017      103.50      104.60      102.50      102.50          1466800.00
12/11/2017      104.00      105.20      103.50      104.60           286000.00
12/08/2017      104.00      105.50      103.40      104.50          1336620.00
12/07/2017      103.20      105.00      102.90      104.00           434840.00
12/06/2017      104.00      105.10      102.90      105.00           491600.00
12/05/2017      103.00      104.90      102.50      102.50           388240.00
12/04/2017      105.20      105.20      102.90      103.00           781860.00
12/01/2017      104.30      108.70      104.30      106.50          2001140.00
11/29/2017      105.80      105.90      103.10      105.90          1054360.00
11/28/2017      105.00      106.50      104.00      106.00           828730.00
11/27/2017      106.50      107.10      103.50      107.10           342400.00
11/24/2017      104.50      106.90      102.80      106.90           653190.00
11/23/2017      104.00      104.70      101.60      104.70           181140.00
11/22/2017      103.30      104.00      102.00      103.00           377840.00
11/21/2017      104.00      104.80      103.00      103.30           456820.00
11/20/2017      104.90      105.00      103.00      103.00           707950.00
11/17/2017      101.00      105.00      101.00      105.00           586740.00
11/16/2017      100.40      103.00      100.20      100.80          1144730.00
11/15/2017      102.00      103.00      101.70      103.00           322190.00
11/14/2017      102.40      103.40      102.00      102.40          1453870.00
11/13/2017      101.80      104.00      101.80      102.40           440940.00
11/10/2017      103.00      104.00      101.50      102.00          1018000.00
11/09/2017      102.50      104.00      101.80      102.40           894640.00
11/08/2017      103.00      104.00      101.50      102.30           419280.00
11/07/2017      102.70      104.00      102.70      103.00           897230.00
11/06/2017      102.20      103.50      102.20      102.70           460290.00
11/03/2017      105.30      106.00      101.50      101.50          1051050.00
11/02/2017      105.90      106.00      102.60      103.80           810330.00
10/30/2017      105.10      106.00      102.30      105.90           332050.00
10/27/2017      104.90      104.90      103.50      104.00          1503740.00
10/26/2017      102.00      103.00      101.60      103.00           431100.00
10/25/2017      102.90      102.90      101.60      101.80           557080.00
10/24/2017      103.00      104.00      102.00      102.00           360520.00
10/23/2017      103.40      104.00      102.40      103.00           401250.00
10/20/2017      104.00      104.00      102.00      103.40           334850.00
10/19/2017      102.00      103.00      101.70      102.00          1479240.00
10/18/2017      105.00      105.00      101.60      102.00          1333780.00
10/17/2017      105.00      106.00      103.50      103.50           954430.00
10/13/2017      104.10      105.50      104.10      104.50           917560.00
10/12/2017      105.00      107.00      104.00      104.10          1495240.00
10/11/2017      106.00      107.50      103.80      104.40           521270.00
10/10/2017      106.80      106.80      106.00      106.00          1023260.00
10/09/2017      106.80      107.50      106.00      106.10           776300.00
10/06/2017      105.60      106.10      104.90      105.80          1510180.00
10/05/2017      104.90      106.00      104.90      105.00          1807680.00
10/04/2017      104.90      105.40      104.30      104.90           639910.00
10/03/2017      104.00      105.00      104.00      104.60          1805030.00
10/02/2017      105.00      105.00      103.00      104.60           968710.00
09/29/2017      104.00      105.00      102.00      104.00          2003220.00
09/28/2017      105.90      105.90      102.00      103.10          1684570.00
09/27/2017      104.00      105.40      102.50      103.90           802060.00
09/26/2017      104.00      104.30      103.00      104.00           591960.00
09/25/2017      107.60      107.80      102.00      103.00          1539610.00
09/22/2017      106.70      106.70      105.40      105.60           719990.00
09/21/2017      107.60      107.90      105.30      105.60           737330.00
09/20/2017      104.80      107.90      104.80      105.50          1426950.00
09/19/2017      108.00      108.00      104.60      104.60          1798890.00
09/18/2017      108.50      108.80      106.50      107.60          1888510.00
09/15/2017      105.10      108.80      105.10      108.80          2179350.00
09/14/2017      107.90      107.90      106.20      106.20          1012730.00
09/13/2017      108.00      108.30      106.00      106.00          2367760.00
09/11/2017      108.50      108.50      106.60      106.90          1290750.00
09/08/2017      105.80      107.30      105.60      106.00          1007940.00
09/07/2017      104.00      105.90      104.00      105.60          1587410.00
09/06/2017      103.00      104.20      103.00      104.20           949970.00
09/05/2017      104.50      105.30      103.70      104.50           168630.00
09/04/2017      106.00      106.00      104.00      104.00           801770.00
08/31/2017      105.50      105.50      103.30      104.40          2178970.00
08/30/2017      104.10      104.80      103.00      104.80           370090.00
08/29/2017      105.90      105.90      103.10      103.10           888190.00
08/25/2017      105.80      105.80      103.50      104.20          1852050.00
08/24/2017      106.50      106.50      105.00      105.70           408840.00
08/23/2017      107.00      107.00      105.00      105.50          3895010.00
08/22/2017      105.80      107.00      105.70      106.00          1787820.00
08/18/2017      105.30      105.60      104.50      105.00          1218020.00
08/17/2017      104.50      105.00      103.00      104.30          2332330.00
08/16/2017      103.80      103.80      103.20      103.30           634260.00
08/15/2017      105.00      105.00      103.10      103.50           753240.00
08/14/2017      104.60      105.00      103.00      103.00           402120.00
08/11/2017      105.50      105.50      103.00      104.60           929170.00
08/10/2017      104.00      104.50      103.00      104.50           526700.00
08/09/2017      106.00      106.50      102.00      103.30          2896310.00
08/08/2017      106.00      106.60      104.50      105.20          1486880.00
08/07/2017      105.50      105.50      103.70      105.00          1807450.00
08/04/2017      105.50      105.90      103.60      103.60          2022250.00
08/03/2017      106.00      106.00      104.00      105.50           464710.00
08/02/2017      105.80      106.00      103.60      105.00           961810.00
08/01/2017      106.00      106.20      105.00      105.70          1508870.00
07/31/2017      108.40      109.00      105.00      106.80          1192750.00
07/28/2017      107.50      108.60      107.50      107.90          1236380.00
07/27/2017      110.00      110.00      106.00      106.00           810320.00
07/26/2017      108.80      109.00      108.80      108.90          1384890.00
07/25/2017      107.50      108.40      107.30      107.80          1887110.00
07/24/2017      106.00      107.00      105.80      106.60           813870.00
07/21/2017      108.00      108.00      105.00      106.00          1196370.00
07/20/2017      106.00      106.50      105.90      106.20          1951680.00
07/19/2017      104.50      105.70      103.70      105.00          3132620.00
07/18/2017      105.00      105.00      102.50      103.40           926460.00
07/17/2017      102.20      104.00      102.10      102.70           555660.00
07/14/2017      102.20      102.70      100.80      101.40           699120.00
07/13/2017      103.00      103.50      101.00      102.20           586090.00
07/12/2017      105.00      106.50      103.00      103.00          1288890.00
07/11/2017      101.70      105.00      101.70      104.20          2059460.00
07/10/2017      101.00      102.00      100.00      101.00          3585170.00
07/07/2017       99.00      101.00       99.00      101.00          2247590.00
07/06/2017       96.85       99.80       96.50       99.00          2537260.00
07/05/2017       96.95       97.45       96.00       96.85          2016000.00
07/04/2017       97.60       99.00       96.05       96.95          1774620.00
07/03/2017       98.00       99.15       97.00       97.50          2167220.00
06/30/2017       99.20       99.20       97.60       97.80          1979190.00
06/29/2017      101.90      101.90       99.00       99.50          1546630.00
06/28/2017      103.20      103.20      100.00      101.90          1748660.00
06/27/2017       98.25      102.90       98.25      102.70          5271570.00
06/23/2017      100.30      100.40       97.80       98.25          2575420.00
06/22/2017      101.40      101.40      100.00      100.40          2306450.00
06/21/2017      104.00      104.00      100.80      101.40          1305810.00
06/20/2017      103.00      104.40      102.80      103.00          1785010.00
06/19/2017      102.00      102.90      101.60      102.80          3091770.00
06/16/2017      104.00      104.00      100.70      102.00         24014949.00
06/15/2017      105.00      105.50      103.30      103.40          3792190.00
06/14/2017      106.20      107.00      102.70      105.00          2766500.00
06/13/2017      107.00      107.20      105.90      106.00          3192930.00
06/09/2017      103.50      106.90      103.50      105.80          4624850.00
06/08/2017      102.20      105.00      102.20      104.00          3229060.00
06/07/2017      101.90      102.60      101.70      102.00          4444790.00
06/06/2017      102.00      102.00      101.00      102.00          4362870.00
06/05/2017      101.00      102.00      100.70      101.50          2785470.00
06/02/2017      102.00      102.00      100.30      100.90          3477910.00
06/01/2017      100.00      102.00      100.00      102.00          2446310.00
05/31/2017      102.00      102.00      100.00      100.00          4058070.00
05/30/2017      102.00      102.60      101.80      102.00          2032740.00
05/29/2017      102.00      102.50      101.80      102.00          1692780.00
05/26/2017      100.40      102.50      100.40      102.00          1414260.00
05/25/2017       99.80      101.00       99.80      100.30          1210960.00
05/24/2017      100.80      101.00       99.20       99.80          1709360.00
05/23/2017      100.40      101.70      100.10      100.40          1411530.00
05/22/2017       99.00      100.30       99.00      100.00          2261020.00
05/19/2017       98.00       99.00       97.50       99.00          2953170.00
05/18/2017       97.50       98.40       96.00       98.00          3324810.00
05/17/2017       97.40       99.90       97.40       99.50          2267050.00
05/16/2017       98.00       98.00       97.35       97.40          2727920.00
05/15/2017       96.60       99.00       96.10       97.90          1227840.00
05/12/2017       93.65       96.80       90.95       96.80          2278780.00
05/11/2017       93.00       94.00       92.75       93.65          3339490.00
05/10/2017       92.00       95.50       91.95       93.00          2529960.00
05/09/2017       90.10       92.25       88.05       92.00          4775500.00
05/08/2017       90.00       91.30       89.60       90.10          2182380.00
05/05/2017       89.50       91.10       89.50       90.00          2856880.00
05/04/2017       88.00       89.50       87.90       88.95          3431840.00
05/03/2017       89.20       89.20       87.20       88.00           693620.00
05/02/2017       89.05       89.35       87.95       88.80          1468460.00
04/27/2017       89.10       89.40       88.75       89.00           751760.00
04/26/2017       89.00       89.35       88.75       89.00          1275910.00
04/25/2017       88.70       89.70       88.70       89.00          2869940.00
04/24/2017       88.45       89.00       88.00       88.60           173440.00
04/21/2017       88.00       88.10       87.70       88.00          2659440.00
04/20/2017       87.00       88.75       87.00       88.00          3642650.00
04/19/2017       88.65       88.90       87.50       87.90          1321870.00
04/18/2017       89.80       89.80       86.30       88.50          1023250.00
04/17/2017       90.00       90.00       89.20       89.85          2859650.00
04/12/2017       89.65       90.00       89.65       90.00           435580.00
04/11/2017       90.00       91.00       89.80       90.25          1775520.00
04/10/2017       89.00       90.00       88.65       90.00           927670.00
04/07/2017       90.75       91.10       89.00       89.00          2205440.00
04/06/2017       91.10       92.15       91.00       91.00          4882710.00
04/05/2017       90.70       92.00       90.70       91.10          3566300.00
04/04/2017       90.50       91.00       90.30       90.50          3266130.00
04/03/2017       89.95       91.30       89.50       90.50          2612410.00
03/31/2017       88.00       90.10       88.00       89.90          4460730.00
03/30/2017       86.20       89.20       86.05       88.00          5509810.00
03/29/2017       85.55       86.25       85.55       85.95           456750.00
03/28/2017       87.00       88.00       84.95       86.00          2031040.00
03/27/2017       88.80       88.80       85.75       87.00           710070.00
03/24/2017       87.00       89.95       87.00       87.50          2962040.00
03/23/2017       85.50       88.00       85.50       87.00           964800.00
03/22/2017       86.00       88.10       84.65       85.50          2309080.00
03/21/2017       85.50       89.00       81.00       88.10          3063770.00
03/20/2017       86.90       89.95       84.00       85.45          8785430.00
03/17/2017       84.00       86.20       84.00       86.05          4441820.00
03/16/2017       82.40       85.50       82.00       84.65          5444030.00
03/15/2017       79.10       81.70       79.10       81.50          3969150.00
03/14/2017       76.95       79.50       75.40       79.20          5230440.00
03/13/2017       75.10       75.60       74.80       75.40           508150.00
03/10/2017       75.55       75.95       74.90       75.10           672590.00
03/09/2017       76.50       76.90       74.50       75.95          2078530.00
03/08/2017       76.50       76.85       76.00       76.50          6059820.00
03/07/2017       76.25       76.70       75.50       76.50          1798580.00
03/06/2017       75.00       76.70       74.10       76.00          1762530.00
03/03/2017       76.00       76.00       75.00       75.00          2721330.00
03/02/2017       75.90       76.30       75.40       76.00          1861590.00
03/01/2017       74.05       75.00       74.05       75.00          2909150.00
02/28/2017       75.90       76.20       74.00       76.00          3214740.00
02/27/2017       76.00       76.45       75.75       76.00          1920760.00
02/24/2017       75.30       76.15       75.30       75.45          1369520.00
02/23/2017       75.75       76.00       75.30       75.80          2325800.00
02/22/2017       76.00       76.00       75.25       76.00          2186370.00
02/21/2017       76.20       76.40       75.85       76.00          2494680.00
02/20/2017       75.40       76.20       75.40       76.00          2025520.00
02/17/2017       77.00       77.05       75.05       75.40          7767560.00
02/16/2017       76.40       77.30       76.40       77.00          2050470.00
02/15/2017       75.50       78.00       75.50       76.50          5629760.00
02/14/2017       76.30       76.30       72.70       74.40          2310600.00
02/13/2017       76.00       76.50       75.80       76.35          1250520.00
02/10/2017       74.80       76.95       74.55       76.00          1922360.00
02/09/2017       76.10       76.10       74.05       74.85          2920290.00
02/08/2017       76.80       77.00       75.80       75.90          1133350.00
02/07/2017       76.20       77.05       76.20       76.80           638510.00
02/06/2017       77.05       78.00       76.00       76.20           746620.00
02/03/2017       77.50       78.00       77.00       77.00           311960.00
02/02/2017       77.60       79.00       77.05       77.50          1525290.00
02/01/2017       79.10       79.10       77.10       77.50          2970170.00
01/31/2017       78.00       78.10       77.45       77.45          3746490.00
01/30/2017       78.95       79.00       77.20       77.95          2859980.00
01/27/2017       78.75       78.85       78.25       78.65          1723160.00
01/26/2017       77.85       78.55       77.45       78.55          2714430.00
01/25/2017       77.05       78.05       77.05       77.80           917810.00
01/24/2017       75.40       77.15       75.35       76.70          2260700.00
01/23/2017       73.95       75.20       73.50       75.20          1653720.00
01/20/2017       73.85       73.95       73.00       73.90           507230.00
01/19/2017       71.00       73.95       71.00       73.95           792410.00
01/18/2017       71.95       73.15       71.00       71.00          1649290.00
01/17/2017       73.00       73.75       71.00       71.00          3322050.00
01/16/2017       76.00       76.50       73.00       73.00          1725810.00
01/13/2017       75.90       76.20       74.80       75.15           578590.00
01/12/2017       76.10       76.20       75.00       75.60           382080.00
01/11/2017       75.50       76.20       75.20       75.95          1190010.00
01/10/2017       74.25       75.50       74.25       75.45           826490.00
01/09/2017       74.00       74.50       74.00       74.20          1193590.00
01/06/2017       71.70       74.40       71.70       73.90          4074090.00
01/05/2017       72.90       72.90       71.55       71.80          1082500.00
01/04/2017       72.00       73.30       71.55       71.55          1262550.00
01/03/2017       71.00       72.05       71.00       71.70           572570.00
12/29/2016       71.00       71.95       70.05       71.95          1112510.00
12/28/2016       68.60       71.00       68.60       71.00           774130.00
12/27/2016       69.80       69.80       68.00       68.60           265390.00
12/23/2016       67.70       69.85       67.70       69.85           566350.00
12/22/2016       70.00       70.00       67.20       70.00          1283030.00
12/21/2016       71.00       71.00       69.50       70.00           286860.00
12/20/2016       71.25       71.25       69.75       70.45           409350.00
12/19/2016       70.15       71.45       69.80       71.30           738350.00
12/16/2016       73.00       73.45       69.80       69.80          3757830.00
12/15/2016       70.60       72.25       70.45       71.50           521230.00
12/14/2016       71.50       73.00       71.00       72.45           490090.00
12/13/2016       72.00       72.00       71.00       71.80           486620.00
12/12/2016       74.80       74.80       71.55       72.00          1012430.00
12/09/2016       74.00       74.95       73.70       74.90           980970.00
12/08/2016       73.00       74.00       72.50       73.70          2315710.00
12/07/2016       73.00       73.50       72.00       72.70           582340.00
12/06/2016       71.30       74.00       71.30       74.00           350360.00
12/05/2016       72.70       74.45       70.65       74.45           493230.00
12/02/2016       73.00       73.00       70.95       72.65          1150550.00
12/01/2016       74.80       74.95       72.60       72.60           908870.00
11/29/2016       72.15       73.75       71.55       72.20          4040220.00
11/28/2016       73.20       75.00       72.00       72.25           968180.00
11/25/2016       74.00       74.90       72.00       72.50           407730.00
11/24/2016       74.40       74.95       73.00       74.00           288360.00
11/23/2016       74.25       75.00       73.50       74.50           395070.00
11/22/2016       74.00       76.00       73.50       74.25           942390.00
11/21/2016       76.20       76.20       72.90       74.00           962670.00
11/18/2016       76.30       77.00       75.65       76.20          1755790.00
11/17/2016       75.75       77.30       75.75       76.30          1647300.00
11/16/2016       73.00       75.00       73.00       75.00          1579820.00
11/15/2016       73.50       73.95       72.15       72.60          1292280.00
11/14/2016       74.00       74.00       72.00       72.10          1776920.00
11/11/2016       75.95       75.95       73.80       74.00          4836850.00
11/10/2016       74.10       75.90       74.00       75.90          3935960.00
11/09/2016       77.00       78.30       71.50       72.00          4108900.00
11/08/2016       76.00       77.10       75.50       76.00          1293310.00
11/07/2016       73.25       75.10       73.20       74.70          1797790.00
11/04/2016       73.50       74.50       73.00       73.80           974580.00
11/03/2016       74.55       74.80       73.90       73.90           942100.00
11/02/2016       75.15       75.95       74.35       74.55          1159390.00
10/28/2016       75.10       77.80       74.80       77.80           987820.00
10/27/2016       75.15       77.50       74.80       77.50           564200.00
10/26/2016       75.85       75.95       74.90       75.15          1666180.00
10/25/2016       78.00       78.05       76.30       77.00           881620.00
10/24/2016       76.00       78.00       75.50       77.85           295830.00
10/21/2016       77.30       78.20       76.00       76.10           741560.00
10/20/2016       77.15       78.20       76.65       76.65           458510.00
10/19/2016       78.10       79.00       77.15       77.15           429440.00
10/18/2016       75.20       78.00       75.00       78.00          1160730.00
10/17/2016       75.15       77.80       75.05       75.05           788760.00
10/14/2016       74.00       75.55       74.00       75.10          4447280.00
10/13/2016       74.85       75.10       74.00       74.00          1393260.00
10/12/2016       76.70       77.00       74.25       75.10          2000500.00
10/11/2016       79.90       79.90       77.00       77.20          1142260.00
10/10/2016       79.90       80.00       78.10       78.40           455330.00
10/07/2016       81.00       81.00       78.10       80.00           725450.00
10/06/2016       79.50       81.00       79.30       81.00          1423280.00
10/05/2016       78.00       79.50       78.00       79.50           404660.00
10/04/2016       77.50       80.50       77.50       79.95          1416600.00
10/03/2016       77.00       78.70       76.70       78.00          1947140.00
09/30/2016       80.50       80.50       77.00       77.00          2772010.00
09/29/2016       76.90       80.00       76.80       80.00          2737750.00
09/28/2016       76.35       76.50       76.15       76.50           842710.00
09/27/2016       77.00       77.00       75.50       76.00           833070.00
09/26/2016       81.60       81.60       76.65       76.90          1999910.00
09/23/2016       82.00       82.30       80.95       81.60          1254550.00
09/22/2016       80.00       81.95       80.00       81.60           652000.00
09/21/2016       82.05       83.50       79.65       80.00          1089850.00
09/20/2016       78.35       82.00       78.30       82.00          2020400.00
09/19/2016       77.80       77.80       77.00       77.75           551640.00
09/16/2016       78.50       79.00       76.20       76.20          3484020.00
09/15/2016       77.05       78.00       77.05       78.00          1661160.00
09/14/2016       79.00       79.30       77.00       78.50          1074790.00
09/13/2016       78.20       79.50       78.20       79.00          1690350.00
09/09/2016       83.00       83.00       79.00       79.00          1092500.00
09/08/2016       79.60       83.45       79.60       83.35          1469510.00
09/07/2016       77.90       82.00       77.90       82.00          2396950.00
09/06/2016       79.60       80.50       78.00       78.00          1172430.00
09/05/2016       83.40       83.40       79.50       79.50          1723430.00
09/02/2016       83.00       83.80       83.00       83.50          2026950.00
09/01/2016       85.00       85.00       82.10       83.50          2872520.00
08/31/2016       85.10       87.10       83.00       84.00          2904720.00
08/30/2016       84.45       86.00       83.50       85.10          3129110.00
08/26/2016       82.00       84.50       81.50       84.50          2656040.00
08/25/2016       81.00       81.80       80.55       81.00          1873510.00
08/24/2016       80.30       80.50       79.80       80.50          1847600.00
08/23/2016       80.00       81.00       79.00       80.30          1934320.00
08/22/2016       80.60       81.60       79.00       80.50          2494150.00
08/19/2016       81.00       81.05       79.85       80.60          7521170.00
08/18/2016       83.20       86.00       80.75       82.00          2306930.00
08/17/2016       81.30       85.00       79.50       85.00          4366280.00
08/16/2016       77.05       81.50       77.05       81.10          4038070.00
08/15/2016       75.00       78.80       75.00       77.05          3424780.00
08/12/2016       68.55       79.00       68.55       74.90         14487060.00
08/11/2016       63.80       67.95       63.60       67.95          5650660.00
08/10/2016       61.55       63.60       61.50       63.55          6065630.00
08/09/2016       61.95       62.30       61.20       61.50          2248620.00
08/08/2016       63.30       63.40       61.00       61.95          1727270.00
08/05/2016       63.95       63.95       63.25       63.25           609040.00
08/04/2016       63.25       64.90       63.20       63.95          1198380.00
08/03/2016       64.30       64.30       63.00       63.10           693200.00
08/02/2016       64.70       65.05       64.20       64.30           988150.00
08/01/2016       64.90       65.10       64.50       64.70           508410.00
07/29/2016       65.50       65.65       64.00       64.00           797930.00
07/28/2016       66.00       66.05       65.00       65.80           931280.00
07/27/2016       66.00       66.60       65.60       65.95           638320.00
07/26/2016       67.00       67.55       65.50       65.50          3964120.00
07/25/2016       65.65       67.30       65.45       67.00          1249390.00
07/22/2016       66.50       66.80       64.10       64.10           741820.00
07/21/2016       63.00       66.50       63.00       66.50          1505980.00
07/20/2016       63.75       63.75       62.45       62.60           835940.00
07/19/2016       62.50       63.70       62.15       63.70         22930660.00
07/18/2016       63.50       63.50       62.20       62.20           412770.00
07/15/2016       63.10       63.75       62.95       63.30          2512980.00
07/14/2016       63.40       63.50       62.85       63.00           768850.00
07/13/2016       63.10       63.75       62.65       63.00          2550540.00
07/12/2016       63.35       63.40       62.35       63.10          2270920.00
07/11/2016       63.50       63.50       62.95       63.00          1093370.00
07/08/2016       63.45       63.45       62.00       62.00           717820.00
07/07/2016       63.70       63.70       62.50       63.45          1648880.00
07/05/2016       63.00       63.70       63.00       63.55          2861570.00
07/04/2016       62.00       63.20       62.00       63.00          1578830.00
07/01/2016       62.95       62.95       61.65       61.95          1641550.00
06/30/2016       61.80       63.15       61.50       61.50          2823960.00
06/29/2016       61.20       61.70       61.20       61.50          1831200.00
06/28/2016       61.20       61.30       60.90       61.20          1907080.00
06/27/2016       61.75       62.00       60.90       61.20          1208540.00
06/24/2016       62.00       62.25       61.00       61.75          4179430.00
06/23/2016       62.00       62.00       61.00       61.90          2407450.00
06/22/2016       61.10       62.00       61.10       61.80           748300.00
06/21/2016       61.10       61.95       61.00       61.00           977250.00
06/20/2016       60.80       61.15       60.10       60.70           514990.00
06/17/2016       60.30       61.00       60.25       60.80          2169700.00
06/16/2016       60.10       61.80       59.70       59.95           683760.00
06/15/2016       61.95       61.95       60.00       60.00           757380.00
06/14/2016       60.05       62.00       59.15       62.00          1528670.00
06/13/2016       62.00       62.00       59.60       60.10          1513310.00
06/10/2016       62.50       63.00       61.50       61.50           646540.00
06/09/2016       65.00       65.50       61.30       61.30          1497860.00
06/08/2016       61.20       64.90       61.20       64.50          2291440.00
06/07/2016       59.40       61.10       58.25       61.00          1491810.00
06/06/2016       59.15       59.15       58.00       58.20           758570.00
06/03/2016       58.70       58.70       57.60       58.00          1211010.00
06/02/2016       58.95       59.40       58.00       58.00          1443370.00
06/01/2016       57.15       58.75       57.15       58.45          3325590.00
05/31/2016       60.25       60.95       56.55       56.55         11365950.00
05/30/2016       58.55       60.80       58.55       60.25          1026130.00
05/27/2016       60.95       60.95       58.50       58.50          1486970.00
05/26/2016       61.20       62.50       60.45       60.50           772740.00
05/25/2016       61.00       63.00       60.85       61.10          2856520.00
05/24/2016       61.80       61.80       60.60       61.00          2541180.00
05/23/2016       62.50       62.70       61.80       61.80          7674790.00
05/20/2016       63.10       63.20       62.00       62.30          1130550.00
05/19/2016       64.40       64.40       63.10       63.25          3690610.00
05/18/2016       63.40       65.95       63.10       64.40          1971940.00
05/17/2016       62.60       63.60       62.60       63.35          1195340.00
05/16/2016       62.10       63.40       62.10       62.50          1455650.00
05/13/2016       63.10       64.60       63.05       64.00           827330.00
05/12/2016       63.55       64.20       63.20       63.20           748440.00
05/11/2016       63.95       64.65       63.05       63.55           992880.00
05/10/2016       63.00       63.95       61.40       63.95           948280.00
05/06/2016       62.45       64.05       62.45       63.00          2857750.00
05/05/2016       62.50       62.95       62.45       62.70          1445430.00
05/04/2016       63.75       64.00       62.50       63.00          1834640.00
05/03/2016       64.90       64.95       63.50       63.75           628140.00
05/02/2016       63.85       64.90       62.50       64.90           480260.00
04/29/2016       63.80       65.00       63.80       65.00           435180.00
04/28/2016       66.80       66.80       63.80       63.80           605350.00
04/27/2016       65.50       66.05       64.25       64.25           681300.00
04/26/2016       67.95       67.95       65.20       66.45           629880.00
04/25/2016       66.60       67.95       66.55       67.95           243900.00
04/22/2016       66.65       66.85       66.00       66.60           372640.00
04/21/2016       64.40       67.10       64.40       66.65           218560.00
04/20/2016       66.50       66.90       64.30       64.30           397750.00
04/19/2016       67.50       67.70       66.50       66.50           281210.00
04/18/2016       68.00       68.00       67.30       67.60           370470.00
04/15/2016       68.20       68.20       66.80       68.00           198140.00
04/14/2016       68.00       68.60       67.80       68.00           669510.00
04/13/2016       66.80       68.40       66.50       67.35          1013890.00
04/12/2016       66.95       67.10       66.60       66.80          1566400.00
04/11/2016       65.90       67.00       65.15       67.00           223930.00
04/08/2016       66.40       66.40       65.60       66.20            61600.00
04/07/2016       64.95       66.40       64.75       66.40           226960.00
04/06/2016       66.15       66.15       64.35       64.50           726190.00
04/05/2016       67.50       67.50       65.20       66.00          3965810.00
04/04/2016       67.50       68.30       66.50       67.75           508400.00
04/01/2016       67.00       67.50       66.05       67.50           643090.00
03/31/2016       67.15       67.70       66.10       67.70          1098850.00
03/30/2016       67.00       67.20       65.80       67.15          1143620.00
03/29/2016       66.10       66.90       65.60       65.65           683720.00
03/28/2016       68.00       68.00       66.00       67.00           577500.00
03/23/2016       68.50       68.60       67.50       68.10           996420.00
03/22/2016       69.00       69.00       67.10       68.70           699180.00
03/21/2016       69.00       69.00       68.50       69.00          2259220.00
03/18/2016       67.00       69.00       66.95       69.00          1668660.00
03/17/2016       64.50       66.70       64.45       66.70           697250.00
03/16/2016       65.00       65.20       63.10       64.00           716610.00
03/15/2016       65.95       67.00       65.00       65.00          1098540.00
03/14/2016       67.00       67.15       65.00       65.00           531320.00
03/11/2016       63.50       66.30       63.20       66.30          2315950.00
03/10/2016       61.50       63.85       61.05       63.85           240050.00
03/09/2016       61.00       62.50       59.55       61.00          1108020.00
03/08/2016       61.70       62.10       60.70       61.00           780320.00
03/07/2016       62.00       62.00       61.50       61.75           991990.00
03/04/2016       64.50       64.75       61.00       61.05          1911970.00
03/03/2016       64.10       64.90       64.00       64.40           880420.00
03/02/2016       62.30       64.00       62.30       64.00          2075240.00
03/01/2016       62.00       62.50       61.05       61.10           793730.00
02/29/2016       62.45       64.15       60.50       62.00          2886050.00
02/26/2016       61.00       62.75       60.90       62.00          1145680.00
02/24/2016       62.00       62.00       60.00       60.95           976360.00
02/23/2016       60.30       62.50       60.30       62.00          2548790.00
02/22/2016       59.35       60.40       59.35       60.00          2317850.00
02/19/2016       59.90       59.90       58.85       59.35          2879830.00
02/18/2016       57.85       59.10       57.85       58.90          1149920.00
02/17/2016       59.10       59.35       57.35       57.80           898510.00
02/16/2016       57.55       60.20       57.55       59.00          2502430.00
02/15/2016       57.00       57.75       56.90       57.45          1640560.00
02/12/2016       56.80       56.90       56.20       56.50           866510.00
02/11/2016       56.70       57.90       56.70       57.90          1723270.00
02/10/2016       58.00       58.00       56.30       56.45           955030.00
02/09/2016       58.50       58.50       57.45       57.80           303550.00
02/05/2016       57.00       59.25       56.30       58.70          4609330.00
02/04/2016       56.10       57.00       56.10       56.30          1054100.00
02/03/2016       56.80       56.80       55.20       56.00           936760.00
02/02/2016       58.15       58.20       56.50       56.85          1191280.00
02/01/2016       61.00       62.10       59.00       59.90           856120.00
01/29/2016       61.50       62.40       60.50       60.80          1216420.00
01/28/2016       59.60       62.00       59.60       60.75          1772790.00
01/27/2016       58.40       60.00       58.40       59.60           835510.00
01/26/2016       59.70       59.70       57.25       58.40           420550.00
01/25/2016       59.00       60.20       58.90       60.00          1975960.00
01/22/2016       57.40       58.00       55.20       58.00           655990.00
01/21/2016       57.00       57.35       55.00       55.00          2217550.00
01/20/2016       57.80       60.00       57.55       57.85          1480490.00
01/19/2016       57.00       58.50       57.00       57.50           697330.00
01/18/2016       57.55       58.15       56.00       57.55          1443470.00
01/15/2016       58.50       61.00       58.50       59.00          2784690.00
01/14/2016       58.20       59.00       57.20       58.40           557630.00
01/13/2016       58.80       60.40       58.55       59.10           547580.00
01/12/2016       58.10       60.00       58.10       58.80          2444930.00
01/11/2016       63.10       63.55       57.80       58.00          2518270.00
01/08/2016       65.00       65.00       63.55       63.70           858230.00
01/07/2016       67.40       67.40       64.65       65.10           736970.00
01/06/2016       67.40       67.85       67.40       67.40           710070.00
01/05/2016       67.50       69.00       67.40       67.40           219470.00
01/04/2016       69.90       70.10       67.60       67.60           414930.00
12/29/2015       70.00       70.30       68.50       70.30          1585440.00
12/28/2015       70.50       70.50       69.40       70.00           774930.00
12/23/2015       69.70       70.35       69.50       69.75           729480.00
12/22/2015       68.50       69.35       68.50       69.35           780870.00
12/21/2015       68.00       69.30       68.00       69.00           558450.00
12/18/2015       69.85       69.85       68.05       68.95          1489370.00
12/17/2015       68.75       70.35       68.40       68.95          1280990.00
12/16/2015       68.35       69.00       67.90       68.40          1305600.00
12/15/2015       68.00       69.45       68.00       68.15           168900.00
12/14/2015       70.00       70.00       67.70       67.95          1510240.00
12/11/2015       71.40       71.40       69.00       70.05           894940.00
12/10/2015       71.00       71.40       70.05       71.40          4150270.00
12/09/2015       70.95       71.95       70.95       71.00          2221060.00
12/08/2015       72.20       72.20       70.50       70.95           456580.00
12/07/2015       71.90       72.95       71.60       72.00           561300.00
12/04/2015       72.15       73.25       71.50       71.90           985180.00
12/03/2015       74.95       74.95       71.05       73.25          2807290.00
12/02/2015       74.75       75.20       74.00       75.00           999830.00
12/01/2015       73.50       74.75       73.30       74.60          2104930.00
11/27/2015       74.80       74.80       72.60       73.50          2983470.00
11/26/2015       73.50       75.00       71.80       74.80          1647160.00
11/25/2015       72.95       73.25       72.25       73.05          1345210.00
11/24/2015       72.90       73.00       71.50       72.95          1054230.00
11/23/2015       70.95       73.70       70.00       72.85          1540590.00
11/20/2015       67.20       71.00       67.20       71.00          1256840.00
11/17/2015       67.40       68.55       67.00       67.20          1187840.00
11/16/2015       68.25       69.25       66.95       66.95          1948550.00
11/13/2015       69.70       69.70       67.60       68.25           844620.00
11/12/2015       69.50       70.20       69.00       69.70          1261120.00
11/11/2015       67.80       69.35       67.20       68.00          2721500.00
11/10/2015       69.30       69.30       67.10       68.00           982830.00
11/09/2015       71.20       71.20       69.65       69.90          1899040.00
11/06/2015       72.00       73.00       71.05       71.20           966270.00
11/05/2015       73.00       74.00       71.60       71.90          2429090.00
11/04/2015       76.70       76.70       72.00       73.00          2639530.00
11/03/2015       81.75       83.50       75.90       75.90          1883190.00
11/02/2015       81.95       83.00       81.00       81.50           337440.00
10/30/2015       83.90       83.90       81.00       82.50          1080470.00
10/29/2015       85.50       86.20       83.05       84.30           703340.00
10/28/2015       85.50       86.00       85.00       85.30           330330.00
10/27/2015       87.00       88.00       85.40       85.50          1429170.00
10/26/2015       82.00       88.50       82.00       87.00          2717730.00
10/23/2015       77.25       82.00       77.25       81.30          3140960.00
10/22/2015       77.90       77.90       76.80       77.20          1553000.00
10/21/2015       77.70       78.00       77.70       77.80           563150.00
10/20/2015       77.00       78.00       77.00       77.70           474880.00
10/19/2015       78.00       78.05       76.85       77.00          1885910.00
10/16/2015       78.80       78.90       77.60       78.00          1014600.00
10/15/2015       77.00       77.95       77.00       77.70           566840.00
10/14/2015       79.00       79.00       76.70       77.00          3440400.00
10/13/2015       79.85       80.00       78.90       78.90           826480.00
10/12/2015       78.00       80.00       78.00       79.40          1705790.00
10/09/2015       77.50       78.00       76.95       77.70          1963340.00
10/08/2015       78.95       79.00       77.20       77.30           923630.00
10/07/2015       77.50       77.50       76.00       76.85          3420810.00
10/06/2015       75.70       78.45       75.70       77.75          6793430.00
10/05/2015       73.50       77.00       73.25       75.15          2773060.00
10/02/2015       75.55       75.55       73.80       74.00           947140.00
10/01/2015       75.00       78.50       75.00       75.50          2523850.00
09/30/2015       76.40       76.40       75.05       75.05          2805740.00
09/29/2015       76.25       76.35       75.15       76.00          1386920.00
09/28/2015       77.80       78.50       76.15       76.70          2008790.00
09/24/2015       79.00       79.00       75.10       77.00          2710910.00
09/23/2015       84.80       84.95       78.05       79.00          2951840.00
09/22/2015       86.40       86.40       84.90       85.00           914340.00
09/21/2015       87.30       87.30       85.00       86.40           663520.00
09/18/2015       89.45       89.45       84.90       84.90          1793820.00
09/17/2015       88.25       89.50       87.35       87.50           539230.00
09/16/2015       88.35       89.80       88.20       88.25          1098990.00
09/15/2015       89.90       89.90       87.55       87.80           874450.00
09/14/2015       88.00       88.95       87.80       87.90          1169450.00
09/11/2015       89.00       89.00       87.10       87.40           445050.00
09/10/2015       88.00       89.60       88.00       89.00          1104430.00
09/09/2015       89.00       89.00       87.90       88.00           668290.00
09/08/2015       89.00       90.00       87.00       88.05          1115670.00
09/07/2015       90.00       90.80       88.00       89.00          1755330.00
09/04/2015       91.00       92.00       90.80       90.85           390000.00
09/03/2015       91.20       94.00       89.05       92.00          2325710.00
09/02/2015       88.05       89.00       86.00       89.00          2085850.00
09/01/2015       93.00       94.60       87.00       90.00          4832940.00
08/28/2015       94.00       94.00       92.80       92.95          2030170.00
08/27/2015       94.50       95.05       93.00       94.00          3396750.00
08/26/2015       94.00       96.00       92.00       94.70          2605990.00
08/25/2015       90.00       94.00       90.00       94.00           842580.00
08/24/2015       98.00       98.00       93.00       93.65          2250080.00
08/20/2015      102.60      102.60      101.20      101.50           408970.00
08/19/2015      101.20      103.00      101.10      102.60           409150.00
08/18/2015      104.80      104.80      101.60      102.00           609050.00
08/17/2015      103.70      105.00      102.10      105.00          1488920.00
08/14/2015      103.60      103.90      103.00      103.70          1380600.00
08/13/2015      105.80      105.80      102.10      103.60          1589690.00
08/12/2015      107.10      107.40      104.50      105.90          1869160.00
08/11/2015      107.80      108.10      107.50      108.00           603710.00
08/10/2015      108.50      110.00      108.50      108.50           396370.00
08/07/2015      110.00      110.00      108.50      108.50           914740.00
08/06/2015      109.60      110.10      109.60      110.00          1821420.00
08/05/2015      109.00      110.00      109.00      110.00           815720.00
08/04/2015      109.50      110.10      109.50      110.00          1365960.00
08/03/2015      108.00      109.90      107.50      109.10           617400.00
07/31/2015      109.00      110.40      109.00      109.90          1183940.00
07/30/2015      108.90      110.40      108.90      110.00          1043250.00
07/29/2015      109.00      109.30      108.00      108.90          1299480.00
07/28/2015      109.20      109.20      107.50      109.00          1599100.00
07/27/2015      109.10      109.70      109.10      109.40           332900.00
07/24/2015      110.00      110.60      110.00      110.10           555570.00
07/23/2015      109.10      111.40      109.10      110.00           624530.00
07/22/2015      111.90      111.90      109.00      109.90          1068290.00
07/21/2015      110.30      111.00      109.50      110.60           611680.00
07/20/2015      112.00      112.10      110.00      110.30           325860.00
07/16/2015      111.00      112.00      110.90      112.00          2108690.00
07/15/2015      111.00      111.80      110.60      111.10           268910.00
07/14/2015      110.70      111.80      110.50      110.50           436260.00
07/13/2015      110.00      110.60      109.50      110.50           293750.00
07/10/2015      109.50      110.80      109.50      110.40           658120.00
07/09/2015      110.00      110.80      109.10      110.50           942780.00
07/08/2015      110.00      111.00      109.00      111.00           562660.00
07/07/2015      110.00      110.60      110.00      110.40           274050.00
07/06/2015      111.80      112.70      110.00      110.60          1676740.00
07/03/2015      113.00      113.00      111.50      111.80           681120.00
07/02/2015      112.00      113.00      111.00      113.00           748180.00
07/01/2015      109.90      113.00      109.60      113.00           754850.00
06/30/2015      110.50      113.50      109.90      110.20          2294500.00
06/29/2015      111.00      111.00      109.80      110.50           679070.00
06/26/2015      113.00      113.00      110.90      111.00          1077580.00
06/25/2015      112.90      112.90      110.00      110.70           624410.00
06/24/2015      110.00      114.00      110.00      114.00           660070.00
06/23/2015      112.00      112.00      110.00      110.00           213220.00
06/22/2015      112.00      112.80      102.60      112.00           815030.00
06/19/2015      111.20      112.10      111.20      111.90          1185650.00
06/18/2015      110.50      111.50      110.10      111.00           679710.00
06/17/2015      111.00      111.50      109.00      109.70           840500.00
06/16/2015      110.00      111.40      110.00      111.10          1317330.00
06/15/2015      108.20      110.30      108.20      110.00          2358710.00
06/11/2015      111.50      111.60      110.00      111.00          1505970.00
06/10/2015      108.20      111.50      108.20      111.50           635990.00
06/09/2015      110.20      110.20      108.10      109.40          1638180.00
06/08/2015      111.00      111.00      110.30      110.50           594330.00
06/05/2015      110.90      110.90      108.10      110.50           683460.00
06/04/2015      109.80      111.10      109.80      110.90           585810.00
06/03/2015      109.00      110.00      109.00      110.00           794110.00
06/02/2015      108.00      109.30      108.00      109.00           682370.00
06/01/2015      109.00      109.00      106.00      109.00           432720.00
05/29/2015      108.00      110.50      106.50      107.00          1884810.00
05/28/2015      109.50      109.50      106.40      108.20           816540.00
05/27/2015      110.00      110.00      108.30      108.50           871230.00
05/26/2015      110.00      110.80      109.50      110.00          2062650.00
05/25/2015      111.60      111.60      108.00      110.00           917090.00
05/22/2015      112.80      112.80      111.00      111.60           864570.00
05/21/2015      112.40      112.80      112.10      112.20           555140.00
05/20/2015      111.60      113.20      110.30      112.50           367690.00
05/19/2015      112.40      112.80      110.30      112.00           409310.00
05/18/2015      111.00      112.80      111.00      112.20           350250.00
05/15/2015      109.20      111.40      109.20      111.00           379030.00
05/14/2015      110.80      110.80      108.50      109.00          1500320.00
05/13/2015      111.10      112.00      110.80      111.00           415290.00
05/12/2015      109.10      113.00      109.10      111.70          1063350.00
05/11/2015      108.50      110.20      108.50      109.90           679810.00
05/08/2015      109.90      110.60      108.00      109.00          1280350.00
05/07/2015      108.00      111.00      107.70      109.90          1067380.00
05/06/2015      111.00      111.30      110.00      111.00           862680.00
05/05/2015      111.50      111.50      110.00      111.00           908580.00
05/04/2015      110.40      111.00      108.50      111.00           473520.00
04/30/2015      111.10      111.10      108.60      110.00          1394160.00
04/29/2015      111.20      111.30      110.00      111.10           509390.00
04/28/2015      110.50      111.50      102.60      111.20          1594480.00
04/27/2015      111.00      111.40      110.70      111.40          1524760.00
04/24/2015      108.50      110.00      107.50      110.00           694730.00
04/23/2015      106.90      108.30      106.90      108.00          1719810.00
04/22/2015      106.00      107.40      105.90      107.00          2845670.00
04/21/2015      106.30      108.00      106.00      106.40          1780220.00
04/20/2015      106.70      107.40      106.00      106.30          3235810.00
04/17/2015      106.10      107.80      106.10      106.70          3413920.00
04/16/2015      107.50      107.60      105.20      106.00          2572100.00
04/15/2015      108.00      110.40      107.00      107.60          3612930.00
04/14/2015      110.40      110.80      107.90      108.00          1541180.00
04/13/2015      110.30      111.10      110.30      110.80          1130790.00
04/10/2015      109.50      111.50      109.50      111.00          1359670.00
04/08/2015      108.00      110.90      107.00      109.50          1063450.00
04/07/2015      108.00      108.00      107.60      108.00          1508840.00
04/06/2015      110.00      110.00      107.00      107.60           988800.00
04/01/2015      110.00      110.30      110.00      110.00           877510.00
03/31/2015      111.00      112.60      108.00      108.00          1768210.00
03/30/2015      110.00      112.60      110.00      110.50          1817310.00
03/27/2015      111.00      111.30      109.50      109.50          1193860.00
03/26/2015      111.70      111.70      110.50      110.50           959650.00
03/25/2015      111.10      111.10      110.10      110.60           788750.00
03/24/2015      111.80      112.00      110.80      111.50           893570.00
03/23/2015      111.90      112.70      111.60      112.00           717430.00
03/20/2015      111.00      112.60      111.00      112.60          2127420.00
03/19/2015      112.90      112.90      110.80      112.00          1449200.00
03/18/2015      112.00      112.00      110.10      110.60          1411470.00
03/17/2015      112.30      113.00      111.80      112.00          1056960.00
03/16/2015      111.70      112.90      111.50      112.30          3627360.00
03/13/2015      113.50      114.00      111.50      111.50          5240110.00
03/12/2015      113.20      113.50      112.80      113.50           452450.00
03/11/2015      113.00      113.40      112.50      113.20           470870.00
03/10/2015      112.90      113.30      112.10      113.00           900040.00
03/09/2015      112.00      113.00      111.30      113.00           820790.00
03/06/2015      112.50      112.50      112.00      112.40          1808770.00
03/05/2015      112.50      112.50      111.80      112.50           364790.00
03/04/2015      112.60      112.80      112.10      112.50           407150.00
03/03/2015      114.00      114.00      112.20      112.60          1213580.00
03/02/2015      112.50      114.00      112.10      114.00           451410.00
02/27/2015      111.20      112.50      111.20      112.10          1104770.00
02/26/2015      113.00      113.00      110.80      110.80          2045340.00
02/25/2015      112.10      113.70      112.10      113.70           648660.00
02/24/2015      113.00      113.00      112.00      112.00           487440.00
02/23/2015      112.50      113.20      112.50      112.90          1417000.00
02/20/2015      112.50      112.50      112.20      112.40           618640.00
02/18/2015      115.00      115.00      112.10      112.50           538170.00
02/17/2015      112.70      115.00      112.60      115.00           295350.00
02/16/2015      113.00      113.00      112.50      112.60          1166860.00
02/13/2015      113.10      114.00      113.00      113.00           688490.00
02/12/2015      112.60      114.50      112.60      113.00           734670.00
02/11/2015      114.70      114.70      112.50      112.60          2202130.00
02/10/2015      115.20      115.20      112.30      114.50           432590.00
02/09/2015      115.00      115.10      113.90      115.00           235810.00
02/06/2015      115.40      115.40      113.20      115.00           610850.00
02/05/2015      114.00      114.70      113.70      113.90           716260.00
02/04/2015      114.00      115.00      113.80      114.70           268840.00
02/03/2015      113.30      113.60      113.00      113.00          1704550.00
02/02/2015      114.00      114.00      112.10      112.20          2355770.00
01/30/2015      114.30      116.00      113.60      114.00          1853890.00
01/29/2015      115.00      116.50      113.70      114.20          2302600.00
01/28/2015      116.80      117.00      115.50      116.00          1147840.00
01/27/2015      117.00      118.30      116.80      116.80           584390.00
01/26/2015      117.20      117.80      116.60      117.80           422140.00
01/23/2015      118.00      118.50      116.00      117.70           883580.00
01/22/2015      117.10      117.10      115.00      116.00           872560.00
01/21/2015      117.00      117.00      115.70      116.00           800990.00
01/20/2015      118.00      118.00      116.00      116.30           619860.00
01/19/2015      118.20      118.20      117.10      117.80           771700.00
01/14/2015      115.10      118.00      115.10      117.10          2000840.00
01/13/2015      116.40      117.00      115.00      115.00           774360.00
01/12/2015      115.80      116.50      114.50      114.50           835510.00
01/09/2015      116.00      117.00      115.30      115.80          1253090.00
01/08/2015      115.00      116.60      115.00      116.00          2411420.00
01/07/2015      115.10      117.40      114.70      116.80           330090.00
01/06/2015      116.40      116.50      115.00      116.10          1060160.00
01/05/2015      117.00      117.00      116.00      116.40          1147530.00
