JFC  1216

12/27/2019      216.20      217.00      214.60      216.00           302990.00
12/26/2019      220.00      220.00      214.00      216.20           238960.00
12/23/2019      213.00      220.00      213.00      220.00           394710.00
12/20/2019      216.20      218.00      209.00      213.00          1402670.00
12/19/2019      224.60      224.80      216.00      216.00           597720.00
12/18/2019      225.00      225.00      223.20      225.00           935250.00
12/17/2019      223.80      225.00      220.00      225.00          1157490.00
12/16/2019      224.00      228.00      222.40      223.60          1003110.00
12/13/2019      217.00      223.20      216.20      221.20           875710.00
12/12/2019      207.00      216.00      205.80      216.00           806660.00
12/11/2019      205.80      207.60      202.60      207.60           259440.00
12/10/2019      207.00      207.60      201.00      201.00           183340.00
12/09/2019      204.00      206.60      202.20      206.60           314690.00
12/06/2019      205.00      205.20      200.80      202.00           330360.00
12/05/2019      198.00      205.00      198.00      205.00           533030.00
12/04/2019      194.90      198.00      193.20      198.00           466630.00
12/03/2019      197.90      198.00      192.00      192.00           621320.00
12/02/2019      196.00      198.60      196.00      197.90           411200.00
11/29/2019      195.00      196.00      192.00      192.00           779240.00
11/28/2019      198.00      198.60      194.50      195.00           674160.00
11/27/2019      187.80      198.60      187.80      197.90          1099600.00
11/26/2019      186.60      190.50      184.10      184.10          2546200.00
11/25/2019      195.70      197.50      186.20      186.20          1107270.00
11/22/2019      200.40      200.40      194.20      195.00           843410.00
11/21/2019      205.00      207.80      198.10      198.60           781770.00
11/20/2019      205.00      209.40      204.00      204.00           405110.00
11/19/2019      203.00      205.00      202.20      204.40           495140.00
11/18/2019      202.00      206.00      202.00      202.00           796290.00
11/15/2019      202.60      208.80      202.00      202.00          1104080.00
11/14/2019      213.80      217.80      202.60      202.60          1497490.00
11/13/2019      219.80      220.40      212.40      213.20          1331770.00
11/12/2019      224.00      224.80      220.00      220.00           734710.00
11/11/2019      227.00      227.60      224.00      224.00           808840.00
11/08/2019      226.00      228.40      226.00      228.00           394910.00
11/07/2019      228.00      229.40      224.80      226.00           279580.00
11/06/2019      233.00      234.20      226.00      227.00           672150.00
11/05/2019      233.00      235.00      232.00      233.00           669370.00
11/04/2019      232.80      233.00      231.80      233.00           248530.00
10/31/2019      232.00      233.00      230.20      232.00           480610.00
10/30/2019      231.80      232.00      227.80      232.00           329130.00
10/29/2019      223.00      229.80      223.00      229.80           834110.00
10/28/2019      227.20      229.80      223.00      223.00           501830.00
10/25/2019      227.60      228.00      225.40      226.20           107870.00
10/24/2019      226.00      230.00      226.00      227.60           710950.00
10/23/2019      227.00      227.00      223.60      225.20           346370.00
10/22/2019      226.40      229.20      226.20      227.20           404690.00
10/21/2019      230.00      232.60      226.20      226.20           237180.00
10/18/2019      235.00      235.20      227.00      230.00           398090.00
10/17/2019      233.40      235.00      232.40      235.00           327640.00
10/16/2019      233.00      233.00      232.00      233.00           203210.00
10/15/2019      235.20      236.20      232.00      233.40           718800.00
10/14/2019      232.00      235.00      232.00      234.60           366980.00
10/11/2019      229.20      232.00      229.20      231.20           216770.00
10/10/2019      228.20      229.80      228.00      229.00           906250.00
10/09/2019      226.60      231.40      225.00      229.00           555720.00
10/08/2019      223.00      229.40      223.00      226.00           904760.00
10/07/2019      220.80      223.20      219.80      220.00          1867940.00
10/04/2019      220.00      222.00      219.00      220.20           600610.00
10/03/2019      221.00      221.00      217.80      218.60          1103310.00
10/02/2019      220.00      221.80      218.40      220.80           594020.00
10/01/2019      222.00      222.80      219.60      220.00           453570.00
09/30/2019      220.00      222.80      218.20      222.00           499940.00
09/27/2019      221.00      221.40      219.00      220.20          1260580.00
09/26/2019      219.00      220.80      217.40      219.00           355870.00
09/25/2019      219.80      219.80      212.00      219.00          1038710.00
09/24/2019      221.00      221.80      219.60      220.00           844440.00
09/23/2019      220.40      221.60      220.20      220.20          1247580.00
09/20/2019      224.00      225.00      220.00      220.00          1051740.00
09/19/2019      226.00      226.00      222.80      223.00           424150.00
09/18/2019      230.00      230.20      223.20      223.20           316300.00
09/17/2019      223.80      230.60      223.00      230.60           563060.00
09/16/2019      222.80      225.00      222.60      224.00           442140.00
09/13/2019      222.60      225.40      222.20      222.20           420990.00
09/12/2019      226.00      226.20      222.40      222.40          3944530.00
09/11/2019      227.00      228.00      224.00      226.20           710030.00
09/10/2019      227.00      229.00      225.80      227.00           337930.00
09/09/2019      230.00      232.00      225.80      225.80           403590.00
09/06/2019      229.00      230.00      226.80      229.00           764640.00
09/05/2019      230.00      231.00      228.00      229.00           477980.00
09/04/2019      232.00      232.80      227.00      228.00           388340.00
09/03/2019      235.00      235.40      231.00      231.00           553680.00
09/02/2019      237.60      238.00      232.00      235.60           444890.00
08/30/2019      235.80      239.40      235.00      237.80          1522100.00
08/29/2019      228.20      233.60      226.60      233.60           532340.00
08/28/2019      229.60      229.60      225.40      228.20           579100.00
08/27/2019      229.80      230.20      224.40      230.00          1535510.00
08/23/2019      225.00      230.00      222.00      230.00           603580.00
08/22/2019      224.40      225.00      220.40      225.00           891050.00
08/20/2019      233.60      233.60      224.60      225.20          1045490.00
08/19/2019      238.00      238.40      231.00      234.00           859570.00
08/16/2019      234.60      239.20      230.40      237.00           766170.00
08/15/2019      229.60      235.20      224.00      235.20          1056160.00
08/14/2019      220.00      234.80      219.00      234.20          1470580.00
08/13/2019      225.00      226.00      217.20      217.40          1578160.00
08/09/2019      230.00      231.60      225.00      225.00          1669050.00
08/08/2019      231.20      235.00      230.00      230.00          1463450.00
08/07/2019      235.00      239.00      229.00      231.00          2161100.00
08/06/2019      244.00      244.00      234.80      235.00          2676260.00
08/05/2019      258.00      258.00      247.00      247.00          1793250.00
08/02/2019      259.80      259.80      255.40      258.00           791650.00
08/01/2019      259.00      260.00      255.00      260.00           707840.00
07/31/2019      256.40      260.00      254.40      259.00          1761680.00
07/30/2019      253.00      256.80      248.00      255.00          1597640.00
07/29/2019      254.80      257.00      242.00      252.80          2056700.00
07/26/2019      239.00      256.60      237.20      252.00          4396700.00
07/25/2019      250.80      250.80      231.00      236.00         10785110.00
07/24/2019      272.60      272.60      251.00      251.00          5746140.00
07/23/2019      275.20      277.00      270.20      272.80           875030.00
07/22/2019      275.80      277.60      274.40      275.00          1115340.00
07/19/2019      279.40      282.40      278.20      279.80           622360.00
07/18/2019      282.00      282.00      279.40      280.00           330400.00
07/17/2019      284.60      285.60      281.00      282.00           503210.00
07/16/2019      285.60      285.60      283.60      284.60           882710.00
07/15/2019      281.00      285.60      281.00      285.60          1211860.00
07/12/2019      282.00      282.60      280.40      280.40           906650.00
07/11/2019      282.00      282.00      280.40      281.00          1022180.00
07/10/2019      284.00      284.20      281.00      282.00           745130.00
07/09/2019      282.00      284.00      281.20      284.00           244110.00
07/08/2019      285.00      285.20      280.20      282.00           317970.00
07/05/2019      285.80      286.00      284.60      285.00           335280.00
07/04/2019      285.40      286.80      285.00      285.80           228480.00
07/03/2019      285.80      286.00      284.80      285.00           311030.00
07/02/2019      284.00      285.00      283.80      285.00           191510.00
07/01/2019      282.40      284.60      282.20      284.00           258770.00
06/28/2019      284.20      284.20      280.80      281.80           587180.00
06/27/2019      285.00      286.00      283.40      284.00           358860.00
06/26/2019      286.80      286.80      283.20      285.00           278760.00
06/25/2019      287.20      288.80      284.20      286.80           800460.00
06/24/2019      287.40      288.20      284.00      287.00           530980.00
06/21/2019      284.80      288.00      282.00      288.00          1273820.00
06/20/2019      281.00      284.80      279.40      284.80           455850.00
06/19/2019      282.00      282.40      280.00      281.00           461510.00
06/18/2019      282.00      282.00      277.00      282.00           683400.00
06/17/2019      286.00      286.00      280.80      282.00           551770.00
06/14/2019      288.80      288.80      280.20      286.00           578850.00
06/13/2019      285.00      289.00      281.20      289.00           717140.00
06/11/2019      281.00      286.40      281.00      285.00           536820.00
06/10/2019      275.20      280.00      275.00      280.00           468090.00
06/07/2019      278.00      279.00      275.20      275.20           542820.00
06/06/2019      279.00      281.00      275.00      275.00          1161490.00
06/04/2019      287.00      287.00      277.00      277.00           685690.00
06/03/2019      288.00      290.00      284.40      287.00           910270.00
05/31/2019      283.00      288.00      283.00      288.00          1111730.00
05/30/2019      274.60      284.40      274.60      282.00           933720.00
05/29/2019      270.80      274.80      270.60      273.00           699980.00
05/28/2019      273.80      274.00      270.00      270.00          2630790.00
05/27/2019      278.20      278.60      274.00      274.00           812360.00
05/24/2019      284.00      284.00      277.00      278.00          1112480.00
05/23/2019      287.20      287.20      281.00      284.00          1693510.00
05/22/2019      284.00      288.80      283.80      287.40           533510.00
05/21/2019      276.00      284.80      274.00      282.60          1088980.00
05/20/2019      277.00      278.00      272.00      274.20          1336880.00
05/17/2019      286.40      289.20      277.00      277.00          2318150.00
05/16/2019      293.00      293.00      285.00      285.00          1852050.00
05/15/2019      302.60      305.60      293.00      293.00          1913390.00
05/14/2019      301.00      302.60      291.80      302.60          6205170.00
05/10/2019      302.00      305.00      302.00      302.80           431890.00
05/09/2019      300.40      303.40      300.40      302.00           745620.00
05/08/2019      303.80      305.00      302.00      303.00           947300.00
05/07/2019      302.20      305.40      302.20      304.00           726470.00
05/06/2019      301.80      306.00      301.80      302.00           628950.00
05/03/2019      301.00      303.60      300.80      301.00          1643160.00
05/02/2019      304.60      306.80      300.00      300.60           979350.00
04/30/2019      305.00      306.80      302.80      304.60           677750.00
04/29/2019      303.40      304.80      302.80      304.00           284530.00
04/26/2019      303.00      305.00      301.20      303.00           494290.00
04/25/2019      301.00      307.60      301.00      303.00           906290.00
04/24/2019      301.80      302.80      300.00      300.40          1141800.00
04/23/2019      303.00      304.40      301.40      302.20           963380.00
04/22/2019      304.00      309.80      302.60      303.00          1300150.00
04/17/2019      306.00      307.80      303.00      304.00           700640.00
04/16/2019      310.20      310.40      305.80      306.00           781860.00
04/15/2019      310.00      312.00      305.80      310.00          1037610.00
04/12/2019      318.00      319.80      310.00      310.00          1671610.00
04/11/2019      322.00      322.60      317.20      317.20           335080.00
04/10/2019      322.00      322.60      320.40      322.00           790720.00
04/08/2019      320.20      320.60      318.80      318.80           493570.00
04/05/2019      319.00      321.00      319.00      320.00          1390800.00
04/04/2019      318.80      319.60      317.80      318.80           526570.00
04/03/2019      317.00      319.00      316.40      318.80           389250.00
04/02/2019      315.00      318.60      315.00      317.00           689090.00
04/01/2019      317.00      317.40      311.80      315.00           436040.00
03/29/2019      316.20      319.00      316.00      317.00           628390.00
03/28/2019      317.00      317.00      313.00      316.00           272100.00
03/27/2019      316.60      317.00      313.00      316.00           334490.00
03/26/2019      315.80      319.20      314.00      316.60           730920.00
03/25/2019      313.00      316.00      308.00      316.00          2737700.00
03/22/2019      313.40      317.20      312.20      312.40           809450.00
03/21/2019      313.60      315.00      312.00      312.40           472780.00
03/20/2019      313.00      315.00      312.80      313.60           285920.00
03/19/2019      315.20      316.00      312.20      313.60           365990.00
03/18/2019      316.40      317.20      313.00      315.20           893290.00
03/15/2019      313.00      316.20      310.60      316.20           740420.00
03/14/2019      316.00      316.00      312.00      312.00           257020.00
03/13/2019      315.60      318.00      315.00      316.40           364290.00
03/12/2019      312.00      317.00      311.00      317.00           139630.00
03/11/2019      317.60      317.60      308.80      311.00           453970.00
03/08/2019      319.80      319.80      316.00      317.60           566000.00
03/07/2019      316.00      320.00      316.00      320.00           678110.00
03/06/2019      309.80      316.00      308.00      316.00           621600.00
03/05/2019      309.00      311.00      309.00      309.00           682530.00
03/04/2019      309.00      312.00      308.00      309.00           357810.00
03/01/2019      309.40      315.80      305.80      309.00          1837490.00
02/28/2019      309.80      311.00      307.80      307.80           653140.00
02/27/2019      314.00      314.00      308.00      308.00          1303210.00
02/26/2019      313.40      316.80      310.00      315.00           924040.00
02/22/2019      307.40      313.20      307.40      313.20           454250.00
02/21/2019      310.00      310.60      306.40      307.20           980260.00
02/20/2019      311.00      313.00      309.00      310.40           972260.00
02/19/2019      313.00      316.00      310.00      310.00          1073930.00
02/18/2019      317.00      319.80      312.00      312.00           287990.00
02/15/2019      321.20      323.80      316.60      316.60           615040.00
02/14/2019      316.00      322.00      314.20      321.20           838930.00
02/13/2019      314.00      317.00      311.20      316.00           820960.00
02/12/2019      318.00      318.00      312.00      312.00           475100.00
02/11/2019      317.00      320.00      314.80      314.80           434150.00
02/08/2019      324.80      324.80      314.60      316.20           397410.00
02/07/2019      322.00      323.00      319.20      323.00           538370.00
02/06/2019      317.00      323.80      317.00      322.00          1051450.00
02/04/2019      318.00      320.00      315.00      315.00           347870.00
02/01/2019      318.00      321.60      318.00      320.00           705360.00
01/31/2019      317.00      320.00      315.00      316.00          1041850.00
01/30/2019      322.00      322.00      307.60      314.00           991120.00
01/29/2019      323.00      328.40      322.00      322.00           716830.00
01/28/2019      323.00      324.00      317.00      317.00           596470.00
01/25/2019      315.80      325.00      315.80      323.60           383120.00
01/24/2019      319.00      322.20      315.80      315.80           304390.00
01/23/2019      324.40      324.40      316.20      317.00           422300.00
01/22/2019      325.00      325.00      322.00      325.00           566250.00
01/21/2019      324.60      325.20      320.00      325.20           401380.00
01/18/2019      315.00      324.80      314.20      324.80           944340.00
01/17/2019      308.00      314.60      308.00      313.00           440750.00
01/16/2019      315.20      317.80      307.00      307.00           593810.00
01/15/2019      324.00      324.00      315.00      315.00           595560.00
01/14/2019      316.60      324.00      312.00      324.00           940570.00
01/11/2019      314.00      318.00      312.00      316.60           428970.00
01/10/2019      318.00      319.00      312.00      314.00          1064200.00
01/09/2019      321.00      321.00      316.00      319.00          1659810.00
01/08/2019      323.00      323.00      316.00      321.00           623090.00
01/07/2019      309.00      324.20      309.00      323.00          1004160.00
01/04/2019      293.80      310.40      293.20      309.00          1622480.00
01/03/2019      292.80      294.20      290.80      292.00          1665440.00
01/02/2019      292.00      295.80      291.80      293.00           181410.00
12/28/2018      295.00      299.80      291.80      291.80           425440.00
12/27/2018      292.00      297.60      288.00      295.00           585760.00
12/26/2018      298.00      300.00      285.00      292.00          1087620.00
12/21/2018      303.00      303.00      298.60      302.40           715510.00
12/20/2018      305.60      309.80      303.00      303.00           659480.00
12/19/2018      300.00      305.00      298.20      305.00          1796000.00
12/18/2018      301.00      303.00      298.60      301.20          1014270.00
12/17/2018      298.00      305.00      297.00      300.00          1255210.00
12/14/2018      295.00      298.60      295.00      298.00          1378350.00
12/13/2018      294.00      295.20      293.40      294.60           484920.00
12/12/2018      296.00      296.60      292.00      294.00          1701840.00
12/11/2018      290.00      297.00      288.20      297.00           602960.00
12/10/2018      294.00      294.00      289.00      291.00           264940.00
12/07/2018      295.60      296.00      294.00      295.00           574500.00
12/06/2018      294.40      296.60      293.00      296.00           504510.00
12/05/2018      289.00      297.00      288.80      294.00           735640.00
12/04/2018      286.80      298.80      286.00      289.60          1533830.00
12/03/2018      278.60      286.80      278.60      286.80          1030870.00
11/29/2018      280.00      284.00      278.40      278.40          2113500.00
11/28/2018      282.00      283.00      279.80      280.00           654090.00
11/27/2018      280.60      283.00      279.80      283.00           712330.00
11/26/2018      282.80      284.20      280.00      280.00           316450.00
11/23/2018      283.20      284.40      283.00      283.00           372480.00
11/22/2018      279.80      285.00      278.00      285.00           585580.00
11/21/2018      279.00      282.00      277.40      282.00           437010.00
11/20/2018      282.00      282.00      278.40      279.00           388900.00
11/19/2018      280.00      284.00      278.40      282.00           562330.00
11/16/2018      284.80      284.80      280.00      282.00           514500.00
11/15/2018      278.80      282.00      276.60      280.00           371040.00
11/14/2018      274.00      279.00      268.00      279.00           677510.00
11/13/2018      273.20      274.40      265.20      272.80           899670.00
11/12/2018      276.00      279.40      274.00      274.00           337800.00
11/09/2018      279.00      279.00      273.00      278.00           333550.00
11/08/2018      278.80      280.00      271.20      280.00           815650.00
11/07/2018      278.60      280.00      270.80      280.00           569150.00
11/06/2018      280.00      282.00      276.80      278.60           646700.00
11/05/2018      275.00      284.60      269.20      280.00          1688940.00
10/31/2018      267.80      277.00      265.40      276.00          1466050.00
10/30/2018      267.00      267.00      259.80      264.00           823140.00
10/29/2018      268.00      271.00      263.80      270.00           366380.00
10/26/2018      262.00      270.00      260.00      270.00           698210.00
10/25/2018      261.60      262.00      255.00      262.00           469150.00
10/24/2018      268.00      268.00      263.00      264.20           462050.00
10/23/2018      271.80      271.80      265.40      268.00           688370.00
10/22/2018      265.00      272.00      263.40      272.00           699990.00
10/19/2018      261.00      265.00      258.00      265.00           328340.00
10/18/2018      258.60      260.00      256.00      260.00           328170.00
10/17/2018      254.20      262.00      254.20      258.60           379720.00
10/16/2018      252.00      254.80      248.00      254.20           864680.00
10/15/2018      262.00      264.00      250.00      250.00           480350.00
10/12/2018      253.00      263.00      249.00      262.00           440520.00
10/11/2018      246.20      254.00      246.00      254.00           490960.00
10/10/2018      253.80      254.00      245.00      254.00          1377630.00
10/09/2018      243.20      256.00      243.20      252.40           427280.00
10/08/2018      247.00      248.00      243.00      243.00           927610.00
10/05/2018      251.00      251.40      246.60      247.00           897790.00
10/04/2018      253.00      255.40      251.00      252.00           359360.00
10/03/2018      251.00      252.40      250.80      252.00           393580.00
10/02/2018      252.20      255.00      248.80      250.00           913210.00
10/01/2018      257.20      261.00      252.00      252.00           394210.00
09/28/2018      262.00      265.00      257.00      257.00           605490.00
09/27/2018      266.00      266.40      259.00      259.00           804170.00
09/26/2018      268.80      268.80      265.40      266.20           132640.00
09/25/2018      271.80      272.00      268.00      268.80           229530.00
09/24/2018      272.40      273.00      270.00      271.00           207870.00
09/21/2018      273.80      275.40      269.80      272.00           694330.00
09/20/2018      271.00      273.20      264.20      271.00           361700.00
09/19/2018      272.00      272.00      258.00      264.00           542930.00
09/18/2018      274.80      274.80      265.20      272.00           692650.00
09/17/2018      269.00      275.00      269.00      275.00           167450.00
09/14/2018      273.00      274.00      267.40      269.00           560990.00
09/13/2018      270.00      277.00      270.00      277.00           550430.00
09/12/2018      276.00      279.60      269.00      269.00           572730.00
09/11/2018      278.40      279.00      275.20      276.00           358670.00
09/10/2018      280.80      281.00      277.60      278.40           799990.00
09/07/2018      277.00      281.00      275.40      281.00           546950.00
09/06/2018      282.20      282.20      275.40      276.00           745500.00
09/05/2018      286.60      287.00      279.00      285.00           477030.00
09/04/2018      282.00      288.00      282.00      286.60           575500.00
09/03/2018      288.00      288.00      282.00      282.00           347880.00
08/31/2018      287.80      288.00      279.40      288.00          1025030.00
08/30/2018      285.80      286.00      278.60      286.00           545750.00
08/29/2018      288.80      291.00      286.00      287.40           687570.00
08/28/2018      287.20      294.00      287.00      290.20           836640.00
08/24/2018      293.00      293.00      284.20      288.00           582540.00
08/23/2018      287.00      293.00      286.80      293.00          2015570.00
08/22/2018      275.00      286.00      273.60      286.00          1729220.00
08/20/2018      271.60      274.80      271.20      273.00           403650.00
08/17/2018      266.60      271.80      266.60      271.20           985800.00
08/16/2018      270.40      270.80      266.80      266.80           635710.00
08/15/2018      273.40      275.00      270.00      274.00           334270.00
08/14/2018      270.20      273.40      265.00      273.40           394990.00
08/13/2018      266.00      270.00      262.80      270.00           242500.00
08/10/2018      269.00      274.00      266.00      267.00           492160.00
08/09/2018      274.00      274.20      269.00      269.00           448860.00
08/08/2018      271.00      276.80      270.20      276.80           316510.00
08/07/2018      279.80      279.80      270.00      270.00           641970.00
08/06/2018      277.00      280.00      276.20      280.00           355370.00
08/03/2018      275.00      277.40      273.80      277.00           442350.00
08/02/2018      279.00      279.00      273.40      276.00           510190.00
08/01/2018      270.00      279.40      267.60      279.40           789140.00
07/31/2018      265.80      270.00      261.80      270.00           997780.00
07/30/2018      265.00      266.00      261.60      266.00           281580.00
07/27/2018      257.00      266.00      256.20      266.00           646770.00
07/26/2018      253.00      257.80      252.00      256.20           714360.00
07/25/2018      251.00      254.00      251.00      251.20           207290.00
07/24/2018      250.40      254.00      250.00      251.00           224900.00
07/23/2018      250.00      251.00      250.00      250.00           257100.00
07/20/2018      250.60      251.40      250.00      250.00           585790.00
07/19/2018      254.20      254.40      251.00      253.00           164630.00
07/18/2018      252.60      254.20      251.00      254.20           142770.00
07/17/2018      249.00      252.60      248.40      252.60           240860.00
07/16/2018      252.00      253.40      246.60      248.80           273670.00
07/13/2018      252.00      253.60      249.80      251.80           611160.00
07/12/2018      249.00      251.40      247.60      249.80          1783980.00
07/11/2018      246.00      249.00      245.80      247.20           760520.00
07/10/2018      245.20      249.00      245.00      246.00           535530.00
07/09/2018      251.80      253.00      245.00      245.00           736500.00
07/06/2018      254.00      254.20      250.60      251.00           583500.00
07/05/2018      259.80      259.80      252.80      254.00           635340.00
07/04/2018      260.00      260.00      251.00      259.80          1220700.00
07/03/2018      260.00      262.40      259.60      260.00           925680.00
07/02/2018      263.00      263.20      259.00      260.00           965510.00
06/29/2018      259.80      265.00      259.60      263.00           378480.00
06/28/2018      270.00      270.00      259.00      259.60          1761980.00
06/27/2018      270.80      273.00      269.00      271.00           529860.00
06/26/2018      269.00      272.60      267.80      270.60           370900.00
06/25/2018      275.00      277.00      267.00      268.40           757810.00
06/22/2018      270.00      270.00      263.00      267.00          1495520.00
06/21/2018      279.00      279.00      269.00      270.00          1867510.00
06/20/2018      278.40      282.00      278.40      279.00           726920.00
06/19/2018      276.20      284.00      276.00      284.00           757250.00
06/18/2018      279.20      279.20      276.20      277.20           609580.00
06/14/2018      278.40      280.20      276.60      279.20          1393440.00
06/13/2018      281.00      282.60      278.80      279.00          1075600.00
06/11/2018      284.00      286.00      282.80      285.00           487600.00
06/08/2018      283.00      284.00      280.40      284.00           235220.00
06/07/2018      280.80      284.20      280.80      282.60           435860.00
06/06/2018      281.00      281.80      279.80      280.80           664040.00
06/05/2018      280.40      281.80      279.40      280.20           696340.00
06/04/2018      284.00      284.20      279.20      280.40          1839120.00
06/01/2018      280.00      284.20      276.80      283.80           750260.00
05/31/2018      280.00      281.20      274.00      274.00          2835720.00
05/30/2018      280.00      283.60      278.60      280.00          1104490.00
05/29/2018      280.20      283.20      279.00      283.00           317450.00
05/28/2018      281.20      281.20      280.00      280.40           338540.00
05/25/2018      285.00      285.00      279.80      281.20           486670.00
05/24/2018      287.00      287.00      281.40      285.00           376390.00
05/23/2018      285.00      287.40      280.00      287.00           574100.00
05/22/2018      285.00      286.00      283.00      284.00           570700.00
05/21/2018      284.00      286.60      280.00      280.00           355840.00
05/18/2018      285.20      285.20      281.00      285.00           236440.00
05/17/2018      286.00      286.00      284.00      285.00           432100.00
05/16/2018      283.00      286.60      280.20      286.60           495600.00
05/15/2018      283.00      283.60      279.40      283.00          1041560.00
05/11/2018      280.80      286.00      280.60      285.00           366080.00
05/10/2018      285.80      286.20      278.40      279.80           949240.00
05/09/2018      279.00      285.00      279.00      283.00           646300.00
05/08/2018      279.00      280.00      276.40      278.00          1470730.00
05/07/2018      276.00      279.00      270.80      279.00           790120.00
05/04/2018      276.00      280.00      273.00      275.40           863750.00
05/03/2018      285.00      285.00      275.00      275.00           919090.00
05/02/2018      286.00      287.60      283.00      283.00           439510.00
04/30/2018      283.00      287.60      283.00      285.00           720250.00
04/27/2018      282.20      289.00      282.00      282.00           275720.00
04/26/2018      280.00      282.00      279.00      280.00          1333040.00
04/25/2018      285.40      290.00      280.20      281.60          1202880.00
04/24/2018      292.00      293.60      285.00      285.00           891380.00
04/23/2018      291.00      294.00      290.00      294.00           302310.00
04/20/2018      288.00      293.00      288.00      291.00           662390.00
04/19/2018      289.00      293.40      282.00      285.00          1653070.00
04/18/2018      288.60      297.00      288.00      294.20           496950.00
04/17/2018      291.60      291.60      287.40      288.60          1061840.00
04/16/2018      295.00      295.00      287.80      291.60           478570.00
04/13/2018      298.00      298.00      290.00      292.20          1000070.00
04/12/2018      289.80      300.00      289.40      300.00           268920.00
04/11/2018      284.00      289.60      284.00      289.60          1197810.00
04/10/2018      278.00      285.00      275.20      284.00          1189830.00
04/06/2018      281.00      285.00      276.00      278.00          1301960.00
04/05/2018      285.00      289.00      280.00      280.00           497530.00
04/04/2018      296.00      299.80      285.00      285.00          1021530.00
04/03/2018      295.00      298.00      294.80      296.40          1392970.00
04/02/2018      296.00      300.00      292.00      300.00           701450.00
03/28/2018      295.00      299.00      292.00      299.00           759390.00
03/27/2018      295.00      297.00      289.40      294.40           356420.00
03/26/2018      286.60      295.00      282.00      295.00           404650.00
03/23/2018      285.00      288.00      280.00      288.00           864870.00
03/22/2018      285.40      288.00      282.40      286.80           573890.00
03/21/2018      286.60      293.00      285.00      285.00           953100.00
03/20/2018      296.80      296.80      285.00      286.00          1028940.00
03/19/2018      299.60      299.60      295.20      298.00           531280.00
03/16/2018      286.80      305.40      286.80      305.40          2052470.00
03/15/2018      288.40      288.60      282.60      284.00          1140780.00
03/14/2018      293.00      294.40      287.40      288.40           757340.00
03/13/2018      296.00      297.00      292.40      293.00           557650.00
03/12/2018      296.00      299.00      292.20      295.40           303520.00
03/09/2018      297.00      297.00      292.00      292.00           352590.00
03/08/2018      303.00      304.00      295.00      295.00           367970.00
03/07/2018      300.00      304.00      299.80      304.00           853340.00
03/06/2018      300.00      304.00      297.80      298.60           833460.00
03/05/2018      299.00      300.00      296.00      299.60           388840.00
03/02/2018      297.60      298.40      295.00      298.00           735080.00
03/01/2018      297.60      300.00      295.80      297.60           663930.00
02/28/2018      295.00      298.80      289.00      298.40          1052820.00
02/27/2018      292.00      297.20      289.20      295.00           815230.00
02/26/2018      282.00      292.80      281.60      292.00           839100.00
02/23/2018      285.00      289.40      281.40      282.00          1269870.00
02/22/2018      283.40      289.20      280.00      282.00           602290.00
02/21/2018      285.60      286.00      282.00      282.00           442680.00
02/20/2018      289.60      289.80      283.80      286.00           397190.00
02/19/2018      283.80      291.00      283.80      285.00           492990.00
02/15/2018      281.80      289.80      280.00      285.00           516060.00
02/14/2018      281.60      283.00      275.00      278.00          1491080.00
02/13/2018      283.00      284.00      275.60      277.00           763250.00
02/12/2018      289.00      291.80      282.20      283.00           741090.00
02/09/2018      289.80      292.00      284.20      292.00           413260.00
02/08/2018      294.00      294.00      288.00      292.80           871390.00
02/07/2018      290.00      294.60      288.00      293.20           582230.00
02/06/2018      274.40      289.00      267.00      289.00          1021600.00
02/05/2018      290.00      290.00      282.00      282.00           742600.00
02/02/2018      287.20      294.00      285.00      294.00           943050.00
02/01/2018      284.80      289.00      284.60      287.20           512760.00
01/31/2018      284.20      285.00      282.00      284.80           910980.00
01/30/2018      285.40      285.40      281.00      284.20          1125860.00
01/29/2018      292.00      295.00      285.40      285.40           542160.00
01/26/2018      290.40      293.00      290.00      292.20           375570.00
01/25/2018      282.00      293.00      282.00      293.00           491640.00
01/24/2018      282.00      288.80      281.40      282.00           714160.00
01/23/2018      282.60      283.00      279.80      282.20          1179360.00
01/22/2018      280.00      286.80      279.60      283.00          1001520.00
01/19/2018      278.00      280.00      275.20      280.00           560060.00
01/18/2018      277.00      279.00      271.40      279.00          1484360.00
01/17/2018      277.40      279.40      276.60      277.60          1680700.00
01/16/2018      263.80      278.00      263.80      277.60          1795160.00
01/15/2018      257.00      264.20      255.00      263.80          1256670.00
01/12/2018      257.80      258.00      255.00      255.00          1311930.00
01/11/2018      255.40      256.00      253.80      255.00           681780.00
01/10/2018      256.20      256.60      255.00      255.40           447710.00
01/09/2018      256.00      258.00      255.00      255.80           978180.00
01/08/2018      257.40      259.00      253.40      256.00           840630.00
01/05/2018      255.60      257.40      255.00      255.00           946040.00
01/04/2018      255.40      255.40      253.00      255.00           617010.00
01/03/2018      253.40      256.80      253.00      255.40           745780.00
12/29/2017      255.00      257.40      253.00      253.00           567530.00
12/28/2017      248.80      257.00      248.80      254.00           871930.00
12/27/2017      247.00      248.80      246.00      248.80           319450.00
12/22/2017      247.80      248.00      244.80      247.00           512020.00
12/21/2017      245.00      248.20      244.40      247.80           330590.00
12/20/2017      246.40      248.80      243.80      243.80           736850.00
12/19/2017      249.20      250.00      244.20      244.60           945440.00
12/18/2017      246.00      250.20      246.00      249.40           292370.00
12/15/2017      245.20      246.20      244.20      246.00          1612560.00
12/14/2017      248.00      248.00      243.60      244.00          1358220.00
12/13/2017      250.00      250.00      247.00      247.00           545820.00
12/12/2017      249.40      250.00      248.40      249.40          1774780.00
12/11/2017      247.20      249.00      246.80      249.00           642820.00
12/08/2017      247.00      249.00      245.00      248.80           336300.00
12/07/2017      243.00      248.00      243.00      246.80           319960.00
12/06/2017      243.20      247.60      242.00      243.00           433440.00
12/05/2017      241.40      244.60      241.40      243.80           447580.00
12/04/2017      245.40      245.40      240.20      241.40           583130.00
12/01/2017      244.00      246.60      243.60      245.40          1037900.00
11/29/2017      252.40      252.60      243.60      243.60          4477880.00
11/28/2017      254.00      254.00      250.00      252.00           713760.00
11/27/2017      258.20      258.20      253.60      254.00           551030.00
11/24/2017      253.20      258.40      252.80      258.40           568850.00
11/23/2017      254.60      255.00      253.00      254.00           295570.00
11/22/2017      254.00      259.00      253.40      255.00           680180.00
11/21/2017      256.20      256.20      251.00      254.00          1040390.00
11/20/2017      260.00      260.00      257.00      257.00           798610.00
11/17/2017      260.00      260.00      257.40      259.80           733970.00
11/16/2017      256.00      260.00      255.80      258.80          1604010.00
11/15/2017      258.80      258.80      255.80      255.80           621060.00
11/14/2017      257.00      259.60      255.80      259.60           655920.00
11/13/2017      253.00      258.60      253.00      257.00           968510.00
11/10/2017      254.00      254.00      249.60      251.20           485010.00
11/09/2017      252.00      253.00      251.60      253.00          1231040.00
11/08/2017      253.20      253.20      251.40      252.00          1033750.00
11/07/2017      251.60      254.00      250.60      253.40           790140.00
11/06/2017      248.20      251.00      248.20      251.00           171700.00
11/03/2017      251.40      254.40      248.20      248.20           792110.00
11/02/2017      248.40      251.40      248.20      251.40           740850.00
10/30/2017      250.00      251.20      248.40      249.00           301950.00
10/27/2017      250.00      250.00      248.60      249.80           459090.00
10/26/2017      250.20      252.00      248.60      250.00           736740.00
10/25/2017      248.60      250.80      248.20      250.00           835040.00
10/24/2017      249.00      252.40      246.60      248.00           824150.00
10/23/2017      246.00      251.00      245.60      249.00           965550.00
10/20/2017      247.00      248.00      245.00      246.00           273440.00
10/19/2017      245.40      250.00      244.60      247.00          1090420.00
10/18/2017      245.20      246.00      242.00      246.00           581580.00
10/17/2017      246.00      249.20      244.60      245.00          1217940.00
10/13/2017      244.80      248.20      244.80      247.00           859040.00
10/12/2017      244.60      247.00      243.60      244.60           565970.00
10/11/2017      245.00      246.60      243.20      244.00           313220.00
10/10/2017      244.00      245.00      242.00      245.00           123900.00
10/09/2017      242.20      245.80      242.00      245.80           206590.00
10/06/2017      241.80      243.60      241.80      242.20           751550.00
10/05/2017      242.80      242.80      241.60      241.80           968270.00
10/04/2017      242.60      242.80      241.60      242.40           532970.00
10/03/2017      242.60      243.60      241.00      242.00           777440.00
10/02/2017      244.00      244.80      241.60      242.60           830970.00
09/29/2017      243.00      245.00      242.00      243.80           732140.00
09/28/2017      248.00      248.00      242.00      242.00           911910.00
09/27/2017      249.00      249.00      242.20      248.80           887090.00
09/26/2017      245.00      249.80      240.00      249.80           423000.00
09/25/2017      244.80      245.00      242.00      245.00           198410.00
09/22/2017      246.00      246.00      243.20      244.80           335990.00
09/21/2017      242.60      248.00      242.00      246.00           390120.00
09/20/2017      244.00      244.80      241.40      242.00          1375890.00
09/19/2017      246.40      251.40      240.80      244.00          1421290.00
09/18/2017      243.00      245.00      242.40      245.00           554560.00
09/15/2017      245.00      245.00      242.60      243.00          1245630.00
09/14/2017      242.00      249.60      241.60      245.00           637260.00
09/13/2017      240.00      244.20      240.00      242.00           770740.00
09/11/2017      244.00      244.40      242.20      244.00           615460.00
09/08/2017      245.80      251.40      244.00      244.00           522760.00
09/07/2017      243.00      245.60      240.80      245.60           721550.00
09/06/2017      243.00      243.00      240.00      241.00           601000.00
09/05/2017      238.00      244.00      238.00      244.00          1044220.00
09/04/2017      238.20      238.40      236.00      238.00           673130.00
08/31/2017      238.00      238.80      236.20      238.20           502640.00
08/30/2017      238.60      239.20      237.80      238.80           654510.00
08/29/2017      240.00      240.40      237.80      238.80          1024340.00
08/25/2017      239.80      241.00      238.40      239.00           644400.00
08/24/2017      239.40      240.40      238.00      240.00           291780.00
08/23/2017      240.00      242.00      238.00      239.20           717480.00
08/22/2017      235.20      240.00      235.00      240.00          1397980.00
08/18/2017      237.20      237.20      234.00      235.20           678970.00
08/17/2017      238.00      239.80      236.00      238.20          1061280.00
08/16/2017      225.40      245.00      225.00      239.00          2324150.00
08/15/2017      222.00      226.00      221.80      225.00           679390.00
08/14/2017      216.00      222.40      215.00      222.00          1729060.00
08/11/2017      217.00      217.20      213.00      216.40          1203420.00
08/10/2017      217.00      219.80      216.40      217.00           807360.00
08/09/2017      219.00      219.00      215.80      217.00           589350.00
08/08/2017      219.40      220.00      218.20      219.00           508310.00
08/07/2017      216.00      219.60      216.00      219.00           459170.00
08/04/2017      215.80      218.00      214.60      215.20           818050.00
08/03/2017      219.00      220.00      216.00      216.00           547200.00
08/02/2017      223.00      224.80      218.00      218.00           571170.00
08/01/2017      225.00      225.00      220.00      223.00           346240.00
07/31/2017      221.80      227.60      217.60      225.00           829900.00
07/28/2017      218.00      222.00      217.00      222.00           897920.00
07/27/2017      216.80      221.00      216.60      219.00           429420.00
07/26/2017      217.80      219.00      215.00      216.80           474360.00
07/25/2017      219.00      219.00      216.20      217.80           266670.00
07/24/2017      221.80      221.80      218.00      219.20           137570.00
07/21/2017      220.00      221.80      215.00      221.80           349660.00
07/20/2017      220.40      223.40      218.00      220.00           998670.00
07/19/2017      217.00      221.40      216.40      220.40          1442350.00
07/18/2017      215.40      217.00      215.40      217.00           516920.00
07/17/2017      215.20      215.80      215.00      215.20           653330.00
07/14/2017      214.60      215.60      213.40      215.00           455230.00
07/13/2017      213.00      215.80      213.00      214.60           814280.00
07/12/2017      208.00      212.20      207.60      212.00           307130.00
07/11/2017      207.80      208.60      207.00      208.00           120620.00
07/10/2017      208.00      208.20      206.00      208.00           265520.00
07/07/2017      207.80      208.20      206.60      208.00           278640.00
07/06/2017      207.80      209.40      206.60      207.20           980840.00
07/05/2017      208.00      208.20      207.00      208.00           180240.00
07/04/2017      207.00      208.80      207.00      208.00           671650.00
07/03/2017      204.00      207.00      203.00      206.20           642580.00
06/30/2017      205.40      205.40      202.40      204.00           764880.00
06/29/2017      209.00      210.00      205.40      205.40           474770.00
06/28/2017      210.00      211.20      208.60      208.60           528440.00
06/27/2017      212.00      212.00      209.00      210.00           456100.00
06/23/2017      212.80      212.80      211.00      211.00           564330.00
06/22/2017      215.40      215.40      211.00      212.80           399000.00
06/21/2017      215.00      215.80      214.00      215.40           677910.00
06/20/2017      216.00      216.00      213.60      215.00           425560.00
06/19/2017      217.00      217.00      214.80      216.00           486210.00
06/16/2017      215.20      217.00      212.80      217.00           828030.00
06/15/2017      215.00      216.00      215.00      215.20           238320.00
06/14/2017      214.20      215.40      211.60      215.40           386160.00
06/13/2017      215.80      215.80      212.60      214.20           452430.00
06/09/2017      217.00      218.80      214.80      215.80           783900.00
06/08/2017      216.80      219.60      215.00      215.80           698350.00
06/07/2017      214.80      218.00      214.80      216.60           578080.00
06/06/2017      216.00      216.60      214.40      214.80           369200.00
06/05/2017      214.00      216.80      214.00      216.00           879570.00
06/02/2017      215.60      216.80      214.00      214.00           748200.00
06/01/2017      204.60      219.60      204.60      216.00          1770280.00
05/31/2017      203.80      205.00      202.40      204.60          1940890.00
05/30/2017      203.60      205.00      201.40      203.80           292950.00
05/29/2017      201.60      203.00      201.40      203.00           412080.00
05/26/2017      207.00      207.00      201.40      201.40           702310.00
05/25/2017      206.20      208.00      203.00      207.00           291010.00
05/24/2017      201.00      206.80      201.00      206.20           290890.00
05/23/2017      204.00      204.40      201.00      201.00           404540.00
05/22/2017      203.00      206.80      201.40      202.20           387630.00
05/19/2017      201.00      204.80      200.40      203.00           589050.00
05/18/2017      200.00      203.80      198.10      200.00          1615170.00
05/17/2017      205.40      209.00      205.00      205.00          1310850.00
05/16/2017      205.60      208.00      203.20      205.00           980280.00
05/15/2017      212.00      213.00      206.00      206.00          1527880.00
05/12/2017      213.00      213.00      210.20      212.00           497320.00
05/11/2017      212.00      214.00      211.40      213.00           709720.00
05/10/2017      219.00      220.00      211.00      211.00          1143700.00
05/09/2017      218.80      222.80      218.80      219.00           625190.00
05/08/2017      216.00      219.80      216.00      218.60           638980.00
05/05/2017      213.40      217.20      213.20      216.00           953300.00
05/04/2017      213.80      213.80      212.60      213.40          1062110.00
05/03/2017      215.80      216.00      213.20      213.20          1049720.00
05/02/2017      213.40      216.00      213.00      215.80           954730.00
04/27/2017      214.00      214.00      210.00      210.00           478890.00
04/26/2017      214.00      215.00      212.00      214.00           619240.00
04/25/2017      210.60      215.00      210.60      214.00           764260.00
04/24/2017      208.00      210.60      207.00      210.40           845290.00
04/21/2017      205.40      209.00      205.40      208.00           823280.00
04/20/2017      204.00      205.00      201.60      205.00           436010.00
04/19/2017      205.00      206.20      203.20      203.40           480950.00
04/18/2017      209.00      209.80      205.00      207.00           482940.00
04/17/2017      209.00      212.00      207.80      209.00           762940.00
04/12/2017      207.60      209.80      207.40      208.80           576590.00
04/11/2017      208.60      209.00      206.00      207.60           601790.00
04/10/2017      210.00      210.00      207.00      208.60           615630.00
04/07/2017      200.00      210.40      200.00      210.40          1410280.00
04/06/2017      198.20      200.00      198.20      200.00           624550.00
04/05/2017      198.50      199.90      198.10      198.20          1150130.00
04/04/2017      197.00      199.90      197.00      198.00           976980.00
04/03/2017      197.50      197.80      196.00      197.00           820890.00
03/31/2017      191.10      197.90      191.10      197.50          1272220.00
03/30/2017      189.00      194.70      189.00      194.50          1043500.00
03/29/2017      183.10      189.00      183.10      188.00          1231100.00
03/28/2017      184.00      185.50      182.50      182.50           656230.00
03/27/2017      189.00      190.00      182.10      182.10          1914760.00
03/24/2017      191.90      191.90      187.40      188.00           711720.00
03/23/2017      193.90      194.00      190.10      190.20           685300.00
03/22/2017      193.90      193.90      191.00      191.00           472170.00
03/21/2017      191.10      195.00      191.10      194.00           380830.00
03/20/2017      193.20      195.00      192.80      192.80           346930.00
03/17/2017      197.00      197.00      191.50      193.20          1253720.00
03/16/2017      196.30      199.00      195.00      196.00           389080.00
03/15/2017      197.00      197.40      195.00      196.00           141740.00
03/14/2017      197.60      198.00      196.40      197.00           325820.00
03/13/2017      195.00      198.10      195.00      196.80           400820.00
03/10/2017      197.10      199.00      194.00      194.00           597590.00
03/09/2017      194.00      198.00      194.00      197.10           836090.00
03/08/2017      195.20      195.20      193.70      193.80          1775410.00
03/07/2017      198.00      198.50      194.80      194.90          2031830.00
03/06/2017      201.00      201.60      197.20      198.00           716610.00
03/03/2017      203.40      203.40      200.00      201.00           471400.00
03/02/2017      203.20      204.20      203.00      203.40           550330.00
03/01/2017      202.00      204.00      201.60      202.80           296860.00
02/28/2017      202.80      204.00      201.80      201.80           640150.00
02/27/2017      202.00      204.20      202.00      203.00           512380.00
02/24/2017      203.00      204.80      201.80      201.80           491280.00
02/23/2017      202.20      204.40      202.00      203.00           550210.00
02/22/2017      206.00      206.00      201.80      201.80           882270.00
02/21/2017      205.00      207.00      204.20      206.00           498940.00
02/20/2017      205.00      206.00      204.00      205.00           115630.00
02/17/2017      206.20      207.00      203.00      205.00           198960.00
02/16/2017      202.20      207.00      201.80      206.00          1627630.00
02/15/2017      209.00      209.80      201.40      201.40           993700.00
02/14/2017      206.00      207.00      205.80      206.00           680590.00
02/13/2017      206.00      207.20      205.80      207.00           580600.00
02/10/2017      206.00      207.00      205.00      206.00           381160.00
02/09/2017      207.40      207.40      205.20      206.00           477160.00
02/08/2017      207.40      207.40      206.00      206.00           305110.00
02/07/2017      208.00      208.00      205.20      206.60           202830.00
02/06/2017      206.60      208.20      206.40      208.00           346070.00
02/03/2017      206.40      207.20      202.60      206.00           359090.00
02/02/2017      208.00      208.00      205.80      206.40           873790.00
02/01/2017      209.00      209.00      205.60      207.00           340350.00
01/31/2017      209.40      209.80      205.60      205.60           488180.00
01/30/2017      209.00      209.00      208.00      209.00           172300.00
01/27/2017      207.00      208.80      207.00      208.00           698600.00
01/26/2017      208.00      210.00      206.60      207.00          1844970.00
01/25/2017      209.80      209.80      207.00      207.20           414310.00
01/24/2017      208.40      208.60      205.80      206.00           415040.00
01/23/2017      206.00      208.00      204.00      207.00           287470.00
01/20/2017      206.20      208.00      203.00      203.00           542100.00
01/19/2017      204.80      207.00      204.00      205.00           336040.00
01/18/2017      206.00      208.00      202.20      203.00           435560.00
01/17/2017      212.00      212.20      205.80      205.80           494420.00
01/16/2017      212.00      215.00      209.00      209.00           413410.00
01/13/2017      214.00      215.60      211.00      212.00           355890.00
01/12/2017      219.60      219.80      214.00      214.00           461460.00
01/11/2017      220.00      220.00      217.60      219.60           755150.00
01/10/2017      215.00      220.00      214.60      219.00          1109890.00
01/09/2017      214.00      215.40      213.40      215.00           803570.00
01/06/2017      214.20      215.20      210.20      213.00           632770.00
01/05/2017      206.00      219.40      206.00      214.00          1127830.00
01/04/2017      200.00      206.00      198.00      206.00           737800.00
01/03/2017      194.60      200.00      193.80      200.00           487890.00
12/29/2016      199.30      200.40      194.00      194.00           615820.00
12/28/2016      195.00      200.00      194.00      200.00           444860.00
12/27/2016      191.50      196.00      191.00      193.70           176610.00
12/23/2016      186.00      190.90      185.00      190.60           725220.00
12/22/2016      190.00      192.00      184.60      185.50          1459780.00
12/21/2016      194.00      198.00      190.00      190.00           960260.00
12/20/2016      195.10      197.90      193.00      195.00           600480.00
12/19/2016      205.00      205.80      193.20      195.00          1259390.00
12/16/2016      207.00      209.00      205.00      205.00           634910.00
12/15/2016      210.00      212.40      206.00      206.00           589500.00
12/14/2016      212.40      214.80      210.00      210.00           590140.00
12/13/2016      211.40      215.20      210.20      215.00           601050.00
12/12/2016      217.00      217.00      210.80      211.40           542630.00
12/09/2016      216.00      217.40      215.80      217.00           517220.00
12/08/2016      213.80      217.00      210.00      217.00           615570.00
12/07/2016      209.20      211.00      208.00      210.00           524850.00
12/06/2016      212.80      216.80      206.40      208.00          1553380.00
12/05/2016      218.60      218.60      212.80      212.80           159670.00
12/02/2016      215.00      219.00      212.20      219.00           465930.00
12/01/2016      217.00      219.00      212.00      212.00           838780.00
11/29/2016      209.40      215.80      209.00      215.80          1394180.00
11/28/2016      217.00      217.00      210.00      210.00           507180.00
11/25/2016      214.00      217.00      212.40      217.00           310700.00
11/24/2016      210.00      215.00      210.00      212.40           346590.00
11/23/2016      216.00      216.00      208.60      210.00           620200.00
11/22/2016      213.80      216.00      210.20      216.00           770270.00
11/21/2016      210.00      215.40      210.00      212.00           466430.00
11/18/2016      214.00      215.00      209.00      209.00          1738540.00
11/17/2016      213.00      218.00      211.00      211.80          1191930.00
11/16/2016      210.40      218.00      209.20      209.40          1568650.00
11/15/2016      231.00      231.00      208.00      208.00          2605300.00
11/14/2016      235.00      235.40      230.40      231.00           573040.00
11/11/2016      233.00      238.00      230.80      231.00           827730.00
11/10/2016      240.00      240.00      236.20      239.80           294990.00
11/09/2016      242.00      244.00      231.00      232.00           596440.00
11/08/2016      233.00      244.80      232.60      241.00           844580.00
11/07/2016      235.00      235.60      230.00      230.40           730090.00
11/04/2016      232.80      236.00      232.20      235.00           534770.00
11/03/2016      236.00      237.00      232.20      232.20           800550.00
11/02/2016      238.20      240.00      236.00      236.00           625330.00
10/28/2016      243.00      245.00      236.80      238.00           773470.00
10/27/2016      246.00      247.00      243.00      243.00           437520.00
10/26/2016      246.20      247.00      244.20      247.00           479650.00
10/25/2016      248.00      250.00      246.00      246.00           347960.00
10/24/2016      248.00      252.00      247.00      250.80           488690.00
10/21/2016      248.20      252.00      246.00      247.00           179150.00
10/20/2016      250.00      250.00      241.80      248.20           360100.00
10/19/2016      246.00      252.00      245.80      250.40           412440.00
10/18/2016      244.00      247.20      242.20      246.00           517230.00
10/17/2016      241.00      244.60      236.60      236.60           305360.00
10/14/2016      241.00      244.00      241.00      241.00           478250.00
10/13/2016      241.00      245.00      240.20      241.00           405070.00
10/12/2016      241.60      245.00      240.00      241.00           579600.00
10/11/2016      244.00      244.40      241.80      244.00           390070.00
10/10/2016      247.20      248.00      246.00      246.40           183590.00
10/07/2016      251.00      252.00      245.00      245.80           702830.00
10/06/2016      250.00      253.00      250.00      251.00           355830.00
10/05/2016      248.00      249.80      247.00      249.80           318640.00
10/04/2016      248.80      253.00      248.60      251.40           891270.00
10/03/2016      247.40      249.60      247.00      248.80           229490.00
09/30/2016      248.00      249.80      246.60      247.00           627520.00
09/29/2016      248.20      248.20      245.00      248.20           270410.00
09/28/2016      247.00      247.00      243.00      245.00           336790.00
09/27/2016      250.00      250.00      246.00      248.60           395880.00
09/26/2016      247.80      249.80      247.40      249.80           525060.00
09/23/2016      246.20      249.40      245.40      247.80           428320.00
09/22/2016      248.00      250.00      247.80      249.40           262750.00
09/21/2016      249.00      249.40      246.00      248.00           253460.00
09/20/2016      248.00      249.80      245.20      248.60           342840.00
09/19/2016      245.20      249.00      244.60      248.60           184010.00
09/16/2016      249.60      249.80      241.20      245.20           498840.00
09/15/2016      243.00      250.00      241.20      250.00           699170.00
09/14/2016      246.00      246.00      241.20      243.00           313500.00
09/13/2016      236.40      247.80      236.40      246.00           574110.00
09/09/2016      247.00      247.00      236.00      236.00          1180000.00
09/08/2016      247.00      249.20      243.00      247.20           610690.00
09/07/2016      246.00      248.00      240.60      247.00           493640.00
09/06/2016      244.80      248.00      244.80      246.00           744330.00
09/05/2016      250.00      250.00      244.60      244.60           171670.00
09/02/2016      252.40      252.40      249.00      250.00           644230.00
09/01/2016      245.00      253.00      240.60      253.00           342180.00
08/31/2016      249.80      250.20      245.00      245.00          1080940.00
08/30/2016      251.20      252.80      248.00      249.80           783930.00
08/26/2016      251.00      253.00      251.00      253.00           306170.00
08/25/2016      252.00      254.00      251.00      251.00           552790.00
08/24/2016      253.00      253.00      249.00      250.00           504810.00
08/23/2016      252.80      253.00      251.80      253.00           667190.00
08/22/2016      253.00      253.00      250.60      253.00           309320.00
08/19/2016      253.00      253.00      252.00      252.60           327810.00
08/18/2016      251.20      252.80      250.40      252.80           277070.00
08/17/2016      253.00      253.00      251.20      251.20           380300.00
08/16/2016      253.00      253.20      252.20      253.00           516570.00
08/15/2016      253.00      253.00      251.80      253.00           390410.00
08/12/2016      253.00      253.20      252.80      253.00           619340.00
08/11/2016      252.60      254.60      252.20      253.00           643940.00
08/10/2016      257.00      257.80      251.20      252.20           431770.00
08/09/2016      256.00      259.00      255.00      257.00           475420.00
08/08/2016      255.00      256.40      254.40      255.00           283210.00
08/05/2016      260.00      260.00      254.80      255.00           450160.00
08/04/2016      255.00      260.00      253.00      260.00           605700.00
08/03/2016      254.20      254.60      251.80      253.80           380770.00
08/02/2016      251.00      254.40      251.00      254.00           528030.00
08/01/2016      258.00      259.80      251.00      251.00           633860.00
07/29/2016      258.00      258.60      255.00      255.00           420200.00
07/28/2016      258.00      258.00      255.80      258.00           811570.00
07/27/2016      250.20      259.00      250.20      258.00          1234530.00
07/26/2016      253.00      257.80      250.20      250.20           765090.00
07/25/2016      255.00      259.60      252.80      252.80           503040.00
07/22/2016      252.80      257.80      252.80      255.00           747230.00
07/21/2016      250.20      252.20      249.60      252.20           761690.00
07/20/2016      249.00      250.60      249.00      250.40           729770.00
07/19/2016      247.00      249.80      247.00      248.00           722680.00
07/18/2016      250.00      250.00      245.00      246.00           775780.00
07/15/2016      250.00      250.00      249.60      250.00           714340.00
07/14/2016      249.80      250.00      249.40      250.00           580410.00
07/13/2016      250.40      251.00      247.00      249.80           928800.00
07/12/2016      250.00      253.00      249.40      250.00          1169420.00
07/11/2016      247.80      252.00      245.80      250.00           963190.00
07/08/2016      244.40      245.00      244.00      244.80           462530.00
07/07/2016      244.80      247.00      244.00      244.80           896050.00
07/05/2016      244.00      245.80      243.80      244.80           629320.00
07/04/2016      245.00      245.00      243.00      244.00           843490.00
07/01/2016      243.00      245.40      243.00      245.20           993530.00
06/30/2016      235.80      249.40      235.80      242.00          2444310.00
06/29/2016      235.00      236.60      234.60      235.80          1153270.00
06/28/2016      234.00      235.20      233.60      235.00           611860.00
06/27/2016      231.20      235.20      231.20      233.20           578730.00
06/24/2016      235.80      235.80      231.80      235.00           752550.00
06/23/2016      231.60      234.60      231.60      232.20           439830.00
06/22/2016      237.00      237.00      233.80      234.60           705190.00
06/21/2016      239.00      239.40      230.00      230.00           802280.00
06/20/2016      238.80      239.00      235.00      238.00           464400.00
06/17/2016      235.00      239.40      235.00      239.00           646860.00
06/16/2016      231.20      235.00      231.20      234.00           380010.00
06/15/2016      231.20      233.00      230.00      230.00           285100.00
06/14/2016      231.00      234.00      230.00      231.00           395630.00
06/13/2016      231.00      232.00      229.20      231.00           437310.00
06/10/2016      235.00      238.00      230.00      230.00           415750.00
06/09/2016      237.00      237.00      233.00      233.00           460940.00
06/08/2016      239.00      239.80      237.00      237.00           505640.00
06/07/2016      235.00      239.60      233.20      239.00           781950.00
06/06/2016      231.00      233.40      231.00      233.00           667220.00
06/03/2016      234.00      235.00      229.80      230.00           917380.00
06/02/2016      235.60      236.00      230.00      230.00           760710.00
06/01/2016      235.20      236.00      234.40      235.00           514430.00
05/31/2016      237.60      237.80      235.40      235.40          2820800.00
05/30/2016      237.00      238.20      236.80      237.60           245260.00
05/27/2016      235.00      237.80      234.60      236.60           362890.00
05/26/2016      236.00      236.00      230.00      233.60           637360.00
05/25/2016      237.20      237.20      235.40      236.00           679360.00
05/24/2016      235.80      237.40      235.60      236.20           456240.00
05/23/2016      236.00      238.00      235.80      236.00           426750.00
05/20/2016      233.60      237.00      233.00      235.00           708500.00
05/19/2016      235.80      235.80      231.20      233.60           802110.00
05/18/2016      237.00      239.00      231.00      235.00          1829080.00
05/17/2016      240.00      240.00      235.20      235.60           751020.00
05/16/2016      233.20      242.60      230.00      240.00          1381190.00
05/13/2016      230.00      237.80      229.60      234.60          1392040.00
05/12/2016      233.00      233.00      229.20      229.80           617660.00
05/11/2016      230.00      235.00      229.00      233.80          1903810.00
05/10/2016      225.00      230.00      223.00      230.00          1485060.00
05/06/2016      227.00      228.00      224.20      226.80           768720.00
05/05/2016      228.00      228.00      224.80      227.00           584430.00
05/04/2016      227.40      229.40      224.20      229.40           455940.00
05/03/2016      229.00      229.00      225.80      227.00           427460.00
05/02/2016      227.80      230.00      222.00      230.00           430230.00
04/29/2016      229.60      229.60      222.80      229.60           379870.00
04/28/2016      226.00      230.00      226.00      230.00           866840.00
04/27/2016      221.00      226.00      221.00      226.00          2507200.00
04/26/2016      226.60      227.80      225.00      226.00          2653520.00
04/25/2016      224.00      226.80      223.60      226.80           363910.00
04/22/2016      226.00      228.00      223.40      223.40           469390.00
04/21/2016      226.00      227.00      223.40      226.00           596430.00
04/20/2016      221.80      227.80      221.80      226.00           422350.00
04/19/2016      224.40      225.00      221.40      221.80           845070.00
04/18/2016      227.80      228.00      224.00      224.20           514420.00
04/15/2016      229.00      229.00      227.80      228.20           510220.00
04/14/2016      230.00      230.00      227.60      228.80           551560.00
04/13/2016      232.00      233.00      229.80      230.00           600510.00
04/12/2016      230.80      231.20      230.40      230.80           480180.00
04/11/2016      230.60      232.00      230.20      230.80           465950.00
04/08/2016      231.00      231.00      228.40      230.60           392720.00
04/07/2016      228.40      233.40      228.40      231.00           830170.00
04/06/2016      230.00      230.00      227.00      228.00           487650.00
04/05/2016      227.00      230.00      226.60      230.00          1346350.00
04/04/2016      226.00      227.80      225.20      227.00           844050.00
04/01/2016      227.00      229.00      226.40      227.20           241180.00
03/31/2016      230.00      230.60      223.00      227.00          1670900.00
03/30/2016      228.00      233.40      228.00      230.00          1130610.00
03/29/2016      234.00      234.00      228.00      228.00           288320.00
03/28/2016      234.20      234.20      232.20      234.00           257120.00
03/23/2016      230.20      234.40      229.80      234.40           479130.00
03/22/2016      230.40      233.80      229.40      230.00          1007070.00
03/21/2016      232.00      235.00      229.40      230.00          1304090.00
03/18/2016      232.00      232.00      231.20      232.00           830420.00
03/17/2016      230.80      232.00      230.40      232.00          1227470.00
03/16/2016      233.00      234.00      226.80      230.20           347510.00
03/15/2016      230.00      235.00      229.60      232.80           500780.00
03/14/2016      231.00      235.00      229.40      229.60           633600.00
03/11/2016      227.00      232.00      227.00      230.00          1514170.00
03/10/2016      226.20      231.00      226.00      230.00          1424890.00
03/09/2016      223.80      228.00      223.40      226.00          1638640.00
03/08/2016      225.00      225.00      223.00      225.00           485070.00
03/07/2016      228.00      228.20      223.60      225.00           234970.00
03/04/2016      228.00      228.60      223.80      225.00          1100840.00
03/03/2016      229.80      229.80      224.20      228.00           645100.00
03/02/2016      222.00      230.00      222.00      230.00          2393330.00
03/01/2016      220.00      222.80      220.00      221.60          1721300.00
02/29/2016      222.00      223.40      218.00      219.00           996720.00
02/26/2016      220.00      223.80      219.60      222.00          2039580.00
02/24/2016      220.00      220.00      218.80      220.00           803330.00
02/23/2016      218.80      220.00      218.60      220.00           890820.00
02/22/2016      217.40      220.00      217.40      218.80          1287070.00
02/19/2016      220.00      220.00      217.60      217.80          1864110.00
02/18/2016      214.80      220.00      214.80      220.00          2156810.00
02/17/2016      210.00      214.60      210.00      214.20          1767410.00
02/16/2016      210.00      210.80      209.00      209.80           705170.00
02/15/2016      210.40      210.40      209.00      209.60          1022010.00
02/12/2016      210.60      211.00      208.60      210.40          2048130.00
02/11/2016      208.40      213.00      208.00      213.00           288390.00
02/10/2016      211.80      211.80      205.00      210.00          2380860.00
02/09/2016      214.00      214.20      211.00      212.20           404140.00
02/05/2016      208.00      217.40      207.20      214.60          1519180.00
02/04/2016      206.40      207.80      205.00      207.00           977580.00
02/03/2016      204.00      206.80      201.00      206.40          1085110.00
02/02/2016      207.80      208.00      206.80      207.00           795570.00
02/01/2016      207.00      209.80      205.60      207.80          1911460.00
01/29/2016      204.80      205.80      204.00      205.20          1478920.00
01/28/2016      203.40      206.00      202.80      204.80          1168710.00
01/27/2016      201.00      207.00      201.00      206.00          1704750.00
01/26/2016      199.20      201.80      197.80      200.40           620440.00
01/25/2016      199.70      201.20      199.50      200.20          1271290.00
01/22/2016      196.10      199.30      196.10      198.00          1366550.00
01/21/2016      201.00      201.00      195.00      195.00           896940.00
01/20/2016      204.80      205.00      199.60      201.40           525880.00
01/19/2016      201.00      201.40      199.80      201.40           982090.00
01/18/2016      199.60      202.00      198.00      201.00           594890.00
01/15/2016      205.00      205.80      202.20      202.40           362190.00
01/14/2016      203.00      203.00      199.60      201.80           709490.00
01/13/2016      199.00      205.20      199.00      205.00           661400.00
01/12/2016      195.00      202.20      194.20      199.00           331720.00
01/11/2016      205.00      206.00      194.00      194.00           917740.00
01/08/2016      204.00      207.00      200.80      205.00           438520.00
01/07/2016      213.60      213.60      205.00      205.00           512490.00
01/06/2016      210.00      214.00      208.00      214.00          1128830.00
01/05/2016      212.00      213.00      209.40      210.00          1279680.00
01/04/2016      218.60      218.60      213.40      213.40           197040.00
12/29/2015      222.00      222.40      218.00      219.00           817330.00
12/28/2015      221.80      223.00      221.40      222.00           887410.00
12/23/2015      220.00      222.00      216.80      220.00           861100.00
12/22/2015      216.20      219.00      213.80      219.00           920960.00
12/21/2015      210.60      220.00      210.60      220.00           946870.00
12/18/2015      209.00      210.60      207.00      210.60           471200.00
12/17/2015      209.00      211.80      209.00      211.20           742590.00
12/16/2015      205.00      209.00      204.40      205.00          1102980.00
12/15/2015      206.20      207.00      203.20      204.00           509950.00
12/14/2015      209.00      209.00      204.00      206.00           783740.00
12/11/2015      209.60      210.60      208.00      209.00           832970.00
12/10/2015      210.60      210.60      208.80      209.60          4152990.00
12/09/2015      207.20      210.60      206.40      210.60           633650.00
12/08/2015      205.00      208.00      204.60      207.20           656800.00
12/07/2015      205.80      207.00      205.80      206.00           463680.00
12/04/2015      205.40      205.80      203.00      205.00           283020.00
12/03/2015      206.80      207.00      203.20      205.40           633640.00
12/02/2015      207.00      207.40      206.00      206.80           926400.00
12/01/2015      201.80      207.40      201.20      207.00          1505280.00
11/27/2015      206.80      207.00      200.20      201.00          1110150.00
11/26/2015      207.00      207.40      206.00      206.00          1833250.00
11/25/2015      206.00      207.00      204.20      206.00          1439090.00
11/24/2015      204.00      204.80      203.00      203.00           446650.00
11/23/2015      200.00      203.00      199.40      202.00           243680.00
11/20/2015      196.00      203.80      194.50      200.00           519020.00
11/17/2015      195.00      199.80      194.00      195.50           455590.00
11/16/2015      199.90      199.90      191.00      194.00           432370.00
11/13/2015      203.80      203.80      199.90      200.00           250680.00
11/12/2015      204.00      204.60      203.20      204.00           529750.00
11/11/2015      204.00      204.40      200.00      204.00          1279020.00
11/10/2015      206.00      207.20      205.00      205.80          1190280.00
11/09/2015      207.40      207.40      205.20      206.80           630670.00
11/06/2015      205.60      208.60      205.00      207.40           567280.00
11/05/2015      206.40      206.80      205.40      205.80           152150.00
11/04/2015      207.00      208.00      206.60      207.00           604380.00
11/03/2015      207.00      209.00      206.60      207.00          1005220.00
11/02/2015      206.00      207.40      205.80      207.00           392670.00
10/30/2015      207.00      207.40      206.00      206.00           999750.00
10/29/2015      209.00      209.00      205.60      207.00           737730.00
10/28/2015      207.80      208.20      205.60      208.20           217390.00
10/27/2015      207.00      208.00      205.40      208.00           346330.00
10/26/2015      207.80      208.20      207.00      207.00           510030.00
10/23/2015      207.60      208.80      207.20      207.60           828810.00
10/22/2015      207.00      207.60      206.40      207.00           443960.00
10/21/2015      206.00      209.00      205.40      207.00           478970.00
10/20/2015      206.00      208.00      205.00      206.00          1970270.00
10/19/2015      205.40      206.40      204.60      205.00           900520.00
10/16/2015      205.20      206.80      204.60      205.40           714340.00
10/15/2015      202.00      205.00      202.00      204.00           861740.00
10/14/2015      203.00      207.60      203.00      203.00           921880.00
10/13/2015      200.40      206.20      200.00      202.00          1398150.00
10/12/2015      197.40      200.00      197.40      200.00           440370.00
10/09/2015      198.00      198.00      195.50      197.40           115500.00
10/08/2015      197.50      197.80      194.50      195.00           756580.00
10/07/2015      197.20      198.00      196.00      198.00           489810.00
10/06/2015      197.50      199.50      196.50      196.70           747830.00
10/05/2015      192.70      199.90      192.70      195.50           706890.00
10/02/2015      192.00      193.10      192.00      192.80           503080.00
10/01/2015      192.80      193.10      192.00      192.00           576740.00
09/30/2015      192.00      192.80      191.70      192.80           897270.00
09/29/2015      188.00      192.00      186.80      191.20           594870.00
09/28/2015      187.00      188.30      186.10      188.00           323130.00
09/24/2015      189.00      189.40      185.50      187.00          1039210.00
09/23/2015      190.00      190.00      185.50      189.00           234880.00
09/22/2015      190.50      191.20      189.00      190.90           245270.00
09/21/2015      187.00      190.50      186.00      190.50           338400.00
09/18/2015      190.00      191.00      184.00      184.00           629920.00
09/17/2015      187.60      189.90      186.50      188.00           454200.00
09/16/2015      188.50      190.00      187.00      187.70           153000.00
09/15/2015      188.00      188.80      187.00      187.80           157830.00
09/14/2015      184.00      189.00      184.00      188.20           105140.00
09/11/2015      189.90      189.90      183.10      183.10           158100.00
09/10/2015      188.00      188.40      186.50      187.10           229270.00
09/09/2015      186.20      191.00      184.80      191.00           316940.00
09/08/2015      185.20      188.10      184.10      185.90           483910.00
09/07/2015      189.50      189.50      185.00      185.00           259060.00
09/04/2015      192.00      192.00      188.00      191.30           343210.00
09/03/2015      191.00      191.80      189.00      191.00           357870.00
09/02/2015      186.00      192.30      182.00      192.30           861030.00
09/01/2015      191.50      194.00      187.80      188.10           588450.00
08/28/2015      191.30      193.60      188.00      191.50           902320.00
08/27/2015      182.30      191.40      182.30      191.30          1134580.00
08/26/2015      181.00      182.90      180.00      182.20           565310.00
08/25/2015      178.00      183.00      175.50      180.00           504730.00
08/24/2015      183.00      183.00      176.00      180.00          1053550.00
08/20/2015      189.70      189.80      182.10      185.90           493670.00
08/19/2015      190.00      190.00      189.00      189.70           450050.00
08/18/2015      190.00      190.00      188.70      190.00           452230.00
08/17/2015      188.40      190.00      188.00      190.00           341930.00
08/14/2015      188.30      190.00      188.30      188.40           177890.00
08/13/2015      192.00      192.00      187.00      188.10           451950.00
08/12/2015      191.20      192.50      187.60      192.20           628160.00
08/11/2015      191.80      191.90      188.80      191.20           307640.00
08/10/2015      189.00      192.20      188.80      192.00           357360.00
08/07/2015      188.10      189.00      187.90      188.30          1090040.00
08/06/2015      191.00      191.00      188.10      188.10           656590.00
08/05/2015      194.10      195.90      190.00      192.00           843200.00
08/04/2015      194.00      194.10      191.50      194.10           446150.00
08/03/2015      190.00      195.00      190.00      195.00           649850.00
07/31/2015      189.00      190.00      188.50      190.00           605850.00
07/30/2015      189.00      189.90      188.50      188.70           759090.00
07/29/2015      190.00      190.00      187.70      189.00           659430.00
07/28/2015      190.00      190.00      187.80      189.50           885690.00
07/27/2015      192.00      192.10      188.60      190.00           241410.00
07/24/2015      192.00      192.80      191.00      192.00           856880.00
07/23/2015      188.10      191.90      188.00      190.30          1170650.00
07/22/2015      192.00      192.00      187.70      188.10          1008070.00
07/21/2015      189.70      192.00      189.50      192.00           426080.00
07/20/2015      192.40      192.40      189.00      189.00          1088350.00
07/16/2015      192.80      193.00      191.90      192.60           670310.00
07/15/2015      192.00      193.50      191.90      193.00          1176030.00
07/14/2015      192.00      193.00      191.50      192.00           501490.00
07/13/2015      189.00      191.00      188.10      190.00           532350.00
07/10/2015      187.20      193.10      187.10      189.00           688580.00
07/09/2015      188.60      188.60      186.00      187.20           674440.00
07/08/2015      192.00      193.90      188.40      188.60           701800.00
07/07/2015      192.90      194.90      191.40      192.00           434810.00
07/06/2015      195.60      199.00      192.20      192.50           801720.00
07/03/2015      196.00      197.00      195.40      195.70          1219540.00
07/02/2015      195.40      197.70      195.40      196.00           993340.00
07/01/2015      197.10      197.10      195.00      195.40          2936980.00
06/30/2015      199.30      199.30      196.00      197.30          1345080.00
06/29/2015      198.60      199.90      195.00      199.80           331510.00
06/26/2015      199.80      200.00      199.10      200.00           842640.00
06/25/2015      200.00      200.00      197.00      198.00           990090.00
06/24/2015      195.00      200.00      195.00      200.00           415380.00
06/23/2015      196.00      196.00      194.60      194.80           548290.00
06/22/2015      197.50      197.50      195.90      196.00           975170.00
06/19/2015      198.30      198.90      196.70      197.20           540360.00
06/18/2015      199.20      199.50      197.70      198.30           701880.00
06/17/2015      197.10      199.20      195.50      198.40          1068160.00
06/16/2015      195.50      197.40      195.00      197.00           498280.00
06/15/2015      196.00      196.90      194.90      195.00          1181690.00
06/11/2015      196.00      199.00      195.00      195.50           707480.00
06/10/2015      195.50      196.50      195.10      195.80           408300.00
06/09/2015      196.00      196.00      194.00      195.50           637100.00
06/08/2015      199.00      199.00      195.50      196.00           760110.00
06/05/2015      198.30      201.00      197.80      199.00           663250.00
06/04/2015      198.00      199.20      197.90      198.00           625640.00
06/03/2015      197.00      202.00      197.00      202.00           600240.00
06/02/2015      200.20      202.00      197.70      198.30          1005230.00
06/01/2015      201.00      201.20      197.50      200.00           615660.00
05/29/2015      200.80      204.40      200.00      201.00          2073320.00
05/28/2015      201.20      205.00      198.90      201.00           829030.00
05/27/2015      208.00      208.40      200.20      201.00          1331280.00
05/26/2015      211.20      211.60      208.60      209.00          1047990.00
05/25/2015      211.00      213.80      210.00      211.00          1418920.00
05/22/2015      212.00      212.20      210.40      211.00           448110.00
05/21/2015      212.20      212.60      211.00      211.00           757720.00
05/20/2015      212.60      212.80      212.00      212.00           269900.00
05/19/2015      212.00      213.00      212.00      212.60           208020.00
05/18/2015      212.00      214.00      211.40      213.00           570460.00
05/15/2015      211.00      212.00      211.00      212.00          1521790.00
05/14/2015      211.40      211.60      210.60      211.40          1994160.00
05/13/2015      211.40      212.00      211.00      211.40          1082870.00
05/12/2015      210.80      212.80      210.20      212.00           600070.00
05/11/2015      210.00      211.80      210.00      211.60           419790.00
05/08/2015      210.00      210.80      209.20      210.00           952800.00
05/07/2015      207.00      210.00      205.40      209.00          1484140.00
05/06/2015      210.80      211.00      207.00      209.00           477890.00
05/05/2015      209.00      212.00      208.60      211.00           672480.00
05/04/2015      200.80      207.00      200.80      207.00          1255480.00
04/30/2015      202.00      202.80      196.90      199.00          2631890.00
04/29/2015      205.00      205.80      201.00      201.00          1462440.00
04/28/2015      208.00      208.00      200.40      203.00          3822390.00
04/27/2015      211.00      212.20      208.00      208.00          1700390.00
04/24/2015      213.00      213.00      210.20      211.00           999240.00
04/23/2015      213.00      215.00      211.20      211.20           747960.00
04/22/2015      215.00      215.20      211.20      211.60           945790.00
04/21/2015      214.20      216.00      211.80      216.00           718900.00
04/20/2015      213.40      213.80      211.00      212.00           537120.00
04/17/2015      214.00      214.80      212.00      213.40           283450.00
04/16/2015      212.00      214.80      211.00      212.40           641080.00
04/15/2015      215.60      215.60      210.00      211.00           964740.00
04/14/2015      217.00      219.80      216.40      216.80           405210.00
04/13/2015      216.00      219.00      214.40      219.00           548560.00
04/10/2015      217.20      217.40      215.60      217.00          1146790.00
04/08/2015      224.00      224.00      217.00      217.40           423090.00
04/07/2015      220.00      225.00      220.00      224.00           977670.00
04/06/2015      222.40      222.40      219.20      220.00           295020.00
04/01/2015      220.00      222.80      219.00      222.40          1744160.00
03/31/2015      217.00      220.40      217.00      220.00          1214000.00
03/30/2015      221.00      223.40      215.00      215.00          1015050.00
03/27/2015      219.00      219.60      215.60      217.40          1001100.00
03/26/2015      215.00      220.20      215.00      218.20           916910.00
03/25/2015      217.00      217.20      215.40      217.00           518770.00
03/24/2015      212.60      216.00      211.40      216.00           978700.00
03/23/2015      212.00      213.00      211.20      211.60           505080.00
03/20/2015      212.00      214.40      211.20      214.40          1550050.00
03/19/2015      214.00      215.00      211.20      212.00           671500.00
03/18/2015      212.00      214.80      212.00      213.00           783070.00
03/17/2015      211.00      215.00      210.80      212.00           767910.00
03/16/2015      210.80      212.40      210.60      211.00           385460.00
03/13/2015      214.00      214.80      210.80      210.80           689650.00
03/12/2015      214.60      214.80      213.40      214.80           337710.00
03/11/2015      215.00      216.80      214.00      214.00           333100.00
03/10/2015      217.00      217.20      215.00      217.00           210290.00
03/09/2015      219.00      219.00      212.20      216.80           748260.00
03/06/2015      219.80      220.20      219.40      219.80           796140.00
03/05/2015      220.00      220.00      218.20      218.60           488950.00
03/04/2015      219.40      220.00      218.60      220.00           556310.00
03/03/2015      218.40      221.00      218.40      219.00          1041990.00
03/02/2015      219.80      220.60      215.80      217.00           763830.00
02/27/2015      213.00      219.80      212.20      219.80          2299990.00
02/26/2015      216.00      216.00      210.40      210.80          1599760.00
02/25/2015      220.40      220.40      215.40      216.80          1489840.00
02/24/2015      227.00      227.00      218.80      219.60          2433010.00
02/23/2015      227.20      228.00      225.40      226.00           889710.00
02/20/2015      228.60      229.80      226.80      226.80           437800.00
02/18/2015      230.00      230.00      228.60      228.60           174910.00
02/17/2015      228.00      229.60      227.80      229.00           528430.00
02/16/2015      230.00      230.00      229.40      229.80           597720.00
02/13/2015      230.00      230.00      229.00      230.00           848890.00
02/12/2015      236.00      236.00      228.00      230.00           826240.00
02/11/2015      233.00      236.00      233.00      235.20           646280.00
02/10/2015      237.00      237.40      232.40      233.00           494770.00
02/09/2015      233.00      237.00      231.00      235.80           315440.00
02/06/2015      225.00      232.00      225.00      232.00           660430.00
02/05/2015      229.00      229.40      223.00      224.00          1070990.00
02/04/2015      227.00      232.00      227.00      229.40           935740.00
02/03/2015      228.00      228.80      224.20      225.00           893670.00
02/02/2015      240.00      241.00      223.80      226.00          1101740.00
01/30/2015      226.00      234.00      225.00      232.00          1693160.00
01/29/2015      217.00      225.00      216.60      224.00           996390.00
01/28/2015      212.00      218.00      212.00      218.00          1151840.00
01/27/2015      215.00      215.60      211.80      212.00          1060670.00
01/26/2015      214.00      216.80      213.40      216.00           577130.00
01/23/2015      213.80      214.40      213.00      214.00          1579690.00
01/22/2015      211.00      212.00      209.00      210.00          1317270.00
01/21/2015      212.00      213.60      209.00      209.80           562310.00
01/20/2015      213.00      214.00      211.20      212.00           670960.00
01/19/2015      212.00      215.40      212.00      214.00           398890.00
01/14/2015      210.00      212.00      210.00      211.00          1358360.00
01/13/2015      211.00      214.00      209.60      210.00           635160.00
01/12/2015      209.80      211.80      209.60      210.00           810160.00
01/09/2015      215.80      216.00      209.60      209.60          1142530.00
01/08/2015      215.00      216.40      214.00      215.80           898180.00
01/07/2015      216.80      216.80      215.00      216.00           726590.00
01/06/2015      211.00      217.00      208.00      216.00           820750.00
01/05/2015      217.00      220.80      211.00      211.00           575280.00
