JGS  1216

12/27/2019       75.43       77.14       75.43       76.95          1805863.50
12/26/2019       76.29       77.05       75.24       75.24           518878.50
12/23/2019       77.05       78.09       76.67       77.81          1340125.50
12/20/2019       73.33       76.29       71.62       76.29          5851009.48
12/19/2019       74.57       75.24       73.00       73.33          2227375.49
12/18/2019       75.91       76.19       74.48       74.48          1385433.00
12/17/2019       74.48       76.19       73.71       75.91          3421582.49
12/16/2019       78.00       78.14       73.81       74.48          2473684.49
12/13/2019       78.14       79.05       77.62       78.00          2031718.49
12/12/2019       75.43       78.14       75.43       77.76          4027232.99
12/11/2019       75.24       75.52       74.76       75.52          1522353.00
12/10/2019       73.81       75.24       73.81       75.24           766878.00
12/09/2019       75.14       75.24       74.09       74.86           483147.00
12/06/2019       75.05       75.14       73.24       75.14          1457200.50
12/05/2019       75.24       75.24       73.05       73.91           859078.50
12/04/2019       75.24       75.24       74.19       75.24          2214019.49
12/03/2019       74.38       75.24       74.09       75.24           939582.00
12/02/2019       73.24       74.91       72.76       74.29          1626135.00
11/29/2019       72.67       74.19       71.91       73.24          1253395.50
11/28/2019       73.95       74.71       72.67       72.67          1337910.00
11/27/2019       72.67       74.71       72.67       74.71          1285893.00
11/26/2019       74.71       74.71       72.57       72.67          9166268.97
11/25/2019       75.14       75.19       73.52       74.76           870744.00
11/22/2019       72.33       75.19       72.33       75.19          1434090.00
11/21/2019       74.05       74.24       71.95       74.24           961621.50
11/20/2019       74.29       74.29       73.57       74.09           751023.00
11/19/2019       74.14       74.29       73.33       74.29           602763.00
11/18/2019       74.19       74.19       72.62       73.91           379239.00
11/15/2019       74.19       74.19       72.48       74.09          7524583.48
11/14/2019       73.81       74.29       72.43       74.29           620497.50
11/13/2019       73.67       74.67       73.62       73.81           638274.00
11/12/2019       73.81       75.19       73.62       74.29           957579.00
11/11/2019       74.67       75.00       73.62       73.81           530113.50
11/08/2019       74.76       74.95       73.62       74.76          1353334.50
11/07/2019       74.91       74.91       73.33       74.76          1356589.50
11/06/2019       75.29       75.29       73.67       74.38           654360.00
11/05/2019       72.95       75.24       72.95       75.24          3271747.49
11/04/2019       71.71       73.43       71.71       73.43          1306788.00
10/31/2019       72.57       72.62       69.71       72.62          2264356.49
10/30/2019       72.38       72.62       71.95       72.62          1036906.50
10/29/2019       71.43       72.48       70.71       72.48          1486369.50
10/28/2019       69.71       71.43       69.09       71.43          2122396.49
10/25/2019       70.29       70.29       69.05       69.71           297570.00
10/24/2019       70.43       71.24       69.09       69.52          2565107.99
10/23/2019       70.00       70.43       68.91       70.43          1260766.50
10/22/2019       68.52       70.19       68.52       70.00          2276452.49
10/21/2019       69.14       69.14       67.71       68.14           881454.00
10/18/2019       70.33       70.33       68.71       69.14          1260126.00
10/17/2019       70.38       70.43       69.52       70.33          1260556.50
10/16/2019       67.62       70.38       67.43       70.38          1410790.50
10/15/2019       68.57       68.62       66.48       67.62           277000.50
10/14/2019       68.57       69.43       68.24       68.57          1347664.50
10/11/2019       67.52       68.95       66.00       68.57           720384.00
10/10/2019       67.52       67.62       65.76       67.52           536046.00
10/09/2019       66.29       67.19       65.29       66.81          1358301.00
10/08/2019       65.91       67.62       65.71       66.29          1004797.50
10/07/2019       65.81       67.57       65.81       65.91           312837.00
10/04/2019       65.71       67.52       65.71       66.67           898726.50
10/03/2019       66.67       66.67       65.38       65.71          2004302.99
10/02/2019       68.76       68.76       65.86       67.14          2182330.49
10/01/2019       69.05       69.24       67.91       68.76          1795983.00
09/30/2019       70.09       70.43       69.05       69.05          1719879.00
09/27/2019       71.91       71.95       70.00       70.00          1086088.50
09/26/2019       71.62       71.91       71.43       71.91          1292991.00
09/25/2019       70.95       71.52       69.62       71.52          1963888.49
09/24/2019       70.57       71.43       70.57       70.95           524517.00
09/23/2019       71.71       71.71       69.81       70.62           773640.00
09/20/2019       68.81       71.71       68.71       71.71          5241001.49
09/19/2019       71.43       71.43       68.62       69.05           563262.00
09/18/2019       71.67       71.67       70.95       71.43          1409961.00
09/17/2019       70.81       71.67       69.29       71.67          1874323.49
09/16/2019       70.91       70.95       68.57       70.95          1652238.00
09/13/2019       70.86       71.24       69.81       70.95          1604389.50
09/12/2019       69.52       70.95       69.43       70.95           920398.50
09/11/2019       68.95       70.05       68.86       69.95          2518645.49
09/10/2019       67.71       69.43       67.71       69.43          2460611.99
09/09/2019       67.62       69.33       67.62       68.57           277420.50
09/06/2019       68.43       69.38       67.57       67.62          1928933.99
09/05/2019       66.67       68.57       66.19       68.57          1092861.00
09/04/2019       66.67       68.09       66.24       66.95          1505752.50
09/03/2019       68.14       68.33       66.67       66.67          1211553.00
09/02/2019       68.24       68.24       67.38       68.19           513555.00
08/30/2019       67.29       68.52       66.86       68.52          3285418.49
08/29/2019       65.57       67.14       64.67       67.14          2989874.99
08/28/2019       63.29       65.62       63.29       65.62          1849228.49
08/27/2019       65.33       65.33       62.91       63.29          5721670.48
08/23/2019       64.19       65.52       62.52       65.52          2135458.49
08/22/2019       63.62       64.29       62.19       64.29          1562767.50
08/20/2019       63.95       64.00       62.67       63.95          1335474.00
08/19/2019       61.86       64.19       60.67       64.19          2494883.99
08/16/2019       63.24       63.24       60.48       60.48          1637422.50
08/15/2019       60.48       63.33       59.48       63.33          1888267.49
08/14/2019       62.29       62.48       60.52       62.48          1603570.50
08/13/2019       60.00       62.48       58.14       62.48          2478125.99
08/09/2019       62.67       62.76       60.05       60.05          1015066.50
08/08/2019       63.14       63.71       62.43       62.86           962388.00
08/07/2019       62.14       63.14       61.71       62.86          1873472.99
08/06/2019       63.57       63.57       61.00       61.91          2987449.49
08/05/2019       65.71       65.71       63.71       64.29          2866426.49
08/02/2019       63.67       66.19       62.14       66.19          2099485.49
08/01/2019       62.19       64.09       61.91       64.05          1814757.00
07/31/2019       64.29       64.57       61.95       62.14          1526038.50
07/30/2019       62.95       64.29       62.19       64.29          1180179.00
07/29/2019       62.91       63.76       62.05       63.76           478663.50
07/26/2019       65.71       65.71       63.05       63.05          1141665.00
07/25/2019       66.05       66.05       64.76       65.71          1324165.50
07/24/2019       65.38       66.19       64.86       64.86          1161793.50
07/23/2019       65.71       66.19       64.95       66.00          1597753.50
07/22/2019       64.24       66.00       64.19       66.00           669396.00
07/19/2019       66.52       66.57       65.19       65.19           974799.00
07/18/2019       66.19       66.62       65.86       66.57           855225.00
07/17/2019       66.62       66.71       66.00       66.19           910591.50
07/16/2019       67.38       67.38       66.62       66.62          1393423.50
07/15/2019       64.57       67.43       64.57       67.43          1361577.00
07/12/2019       65.33       65.67       64.62       64.62          1323430.50
07/11/2019       66.09       66.09       65.14       65.33           731934.00
07/10/2019       65.62       66.38       64.09       66.38           975418.50
07/09/2019       64.76       65.67       64.67       65.67           877789.50
07/08/2019       65.05       65.24       64.24       65.24           469528.50
07/05/2019       64.76       65.48       63.62       65.48           642558.00
07/04/2019       64.52       64.62       62.71       63.76          1135102.50
07/03/2019       65.24       65.38       63.91       64.29          1217485.50
07/02/2019       64.09       65.24       63.76       65.24          1237866.00
07/01/2019       63.86       64.09       62.09       64.09           511129.50
06/28/2019       63.76       64.19       61.95       64.19          1408291.50
06/27/2019       63.81       63.81       63.05       63.81          1042566.00
06/26/2019       63.71       63.81       62.52       63.81          1025808.00
06/25/2019       62.81       63.71       62.38       63.71          1675149.00
06/24/2019       63.29       63.43       61.48       62.38          1518436.50
06/21/2019       61.62       63.43       60.76       63.43          2733632.99
06/20/2019       60.48       61.91       60.05       60.95          1213516.50
06/19/2019       60.76       62.29       59.52       62.29          1338298.50
06/18/2019       58.76       60.81       58.76       60.81           899157.00
06/17/2019       60.62       60.62       58.48       58.76          1670193.00
06/14/2019       61.81       61.81       59.52       60.91          1724163.00
06/13/2019       60.95       62.38       59.05       62.38          2121650.99
06/11/2019       60.38       61.62       59.91       60.95          2363644.49
06/10/2019       60.38       60.48       59.43       60.38          1677616.50
06/07/2019       59.67       60.48       59.05       60.38           971407.50
06/06/2019       59.52       60.43       58.57       59.67          1790922.00
06/04/2019       60.62       60.86       59.05       59.52          1248880.50
06/03/2019       59.62       60.76       58.14       60.38          2875550.99
05/31/2019       58.57       59.71       58.24       59.62          1744911.00
05/30/2019       58.67       59.29       58.14       58.19          1931117.99
05/29/2019       57.91       59.05       57.62       58.67          1860284.99
05/28/2019       57.14       58.48       57.14       57.14          9152975.97
05/27/2019       56.91       58.09       56.86       57.14          1015990.50
05/24/2019       57.05       58.05       56.48       57.81          2239901.99
05/23/2019       58.52       58.67       56.71       58.67           734013.00
05/22/2019       56.48       58.62       56.48       58.62          2470639.49
05/21/2019       56.19       57.52       56.05       56.19          1758865.50
05/20/2019       54.81       55.95       53.67       55.95          2073833.99
05/17/2019       53.57       54.81       53.57       54.29          3469997.99
05/16/2019       55.24       55.48       53.81       53.81          3494756.99
05/15/2019       57.14       57.57       55.62       55.62          1820122.49
05/14/2019       58.09       58.24       55.24       56.67          5180027.99
05/10/2019       58.00       59.05       58.00       58.57          2922370.49
05/09/2019       61.43       61.43       57.81       57.81          3451465.49
05/08/2019       60.48       62.67       58.43       62.67          3209177.99
05/07/2019       61.71       61.91       59.62       60.52           593911.50
05/06/2019       61.33       62.76       61.33       61.71           604422.00
05/03/2019       62.71       63.33       61.00       61.33          2028946.49
05/02/2019       61.71       62.86       61.71       62.43          1617514.50
04/30/2019       61.95       62.86       61.86       62.86          1442133.00
04/29/2019       61.43       62.33       60.33       62.33          1158675.00
04/26/2019       61.91       61.91       60.76       61.52          2350015.49
04/25/2019       62.52       62.52       60.67       61.91          1830307.49
04/24/2019       60.81       62.52       58.81       62.52          1718388.00
04/23/2019       59.81       60.76       59.05       60.76           761155.50
04/22/2019       58.43       60.38       58.43       60.38           513901.50
04/17/2019       59.95       60.38       58.43       58.43           981435.00
04/16/2019       58.38       60.14       58.38       59.91          1048267.50
04/15/2019       59.43       60.38       58.38       58.38           766678.50
04/12/2019       61.00       61.81       59.14       59.38           790660.50
04/11/2019       63.29       63.29       60.57       60.57          1248828.00
04/10/2019       62.86       63.33       62.38       63.29          1569781.50
04/08/2019       61.57       62.71       61.48       62.38          1857880.49
04/05/2019       61.38       61.57       60.95       61.57           590992.50
04/04/2019       61.52       61.52       60.52       61.19           882514.50
04/03/2019       61.43       61.43       60.57       61.43           783961.50
04/02/2019       60.95       61.43       60.48       61.43          1394757.00
04/01/2019       60.67       61.67       59.05       61.67           896836.50
03/29/2019       59.76       61.43       59.09       60.48          4044442.49
03/28/2019       59.91       59.91       58.57       59.24           855582.00
03/27/2019       59.76       59.81       58.29       59.81          1356316.50
03/26/2019       58.81       59.62       58.71       59.62           866607.00
03/25/2019       61.14       61.14       58.09       58.71          1815828.00
03/22/2019       61.29       61.67       60.91       61.33          4583060.99
03/21/2019       58.09       61.81       58.09       61.81          3694204.49
03/20/2019       58.76       59.86       57.57       57.71          5037962.99
03/19/2019       59.91       60.00       58.76       58.76          1654474.50
03/18/2019       58.19       60.05       57.52       60.05          1728163.50
03/15/2019       58.76       59.81       57.91       58.14         79750034.48
03/14/2019       59.86       59.95       58.52       58.76          4619338.49
03/13/2019       61.38       61.91       59.43       60.19          4127686.49
03/12/2019       62.95       64.00       61.48       61.91          1835893.49
03/11/2019       63.09       64.67       62.86       62.86          4113469.49
03/08/2019       64.52       66.14       63.71       63.81          3862645.49
03/07/2019       62.81       64.76       62.81       64.57          4021667.99
03/06/2019       63.62       64.57       62.86       63.62          3926716.49
03/05/2019       62.86       64.33       61.91       63.71          3819563.99
03/04/2019       62.67       64.38       61.14       63.05          4427093.99
03/01/2019       62.95       64.67       60.81       62.67          3537743.99
02/28/2019       65.57       65.57       62.67       63.05          5869258.48
02/27/2019       66.19       66.43       63.86       64.76          3598423.49
02/26/2019       65.33       66.19       64.57       66.19          5420813.99
02/22/2019       63.91       65.67       63.91       65.24          3200557.49
02/21/2019       63.52       63.76       62.33       63.33          2158621.49
02/20/2019       63.24       63.52       62.57       63.52          1866511.49
02/19/2019       63.91       63.91       61.91       62.48          3098570.99
02/18/2019       61.91       64.09       61.91       63.91          8651873.98
02/15/2019       59.52       61.86       59.29       59.29          1681879.50
02/14/2019       59.91       60.81       59.62       59.81          1740091.50
02/13/2019       62.67       62.86       59.67       60.24          1136194.50
02/12/2019       62.57       63.00       62.00       62.67          1082266.50
02/11/2019       62.57       62.95       62.29       62.95           899104.50
02/08/2019       61.91       62.48       60.95       62.29          1840618.49
02/07/2019       61.86       62.62       60.95       61.91          1012903.50
02/06/2019       62.86       64.67       60.52       60.52          1989035.99
02/04/2019       62.76       63.09       62.57       62.86           833679.00
02/01/2019       61.57       63.19       61.57       62.52          2093489.99
01/31/2019       61.81       62.76       60.76       61.57          1674456.00
01/30/2019       61.91       62.76       60.67       61.86          1639627.50
01/29/2019       61.71       61.91       60.76       61.91          2363623.49
01/28/2019       62.38       63.19       60.05       60.67          1531341.00
01/25/2019       63.33       63.52       60.95       61.57          1368234.00
01/24/2019       63.33       63.67       61.91       62.86          1809738.00
01/23/2019       63.05       63.62       61.57       63.62          1377621.00
01/22/2019       63.91       64.00       62.86       63.67          2639888.99
01/21/2019       63.33       64.09       62.86       63.91          2267233.49
01/18/2019       62.19       63.76       62.19       63.09          3104944.49
01/17/2019       61.91       62.38       61.71       62.14          2203634.99
01/16/2019       62.76       62.86       61.00       61.91          1370470.50
01/15/2019       62.52       63.76       62.19       62.76          2747324.99
01/14/2019       61.43       63.14       59.52       63.14          3591451.49
01/11/2019       60.48       61.43       60.19       61.43          3025774.49
01/10/2019       60.29       60.95       59.57       60.48          4134364.49
01/09/2019       57.09       60.48       57.09       60.48          5005832.99
01/08/2019       57.57       57.57       56.33       57.09          1376938.50
01/07/2019       57.05       57.57       56.76       57.14          2760407.99
01/04/2019       54.91       57.43       54.91       56.57          3403364.99
01/03/2019       53.05       56.86       53.00       54.91          3008491.49
01/02/2019       53.05       53.14       51.81       52.48           583380.00
12/28/2018       53.24       53.24       52.14       53.05          2813275.49
12/27/2018       52.57       53.24       51.81       53.19          2394503.99
12/26/2018       53.05       53.05       51.57       52.57           626356.50
12/21/2018       51.33       53.43       51.00       53.43          3396151.49
12/20/2018       51.24       51.76       49.86       51.52          1354468.50
12/19/2018       48.62       51.81       48.62       51.81          2821969.49
12/18/2018       50.57       50.57       48.14       48.57          1607823.00
12/17/2018       50.38       50.91       49.43       50.67          1349848.50
12/14/2018       49.48       50.67       48.86       50.67          1738653.00
12/13/2018       49.67       49.86       48.57       49.48          1569256.50
12/12/2018       48.29       49.91       47.62       49.91          1030438.50
12/11/2018       46.81       47.81       46.71       47.62           600075.00
12/10/2018       47.71       47.71       46.48       46.81          1283656.50
12/07/2018       49.52       49.52       46.71       47.71          3290206.49
12/06/2018       50.14       50.43       48.86       49.52           979020.00
12/05/2018       48.62       50.19       48.57       49.91          3055972.49
12/04/2018       47.91       50.38       47.81       50.38          3129724.49
12/03/2018       46.71       48.00       46.71       48.00          2536484.99
11/29/2018       47.29       48.05       45.91       45.91          5811434.98
11/28/2018       45.95       47.29       45.95       47.29          3261089.99
11/27/2018       45.86       46.52       45.29       45.86           811755.00
11/26/2018       45.24       46.09       44.76       45.71          2318504.99
11/23/2018       44.86       45.57       44.86       45.14          1514835.00
11/22/2018       44.67       45.29       44.33       45.05          2309369.99
11/21/2018       44.57       44.86       43.81       44.76           970935.00
11/20/2018       44.52       44.76       43.81       44.76          1501605.00
11/19/2018       43.62       45.09       43.48       44.76          2063039.99
11/16/2018       43.43       43.81       42.38       42.86          2654399.99
11/15/2018       41.71       42.81       41.71       42.38           960015.00
11/14/2018       40.86       41.71       40.09       41.43          1774395.00
11/13/2018       42.57       42.67       39.33       39.91          2692199.99
11/12/2018       44.14       44.14       42.86       42.86          1576890.00
11/09/2018       45.95       45.95       43.33       44.24          1766835.00
11/08/2018       45.24       46.48       44.57       46.00          1576155.00
11/07/2018       46.48       46.48       45.24       45.81          1575420.00
11/06/2018       46.29       46.95       46.00       46.57          1575735.00
11/05/2018       46.09       47.48       45.52       46.29          2360714.99
10/31/2018       45.24       46.38       45.05       45.05          1792665.00
10/30/2018       46.14       46.19       44.71       44.91           800625.00
10/29/2018       45.33       46.19       45.33       46.14           789390.00
10/26/2018       45.14       46.67       44.48       45.24          2098214.99
10/25/2018       46.09       46.09       44.29       45.14          1576260.00
10/24/2018       46.67       46.91       45.43       46.09          1575000.00
10/23/2018       46.81       47.00       45.38       46.29           599445.00
10/22/2018       46.00       46.67       45.81       46.43          1111215.00
10/19/2018       45.24       46.91       45.24       45.71          1230600.00
10/18/2018       46.67       46.67       45.33       45.81           904470.00
10/17/2018       44.76       46.86       44.76       46.19          2269679.99
10/16/2018       43.81       44.76       43.67       44.76          2005289.99
10/15/2018       43.67       44.71       43.62       44.71          1615950.00
10/12/2018       43.14       43.67       42.48       43.33          2058314.99
10/11/2018       43.81       43.81       41.86       43.24          2074379.99
10/10/2018       46.09       46.09       44.29       44.76          1580460.00
10/09/2018       45.52       46.19       44.86       46.19          1708665.00
10/08/2018       46.71       47.62       45.33       46.19          1712970.00
10/05/2018       48.62       48.95       46.71       46.71          1910663.99
10/04/2018       51.00       51.00       48.38       48.38          1032202.50
10/03/2018       49.52       51.00       48.95       51.00           508095.00
10/02/2018       51.24       51.24       49.05       49.05          1056993.00
10/01/2018       51.14       51.14       49.57       51.09           874723.50
09/28/2018       52.67       53.14       51.38       51.38          1073152.50
09/27/2018       52.38       52.86       51.52       52.86          2018225.99
09/26/2018       53.14       53.14       51.09       52.57           527446.50
09/25/2018       51.91       53.14       50.86       53.14          1890640.49
09/24/2018       51.43       52.00       51.19       51.81           290934.00
09/21/2018       50.57       51.52       50.00       51.43          4821106.49
09/20/2018       50.48       50.48       49.57       50.48          1575000.00
09/19/2018       49.57       50.91       49.57       49.62           817467.00
09/18/2018       50.48       51.09       49.19       49.81           662686.50
09/17/2018       49.43       49.81       49.09       49.81           814611.00
09/14/2018       51.67       51.91       49.52       49.52          1707069.00
09/13/2018       50.00       51.57       49.57       51.57          1170718.50
09/12/2018       52.38       52.43       49.14       49.14          1837835.99
09/11/2018       54.52       54.52       52.00       52.00          1165647.00
09/10/2018       54.86       54.86       53.09       54.62          1920323.99
09/07/2018       52.29       54.91       52.09       54.91          1928996.99
09/06/2018       54.67       54.67       52.38       53.62          1990652.99
09/05/2018       57.14       57.14       54.57       55.24          1763863.50
09/04/2018       57.09       57.43       56.19       57.43          1739398.50
09/03/2018       57.00       57.14       55.57       57.14           454020.00
08/31/2018       56.76       57.14       55.38       57.14          2280190.49
08/30/2018       56.38       57.29       56.29       56.67          1674319.50
08/29/2018       55.19       56.38       53.62       56.38          1135249.50
08/28/2018       52.24       55.19       52.24       55.19          1588576.50
08/24/2018       52.38       52.38       50.95       52.24          2206784.99
08/23/2018       49.71       52.71       49.62       52.38          1715752.50
08/22/2018       48.95       49.91       48.95       49.52           628530.00
08/20/2018       50.95       51.62       48.86       48.86           991777.50
08/17/2018       50.33       51.43       49.91       50.95           962692.50
08/16/2018       50.00       51.24       49.67       50.33           552352.50
08/15/2018       50.95       51.09       49.91       50.48           653068.50
08/14/2018       52.86       52.86       50.19       50.95          1799091.00
08/13/2018       55.24       55.24       51.91       51.91           859876.50
08/10/2018       55.38       55.71       54.67       55.71           848620.50
08/09/2018       55.43       55.43       54.29       55.33           506814.00
08/08/2018       53.62       55.24       53.62       55.24           833584.50
08/07/2018       55.19       55.48       53.33       53.33           594132.00
08/06/2018       54.29       55.24       54.09       55.24          1154443.50
08/03/2018       53.62       54.43       53.24       54.29          1780726.50
08/02/2018       54.76       55.48       52.62       53.14          6005474.98
08/01/2018       53.29       54.57       52.91       54.57          3335618.99
07/31/2018       53.33       53.57       52.33       53.33          1960423.49
07/30/2018       53.33       54.67       52.38       53.48          2836669.49
07/27/2018       52.38       53.33       51.24       53.33          1735188.00
07/26/2018       50.48       52.57       50.48       52.33          2189470.49
07/25/2018       50.48       51.05       49.91       50.48          1807711.50
07/24/2018       51.05       51.14       49.91       50.48          1757910.00
07/23/2018       51.38       51.43       50.48       50.48           189189.00
07/20/2018       49.57       51.43       49.57       51.43          1807039.50
07/19/2018       51.09       51.09       49.52       50.48           460299.00
07/18/2018       50.38       51.91       50.00       50.48          1756282.50
07/17/2018       50.00       52.48       49.91       50.38          2050051.49
07/16/2018       49.52       50.33       49.09       49.91           333007.50
07/13/2018       48.33       50.38       48.33       50.38          2347201.49
07/12/2018       48.86       49.29       47.71       48.57          1671222.00
07/11/2018       47.52       48.91       47.52       48.52          1914160.49
07/10/2018       47.71       48.00       46.71       48.00           777525.00
07/09/2018       48.05       48.05       47.14       47.14           723828.00
07/06/2018       47.62       48.09       47.14       47.62          1467406.50
07/05/2018       48.62       48.62       47.67       47.67           615174.00
07/04/2018       48.09       48.62       47.57       48.62          3444262.49
07/03/2018       48.24       48.57       47.14       48.09          1075494.00
07/02/2018       47.62       48.29       46.86       47.62          1777639.50
06/29/2018       47.62       48.33       46.86       47.62          2070494.99
06/28/2018       48.00       48.00       46.86       46.86          2230735.49
06/27/2018       46.43       48.81       45.33       48.81          2863034.99
06/26/2018       45.95       46.38       44.76       46.38          2349164.99
06/25/2018       48.38       48.57       44.67       44.67          1949324.99
06/22/2018       46.86       48.71       46.00       47.29          2284568.99
06/21/2018       47.38       48.57       45.24       48.09          4154954.99
06/20/2018       49.52       50.00       47.14       47.33          2175064.49
06/19/2018       50.95       50.95       48.33       49.52          2618447.99
06/18/2018       53.33       53.33       50.48       51.43          1572364.50
06/14/2018       55.76       55.76       53.33       54.38          4304684.99
06/13/2018       57.19       57.24       55.24       55.76          1874039.99
06/11/2018       56.67       58.95       56.38       58.09          1113850.50
06/08/2018       57.19       57.19       56.24       56.52          2211677.99
06/07/2018       57.81       58.38       56.43       57.19          2273407.49
06/06/2018       56.91       57.67       56.19       57.52           505428.00
06/05/2018       55.33       56.86       54.33       56.86          1003243.50
06/04/2018       55.14       55.29       53.43       55.29          1129842.00
06/01/2018       54.29       55.24       53.33       55.24          1445755.50
05/31/2018       54.48       55.48       52.57       54.38          9219787.47
05/30/2018       55.24       56.67       53.62       54.48          2723783.99
05/29/2018       56.91       56.91       55.00       56.19          1994863.49
05/28/2018       57.48       57.48       55.95       55.95          1648993.50
05/25/2018       55.71       57.43       55.24       57.43          1811554.50
05/24/2018       55.24       56.19       53.95       56.19          1088031.00
05/23/2018       56.91       56.91       53.95       55.24          2677552.49
05/22/2018       56.19       56.67       55.43       56.52           930688.50
05/21/2018       56.81       56.81       55.71       56.19          1090393.50
05/18/2018       56.38       56.81       56.00       56.00           882924.00
05/17/2018       57.14       57.14       55.71       56.38          1549915.50
05/16/2018       57.14       57.33       56.19       57.14          1446585.00
05/15/2018       57.95       58.57       56.29       57.33          2224508.99
05/11/2018       56.52       58.05       56.52       57.81          1732699.50
05/10/2018       56.33       57.19       56.19       56.43          1397634.00
05/09/2018       57.81       58.48       56.24       56.24          2083115.99
05/08/2018       58.14       58.86       56.91       58.57          2555972.99
05/07/2018       57.33       58.29       57.33       58.09           503968.50
05/04/2018       56.91       57.33       56.19       57.33          1045474.50
05/03/2018       58.86       58.86       56.19       57.00          2561684.99
05/02/2018       60.91       60.91       57.71       57.71          2559416.99
04/30/2018       59.62       60.91       59.33       60.91          1187350.50
04/27/2018       58.29       60.00       57.33       59.62          1458429.00
04/26/2018       56.19       58.33       56.19       58.33          1602216.00
04/25/2018       56.67       57.38       55.48       56.19          1101828.00
04/24/2018       57.05       57.48       55.24       56.67          2520188.99
04/23/2018       57.91       58.57       56.29       57.05          2239450.49
04/20/2018       57.14       58.76       57.14       58.14          1849921.49
04/19/2018       58.48       59.05       55.71       57.14          6587332.48
04/18/2018       59.24       60.00       59.14       59.48          1890829.49
04/17/2018       60.00       60.00       58.95       59.05          2552486.99
04/16/2018       60.86       60.86       59.33       60.48          2470282.49
04/13/2018       61.05       61.71       59.81       59.81          2006203.49
04/12/2018       61.00       61.43       59.81       60.95          2194321.49
04/11/2018       60.24       61.29       60.19       61.00           979849.50
04/10/2018       60.00       61.09       59.38       60.24          2844155.99
04/06/2018       60.91       60.95       59.33       59.33          1910936.99
04/05/2018       60.19       60.95       60.19       60.81           887848.50
04/04/2018       61.43       61.43       59.81       60.00          1837930.49
04/03/2018       60.76       61.91       60.62       61.57          1995010.49
04/02/2018       60.00       61.71       60.00       61.71          1213359.00
03/28/2018       60.19       60.48       59.19       59.71          2805284.99
03/27/2018       60.00       60.48       60.00       60.19          1503915.00
03/26/2018       60.38       60.48       59.52       60.48          1402569.00
03/23/2018       59.43       60.48       59.05       60.48          2226881.99
03/22/2018       59.52       60.48       59.09       60.48          3618478.49
03/21/2018       60.38       60.67       59.05       59.05          2524483.49
03/20/2018       59.52       60.95       59.33       60.00          3044957.99
03/19/2018       61.52       61.52       59.24       60.48          7072789.48
03/16/2018       60.09       62.76       59.33       61.48         72318422.20
03/15/2018       60.95       60.95       60.29       60.95          3172123.49
03/14/2018       63.71       63.71       60.76       60.95          5740538.98
03/13/2018       63.24       63.81       62.67       63.81          1881032.99
03/12/2018       63.05       63.19       62.62       63.05          3470407.49
03/09/2018       62.86       62.86       62.29       62.81           960046.50
03/08/2018       61.91       62.86       61.91       62.86           823746.00
03/07/2018       61.95       62.29       61.86       61.91          4780691.99
03/06/2018       61.57       63.62       61.57       62.57          3169498.49
03/05/2018       61.76       62.86       60.95       61.62          3386449.49
03/02/2018       64.76       64.76       60.05       61.62          8611742.98
03/01/2018       66.67       66.76       63.91       64.86          5785226.98
02/28/2018       70.00       70.00       68.57       68.57          3538877.99
02/27/2018       67.14       71.43       66.71       71.43          2327188.49
02/26/2018       69.05       69.09       66.67       67.62          4174652.99
02/23/2018       70.95       70.95       69.05       69.05          3288242.99
02/22/2018       71.00       72.00       70.33       71.00          1316616.00
02/21/2018       72.38       72.76       71.00       71.00          1729854.00
02/20/2018       72.33       72.81       70.95       72.43          1325730.00
02/19/2018       71.67       72.86       70.48       72.33          1303470.00
02/15/2018       70.57       71.91       69.81       71.91          1603234.50
02/14/2018       70.91       71.05       69.71       70.95          1853585.99
02/13/2018       70.00       71.33       69.43       71.33          1773460.50
02/12/2018       70.19       71.43       69.24       69.52          1447939.50
02/09/2018       71.05       71.05       69.76       70.00          2228057.99
02/08/2018       71.24       71.43       70.29       71.24          1007118.00
02/07/2018       70.00       71.24       69.81       71.24          2478745.49
02/06/2018       70.48       70.71       68.57       70.00          3267263.99
02/05/2018       72.86       73.24       70.76       70.95          3276535.49
02/02/2018       72.76       73.81       72.76       73.71          1593312.00
02/01/2018       72.86       73.81       72.38       72.38          1730452.50
01/31/2018       74.14       74.14       72.52       72.86          2145412.49
01/30/2018       74.29       74.29       72.29       74.29          2595179.99
01/29/2018       74.67       75.43       74.29       74.29          1666528.50
01/26/2018       74.29       75.95       73.81       74.29          1451929.50
01/25/2018       75.43       75.43       72.86       75.24          1668219.00
01/24/2018       76.19       76.52       73.81       74.29          1399282.50
01/23/2018       75.05       76.67       73.57       76.67          1274773.50
01/22/2018       75.05       75.24       73.33       75.05          1101996.00
01/19/2018       74.19       75.52       73.09       75.24          1002435.00
01/18/2018       74.29       74.62       74.14       74.19          1783656.00
01/17/2018       73.52       74.91       73.05       73.81          1687266.00
01/16/2018       74.29       76.19       72.57       72.57          2082128.99
01/15/2018       75.19       75.19       73.52       74.29           867583.50
01/12/2018       73.43       76.00       73.43       74.19           597954.00
01/11/2018       75.33       75.33       72.29       73.19          1843883.99
01/10/2018       76.38       76.38       74.76       75.33          1677438.00
01/09/2018       74.76       77.14       74.76       77.14          2072678.99
01/08/2018       74.33       74.76       73.81       74.76           967186.50
01/05/2018       72.00       74.57       71.95       74.24          2402263.49
01/04/2018       71.43       72.76       71.09       72.09          2203277.99
01/03/2018       70.29       72.86       68.67       72.86          1612359.00
12/29/2017       69.76       71.43       68.52       68.67          2513825.99
12/28/2017       68.67       69.76       68.67       69.76          1559103.00
12/27/2017       70.29       70.29       68.48       69.52           807607.50
12/22/2017       68.95       70.29       68.38       70.29           497815.50
12/21/2017       68.57       69.24       67.86       69.05           629622.00
12/20/2017       68.09       68.57       67.52       68.57           388059.00
12/19/2017       69.71       71.05       67.43       67.62          1564605.00
12/18/2017       69.33       71.05       69.19       71.05           663295.50
12/15/2017       68.57       69.52       68.43       69.38          2600576.99
12/14/2017       68.09       69.52       66.81       69.52          2108578.49
12/13/2017       64.76       68.09       64.76       68.09          1640929.50
12/12/2017       65.24       66.24       64.57       64.76           989215.50
12/11/2017       65.76       66.76       64.95       65.52           394747.50
12/08/2017       63.38       65.71       63.38       65.71          2135395.49
12/07/2017       63.62       64.38       63.38       63.38           828429.00
12/06/2017       64.19       65.19       63.43       63.43          1583473.50
12/05/2017       65.14       65.71       64.00       64.00          1109146.50
12/04/2017       63.81       65.33       63.81       64.29          1467385.50
12/01/2017       65.52       65.52       63.62       63.86          2724959.99
11/29/2017       67.00       68.14       64.76       65.52          6712334.98
11/28/2017       68.38       68.38       67.14       67.14           736501.50
11/27/2017       67.62       68.67       67.38       68.57           882976.50
11/24/2017       68.57       68.86       67.57       67.62          1945607.99
11/23/2017       67.67       68.57       67.57       68.57           826245.00
11/22/2017       68.57       68.95       67.62       67.67          2338738.49
11/21/2017       69.24       70.00       68.09       68.09          1114312.50
11/20/2017       70.43       71.29       69.14       69.14           647167.50
11/17/2017       69.95       71.33       69.62       70.48           678090.00
11/16/2017       69.14       70.67       69.14       69.52          1788475.50
11/15/2017       71.33       72.33       69.95       69.95          1512126.00
11/14/2017       70.38       72.86       69.38       72.86          1283383.50
11/13/2017       72.38       72.38       70.09       70.09           832314.00
11/10/2017       73.29       73.33       71.48       71.48          1121914.50
11/09/2017       72.05       73.33       71.43       73.29          1119783.00
11/08/2017       73.24       73.29       71.00       71.00          1315408.50
11/07/2017       73.09       73.29       72.14       73.29           576859.50
11/06/2017       71.00       73.33       70.81       73.33          1747462.50
11/03/2017       73.29       74.86       70.48       70.48          2613754.49
11/02/2017       72.38       73.33       72.33       73.29          1512987.00
10/30/2017       71.05       73.24       71.05       73.24          1209400.50
10/27/2017       72.19       72.57       70.76       71.05           958429.50
10/26/2017       73.19       73.19       71.52       72.52           357084.00
10/25/2017       70.86       73.33       70.86       73.33           643135.50
10/24/2017       71.81       71.81       70.71       70.86           855078.00
10/23/2017       72.57       72.57       71.43       71.81           479556.00
10/20/2017       72.33       72.57       70.95       72.57           349020.00
10/19/2017       72.62       72.62       70.95       71.62           715596.00
10/18/2017       73.29       73.29       71.05       72.67          1278228.00
10/17/2017       72.14       74.29       72.14       73.29          1534480.50
10/13/2017       74.24       74.24       72.14       72.14          1622544.00
10/12/2017       74.00       74.48       72.86       73.33           582792.00
10/11/2017       74.76       74.76       73.57       74.00           916282.50
10/10/2017       73.91       74.95       73.33       74.29          1206964.50
10/09/2017       73.33       75.19       73.33       75.19           527688.00
10/06/2017       72.29       74.19       72.24       73.05          1464067.50
10/05/2017       74.14       75.14       70.71       70.71          1218882.00
10/04/2017       74.81       75.24       74.00       74.24           719775.00
10/03/2017       73.43       75.24       72.57       75.24           848946.00
10/02/2017       72.00       74.57       71.62       74.38           885664.50
09/29/2017       73.14       74.76       71.43       71.43          1808887.50
09/28/2017       75.24       75.24       72.95       73.81          3491438.99
09/27/2017       75.24       75.43       72.62       75.43          2204653.49
09/26/2017       75.05       75.24       72.48       75.24           900133.50
09/25/2017       73.33       75.24       72.14       75.24           747285.00
09/22/2017       74.38       74.38       72.95       73.33           633559.50
09/21/2017       72.24       75.62       72.24       74.38          2536810.49
09/20/2017       70.57       72.33       70.57       72.33           819094.50
09/19/2017       72.76       72.76       70.57       70.57           764064.00
09/18/2017       71.81       72.95       71.24       72.95           898569.00
09/15/2017       72.38       72.38       70.48       71.71          4086578.99
09/14/2017       69.05       72.38       68.95       72.38          1611981.00
09/13/2017       69.95       70.48       69.05       69.05          1553170.50
09/11/2017       70.00       70.09       69.05       69.24           584934.00
09/08/2017       70.09       70.09       68.62       70.00           868381.50
09/07/2017       69.52       70.43       69.05       69.52           725560.50
09/06/2017       70.00       70.19       69.14       69.52          1195194.00
09/05/2017       70.29       70.29       68.38       70.29          1289463.00
09/04/2017       68.48       70.52       68.48       70.29          1407997.50
08/31/2017       68.38       68.38       67.43       68.38          1705777.50
08/30/2017       68.57       68.62       66.95       68.38           586824.00
08/29/2017       68.91       69.24       66.81       68.57          2086055.99
08/25/2017       68.52       69.33       68.09       69.33           837144.00
08/24/2017       67.81       68.52       67.76       68.38           479167.50
08/23/2017       68.57       68.86       67.43       67.76           923338.50
08/22/2017       66.71       68.57       65.76       68.57          1061287.50
08/18/2017       68.19       68.62       66.19       66.19          1443036.00
08/17/2017       69.24       70.00       68.09       68.09           754110.00
08/16/2017       68.57       69.33       67.67       69.09           655168.50
08/15/2017       66.71       68.48       66.57       68.48           553045.50
08/14/2017       66.76       67.19       65.91       66.71          1375206.00
08/11/2017       66.67       66.67       65.38       66.19          1517869.50
08/10/2017       70.52       70.67       66.09       66.14          2526751.49
08/09/2017       71.91       72.09       70.52       70.52           651714.00
08/08/2017       73.14       73.14       70.86       70.86           610050.00
08/07/2017       70.48       72.86       70.48       72.86           822864.00
08/04/2017       70.24       72.67       70.00       70.48           511990.50
08/03/2017       71.14       71.57       69.95       70.19          2107276.49
08/02/2017       73.33       74.67       70.76       71.67          2754905.99
08/01/2017       75.29       75.71       72.38       72.38          1525083.00
07/31/2017       76.14       76.14       73.81       75.71          2177741.99
07/28/2017       74.76       76.14       74.29       76.14          1708255.50
07/27/2017       75.24       75.91       74.57       74.76          1376665.50
07/26/2017       75.14       75.48       74.71       75.24          2436671.99
07/25/2017       74.76       75.33       74.29       74.43          1223134.50
07/24/2017       73.81       75.62       72.91       74.76          1164618.00
07/21/2017       74.33       74.71       72.86       73.81          2314714.49
07/20/2017       75.62       75.81       74.29       74.29          2589509.99
07/19/2017       76.24       76.38       75.52       75.52          2845814.99
07/18/2017       76.43       76.43       75.71       76.19          1057875.00
07/17/2017       76.67       77.14       76.00       76.19           910875.00
07/14/2017       76.19       76.29       75.09       75.24           929607.00
07/13/2017       77.00       77.62       75.71       76.19          1392205.50
07/12/2017       75.19       78.19       75.14       77.00          2386145.99
07/11/2017       74.76       75.48       74.62       75.24          1411137.00
07/10/2017       76.19       76.29       74.62       74.62           648721.50
07/07/2017       76.76       76.86       76.19       76.19           122367.00
07/06/2017       76.38       77.00       76.38       76.76           638956.50
07/05/2017       77.43       77.43       76.00       76.38          1086099.00
07/04/2017       77.57       77.62       76.24       76.43          1160481.00
07/03/2017       77.14       77.71       76.91       77.62           950481.00
06/30/2017       76.67       78.00       76.38       77.14          3248311.49
06/29/2017       76.43       76.76       76.43       76.67          2131069.49
06/28/2017       76.19       76.71       75.29       76.43          1677144.00
06/27/2017       76.24       76.76       75.24       75.24           753448.50
06/23/2017       75.48       75.76       74.95       75.24          1335663.00
06/22/2017       75.05       75.76       74.48       75.76           579684.00
06/21/2017       74.62       76.19       74.29       75.71          1884445.49
06/20/2017       75.24       75.71       74.29       74.29          1175884.50
06/19/2017       75.14       76.19       75.14       75.52           761365.50
06/16/2017       76.86       76.86       74.29       75.14          4138742.99
06/15/2017       77.33       78.14       76.00       76.00           804363.00
06/14/2017       76.19       77.29       75.38       76.95          1763653.50
06/13/2017       76.19       77.81       75.24       75.33          1263097.50
06/09/2017       76.38       77.14       76.19       76.19          1169322.00
06/08/2017       77.14       77.91       76.29       76.67           736501.50
06/07/2017       78.38       78.38       75.76       76.19          2596093.49
06/06/2017       77.76       78.52       77.14       78.19           749542.50
06/05/2017       78.57       79.05       77.67       77.67          1626439.50
06/02/2017       76.67       80.29       76.19       76.19          3890533.49
06/01/2017       75.86       79.05       75.14       77.05          2401381.49
05/31/2017       76.09       76.67       75.14       75.86          4426337.99
05/30/2017       77.14       77.62       76.09       76.09           940978.50
05/29/2017       79.05       80.00       77.14       77.14           650433.00
05/26/2017       79.29       79.29       78.38       79.05          2507441.99
05/25/2017       80.29       80.29       78.67       79.29          1456192.50
05/24/2017       78.67       80.38       78.09       80.38          1220677.50
05/23/2017       79.05       79.95       78.91       79.43           957180.00
05/22/2017       80.00       80.05       78.57       79.05          2838244.49
05/19/2017       78.00       79.05       77.43       79.05          2019202.49
05/18/2017       78.67       78.76       76.19       78.76          2941301.99
05/17/2017       78.57       79.05       78.52       78.91          3099274.49
05/16/2017       80.91       80.91       77.67       78.57          3652099.49
05/15/2017       79.33       80.91       79.09       80.91          2262508.49
05/12/2017       79.52       80.91       77.95       79.24          3598811.99
05/11/2017       80.00       80.00       77.71       79.52          4013887.49
05/10/2017       81.62       81.91       79.52       79.91          2920144.49
05/09/2017       82.43       82.76       81.48       81.91          2951234.99
05/08/2017       81.43       82.48       81.43       82.43          3203780.99
05/05/2017       80.95       83.00       80.52       81.05          3302543.99
05/04/2017       79.43       81.43       79.33       80.95          4365805.49
05/03/2017       79.91       80.09       79.14       79.43          1396143.00
05/02/2017       80.19       80.43       79.76       79.95          1691004.00
04/27/2017       80.86       80.86       79.76       80.19           602049.00
04/26/2017       80.91       80.95       79.76       80.81          1821749.99
04/25/2017       78.76       80.86       78.76       80.52          3509824.49
04/24/2017       79.09       80.05       77.81       78.76          1179696.00
04/21/2017       77.14       79.81       77.14       79.09          3733957.49
04/20/2017       75.62       78.09       75.62       78.09          1102783.50
04/19/2017       78.00       78.05       75.62       75.62          1115541.00
04/18/2017       77.57       78.00       76.19       78.00           980133.00
04/17/2017       77.57       77.62       76.95       77.57           586729.50
04/12/2017       76.29       77.62       76.29       77.57          1058956.50
04/11/2017       76.19       76.86       76.19       76.19          1338718.50
04/10/2017       76.62       77.67       74.81       77.00          1935275.99
04/07/2017       75.14       77.67       75.14       76.71          3332321.99
04/06/2017       75.19       75.95       73.33       75.14          4224128.99
04/05/2017       78.95       79.76       75.19       75.19          3823511.99
04/04/2017       77.14       79.00       77.14       78.48          2305652.99
04/03/2017       77.48       77.52       76.19       77.14          1229865.00
03/31/2017       78.76       78.76       77.14       77.48          3065569.49
03/30/2017       78.76       78.95       78.48       78.76          1634398.50
03/29/2017       78.95       78.95       78.09       78.67          1593396.00
03/28/2017       77.62       78.95       77.57       78.95          1793137.50
03/27/2017       78.09       78.52       76.19       77.14           798388.50
03/24/2017       78.00       78.57       77.86       78.09          1209306.00
03/23/2017       76.09       78.09       75.00       78.05          1460308.50
03/22/2017       77.62       77.62       74.33       75.24          2225632.49
03/21/2017       77.14       79.05       77.14       77.62          2289167.99
03/20/2017       77.19       79.14       76.67       77.09          1770877.50
03/17/2017       74.09       79.52       73.57       77.19          6871514.98
03/16/2017       72.38       74.14       72.05       74.09           806022.00
03/15/2017       72.38       72.67       71.52       72.67          1101733.50
03/14/2017       71.33       72.38       71.33       72.09          1299595.50
03/13/2017       70.71       71.86       70.71       71.14          1261155.00
03/10/2017       72.24       72.38       70.48       70.48           884614.50
03/09/2017       72.38       72.57       72.09       72.24          1470903.00
03/08/2017       74.57       74.57       71.95       71.95           824974.50
03/07/2017       74.76       75.00       72.86       74.57          1325173.50
03/06/2017       71.95       74.76       71.95       74.76          2201797.49
03/03/2017       72.76       73.52       72.00       73.52           798535.50
03/02/2017       71.91       73.29       71.52       73.29          1020285.00
03/01/2017       71.52       73.33       71.48       71.71           530260.50
02/28/2017       73.29       74.00       71.14       74.00          1745037.00
02/27/2017       73.71       73.71       72.00       72.00           343864.50
02/24/2017       74.09       74.29       73.33       73.33          1697871.00
02/23/2017       73.33       74.29       72.43       74.29          1905655.49
02/22/2017       73.09       73.62       73.05       73.33          1510026.00
02/21/2017       72.67       73.33       72.19       73.33          1202155.50
02/20/2017       71.52       72.67       71.05       72.67           405772.50
02/17/2017       72.19       72.19       71.43       71.67          1092588.00
02/16/2017       70.48       72.48       70.43       72.19          3286583.99
02/15/2017       69.05       70.95       69.05       69.52          1165636.50
02/14/2017       70.09       70.09       68.48       68.76          1266940.50
02/13/2017       68.86       70.00       68.71       69.91          1247841.00
02/10/2017       69.24       69.76       68.14       68.57          3105920.99
02/09/2017       70.76       70.76       68.57       69.19          1988563.49
02/08/2017       70.95       70.95       69.81       70.76          1627479.00
02/07/2017       71.24       71.24       70.00       70.95           779215.50
02/06/2017       70.91       71.09       70.29       70.95          1910821.49
02/03/2017       70.00       70.95       69.52       70.95          2432471.99
02/02/2017       70.48       71.19       70.33       70.38          1079673.00
02/01/2017       71.38       71.38       69.57       70.38          1134798.00
01/31/2017       72.29       72.29       70.09       70.76           795952.50
01/30/2017       73.33       73.33       72.38       72.38          1487566.50
01/27/2017       73.00       73.33       72.38       72.67           940495.50
01/26/2017       72.57       73.43       72.48       72.86          2641474.49
01/25/2017       72.67       73.91       72.62       72.76           758814.00
01/24/2017       74.29       74.29       73.24       73.33          1405992.00
01/23/2017       73.52       74.29       73.33       74.19          1199142.00
01/20/2017       72.19       73.52       71.62       73.43          1873745.99
01/19/2017       71.24       72.19       71.05       71.91          1217202.00
01/18/2017       70.48       71.43       70.38       71.33          1159483.50
01/17/2017       71.71       72.05       69.52       69.52          1210692.00
01/16/2017       71.48       73.14       71.05       72.33           863677.50
01/13/2017       71.81       72.33       71.48       71.48           899535.00
01/12/2017       71.95       72.38       71.62       71.91          1473507.00
01/11/2017       72.67       72.95       71.86       72.09          3455003.99
01/10/2017       71.14       72.67       71.05       72.67          2043100.49
01/09/2017       70.48       71.14       70.48       71.14          1359351.00
01/06/2017       69.52       71.19       69.52       70.48          2770844.99
01/05/2017       68.38       70.48       68.38       69.67          4159553.99
01/04/2017       66.62       68.33       66.38       67.91          2207372.99
01/03/2017       64.76       66.62       64.43       66.62          1052226.00
12/29/2016       65.86       65.86       64.43       64.43          3164573.99
12/28/2016       64.76       65.81       64.76       65.71          1886597.99
12/27/2016       63.24       64.81       63.19       64.76          2310703.49
12/23/2016       62.43       62.95       61.43       62.86          2203235.99
12/22/2016       64.86       65.62       62.43       62.43          2124622.49
12/21/2016       64.48       65.62       63.62       65.52          2547719.99
12/20/2016       64.76       64.76       62.81       63.14          2916952.49
12/19/2016       65.95       65.95       63.86       64.76          2274100.49
12/16/2016       66.33       66.57       65.33       65.95          2040212.99
12/15/2016       66.67       66.67       64.91       65.71          1883594.99
12/14/2016       66.67       67.48       66.19       67.48           608664.00
12/13/2016       65.71       66.71       65.52       66.71          1638640.50
12/12/2016       68.57       68.67       65.71       65.71          1989497.99
12/09/2016       68.95       69.38       68.38       68.57          2444956.49
12/08/2016       66.57       68.81       65.67       68.81          3863033.99
12/07/2016       66.67       66.67       64.95       65.67          1715101.50
12/06/2016       66.09       66.67       65.33       66.67          1002729.00
12/05/2016       67.43       67.43       66.09       66.09          1342236.00
12/02/2016       66.33       67.43       65.86       67.43          2214869.99
12/01/2016       66.67       67.52       65.48       65.71          3126721.49
11/29/2016       67.09       67.09       64.76       65.00          4813367.99
11/28/2016       68.09       68.09       65.52       67.09          1315797.00
11/25/2016       68.09       68.38       66.95       68.29           480238.50
11/24/2016       68.33       68.38       66.67       68.38          1278448.50
11/23/2016       64.81       68.86       64.71       68.86          1189125.00
11/22/2016       65.71       65.71       64.29       64.76          1678803.00
11/21/2016       67.62       67.62       65.24       65.52          1023519.00
11/18/2016       66.71       67.48       66.71       67.24           623553.00
11/17/2016       67.38       68.67       66.19       66.67          3044054.99
11/16/2016       66.48       67.81       66.00       67.29          2239744.49
11/15/2016       65.24       66.62       64.91       64.91          2915807.99
11/14/2016       65.71       67.57       64.81       65.33          2044675.49
11/11/2016       67.48       67.62       65.91       66.00          3624242.99
11/10/2016       68.76       69.48       67.24       67.43          1994107.49
11/09/2016       70.19       71.05       67.71       68.43          2020546.49
11/08/2016       69.52       70.38       69.05       69.67          2214250.49
11/07/2016       69.05       69.19       68.29       68.52          1911818.99
11/04/2016       69.43       70.09       68.57       69.29          2629913.99
11/03/2016       69.81       69.86       68.14       68.14          2985958.49
11/02/2016       69.81       71.43       69.76       70.00          2272262.99
10/28/2016       71.43       72.38       68.62       72.38          2461388.99
10/27/2016       71.91       71.91       70.29       71.05          2561852.99
10/26/2016       72.38       73.33       71.52       71.95          3041461.49
10/25/2016       74.24       74.24       72.95       73.33          1358826.00
10/24/2016       74.48       74.95       73.95       74.29          2457440.99
10/21/2016       75.95       75.95       74.48       75.14          2835955.49
10/20/2016       75.67       76.00       74.29       76.00          2015243.99
10/19/2016       72.38       76.09       72.24       75.67          5825546.98
10/18/2016       67.71       72.38       67.67       72.38          4256059.49
10/17/2016       67.71       68.52       67.00       67.91          2562314.99
10/14/2016       67.71       68.95       67.43       67.76          2408048.99
10/13/2016       66.67       68.14       66.62       67.71          1614732.00
10/12/2016       68.29       68.29       65.86       68.29          2380811.99
10/11/2016       69.52       70.76       68.19       68.29          2296969.49
10/10/2016       71.43       72.05       70.00       70.57           730999.50
10/07/2016       72.09       72.19       70.48       71.52          1689450.00
10/06/2016       71.48       72.33       71.48       71.91           596841.00
10/05/2016       72.76       72.76       71.33       71.43          1231713.00
10/04/2016       72.33       72.76       71.91       72.57          1622869.50
10/03/2016       70.76       72.33       70.76       72.33           713307.00
09/30/2016       71.91       72.19       69.43       70.95          5085863.99
09/29/2016       70.00       71.91       70.00       71.91          2456506.49
09/28/2016       69.43       70.48       69.33       69.86          1807575.00
09/27/2016       72.09       72.09       68.95       68.95          2062504.49
09/26/2016       72.71       72.71       71.86       72.14          1671568.50
09/23/2016       74.62       74.62       72.38       72.71          3109007.99
09/22/2016       74.76       75.24       73.81       75.24          3773804.99
09/21/2016       74.76       75.05       74.09       74.57          1622134.50
09/20/2016       73.91       74.76       72.86       74.76          2398063.49
09/19/2016       73.43       73.91       72.57       73.91          2628317.99
09/16/2016       73.29       73.52       70.95       73.52          4210783.49
09/15/2016       70.38       73.71       69.62       73.71          2557169.99
09/14/2016       69.52       70.52       69.43       70.52          2559542.99
09/13/2016       71.24       71.24       69.33       69.52          2576542.49
09/09/2016       71.24       72.05       70.48       71.62          1863560.99
09/08/2016       70.86       71.52       69.52       71.33          5396558.99
09/07/2016       73.14       73.14       70.71       71.33          4230859.49
09/06/2016       74.67       74.67       72.52       73.14          3508060.49
09/05/2016       74.38       75.00       73.24       74.67           470022.00
09/02/2016       75.24       75.29       74.57       75.05          2672291.99
09/01/2016       74.14       75.43       71.57       75.24          2004512.99
08/31/2016       73.33       74.29       71.71       74.29          4191788.99
08/30/2016       74.29       74.33       71.48       73.33          4093193.99
08/26/2016       75.48       75.48       73.67       74.29          1663242.00
08/25/2016       76.05       76.05       75.24       75.48          1290628.50
08/24/2016       79.05       79.05       74.09       76.00          2978104.49
08/23/2016       78.76       79.00       77.71       79.00           519067.50
08/22/2016       78.14       78.91       77.71       78.91          2162800.49
08/19/2016       78.29       78.33       77.95       78.09          1351434.00
08/18/2016       78.09       79.05       77.76       78.29          1293820.50
08/17/2016       78.62       79.57       77.67       78.09          4205995.49
08/16/2016       78.81       78.81       77.52       78.67          1878145.49
08/15/2016       78.05       79.05       77.14       78.52          1671799.50
08/12/2016       79.05       79.48       77.43       77.95          2215247.99
08/11/2016       79.09       79.38       78.14       78.43          1577352.00
08/10/2016       80.00       80.00       79.09       79.09          1909529.99
08/09/2016       80.48       80.91       79.91       80.00          2566546.49
08/08/2016       78.33       80.48       77.62       80.48          1274322.00
08/05/2016       78.95       78.95       78.14       78.33          1041295.50
08/04/2016       77.33       78.95       77.33       78.95          1130797.50
08/03/2016       79.62       79.62       77.05       77.43          3050648.99
08/02/2016       79.71       80.09       79.33       79.43          1548697.50
08/01/2016       80.19       80.95       79.62       79.71          1470913.50
07/29/2016       80.19       81.43       79.52       79.52          1943024.99
07/28/2016       82.76       82.76       80.00       80.24          3613994.99
07/27/2016       80.95       82.76       80.76       82.76          1453788.00
07/26/2016       81.43       81.76       81.00       81.00          1804719.00
07/25/2016       81.43       81.91       81.24       81.24          1783183.50
07/22/2016       81.86       81.91       80.91       81.24          2168617.49
07/21/2016       81.86       81.86       80.67       81.81          1268379.00
07/20/2016       81.91       81.91       81.33       81.86          2010203.99
07/19/2016       81.91       82.09       81.52       81.91          2280788.99
07/18/2016       81.62       81.91       81.14       81.67          1038555.00
07/15/2016       81.91       81.91       81.43       81.57          2357785.49
07/14/2016       81.91       81.91       80.86       81.81          2517511.49
07/13/2016       82.57       83.48       81.14       81.57          3722291.99
07/12/2016       81.33       83.00       80.95       82.57          3152834.99
07/11/2016       80.38       81.43       80.09       81.24          2845856.99
07/08/2016       80.38       80.38       79.62       80.24          1919546.99
07/07/2016       79.91       81.14       79.71       80.29          4267168.49
07/05/2016       80.48       81.43       79.81       80.00          3234493.49
07/04/2016       81.43       81.62       79.52       80.00          1262803.50
07/01/2016       81.91       81.91       79.52       80.48          1050787.50
06/30/2016       80.33       82.00       80.33       81.91          5813839.48
06/29/2016       80.67       80.86       79.91       80.33          1510152.00
06/28/2016       80.71       80.76       79.67       80.00          2731070.99
06/27/2016       78.57       80.86       77.05       80.86          1437429.00
06/24/2016       80.71       81.71       77.05       79.71          3783128.99
06/23/2016       81.38       81.38       80.48       80.76          1366827.00
06/22/2016       81.71       81.86       80.71       81.24          2348104.49
06/21/2016       80.71       81.71       80.43       81.71          5975318.98
06/20/2016       79.52       80.62       79.24       80.33          4059604.49
06/17/2016       79.95       81.19       79.05       79.43         19838646.40
06/16/2016       79.57       80.19       79.52       79.81          5226469.49
06/15/2016       79.24       80.19       78.86       79.43          3254978.99
06/14/2016       79.43       79.43       78.52       79.24          3236761.49
06/13/2016       79.71       80.00       78.09       80.00          4203380.99
06/10/2016       79.91       80.91       78.86       79.52          1860788.99
06/09/2016       81.81       81.86       79.91       79.91          3268996.49
06/08/2016       80.95       81.91       80.86       81.81          7667540.98
06/07/2016       80.19       81.09       80.14       80.95          6674692.48
06/06/2016       79.81       80.24       79.71       79.91         11271172.47
06/03/2016       79.91       80.00       79.43       79.52          3664814.99
06/02/2016       79.14       80.00       78.86       79.38         10570045.47
06/01/2016       78.71       79.29       78.24       79.14          5428520.99
05/31/2016       79.19       79.67       76.67       78.67         30247821.37
05/30/2016       78.76       79.81       78.76       79.19          5121448.49
05/27/2016       78.95       79.05       77.43       78.76         10566023.97
05/26/2016       79.52       80.95       78.38       78.48         14869175.96
05/25/2016       87.52       87.52       86.43       86.86          3298984.49
05/24/2016       87.57       87.81       85.81       85.81          2669729.99
05/23/2016       88.57       89.52       86.62       86.62          1464225.00
05/20/2016       88.57       88.81       88.14       88.14          3997517.99
05/19/2016       88.52       89.29       88.43       88.81          4387645.49
05/18/2016       89.05       89.05       87.62       88.38          3494977.49
05/17/2016       90.71       90.71       89.05       89.05          2880275.99
05/16/2016       87.62       90.67       87.14       90.48          7809469.48
05/13/2016       84.09       87.62       84.09       86.76          8937484.48
05/12/2016       83.81       83.81       82.52       82.67          3130070.99
05/11/2016       79.05       84.76       78.67       83.81          9226213.47
05/10/2016       73.33       78.67       73.33       78.67          3584489.99
05/06/2016       74.38       75.33       74.19       74.67          2681300.99
05/05/2016       74.81       75.24       74.29       75.24          2434750.49
05/04/2016       75.24       77.62       73.43       77.62          1887742.49
05/03/2016       76.09       76.19       75.24       75.24          1167474.00
05/02/2016       75.86       76.71       75.86       75.91          2172775.49
04/29/2016       77.62       78.91       76.62       77.62          2283571.49
04/28/2016       79.52       79.81       76.19       77.62          1660260.00
04/27/2016       79.33       79.76       78.19       79.52          1296823.50
04/26/2016       79.43       79.48       78.81       79.33          1976362.49
04/25/2016       79.43       79.67       79.33       79.67           632089.50
04/22/2016       79.05       79.52       78.52       79.43          1093722.00
04/21/2016       78.91       79.33       77.52       79.05          1914874.49
04/20/2016       77.48       78.95       76.19       77.52          2880202.49
04/19/2016       78.76       78.91       77.48       77.48          1343989.50
04/18/2016       78.57       79.05       78.24       78.57          1291017.00
04/15/2016       78.86       79.62       78.38       78.57          2509195.49
04/14/2016       78.38       79.09       77.91       78.38          2128790.99
04/13/2016       77.19       78.57       77.14       78.38          3156247.49
04/12/2016       77.62       77.91       76.57       77.05          1647481.50
04/11/2016       77.05       78.52       74.57       78.09          2385011.99
04/08/2016       75.57       77.05       73.91       77.05          2391742.49
04/07/2016       74.29       76.19       74.29       76.19          1987859.99
04/06/2016       74.67       75.76       73.95       74.29           555891.00
04/05/2016       75.24       75.38       73.91       74.76          1084744.50
04/04/2016       74.09       76.19       74.09       75.48           865084.50
04/01/2016       74.29       75.57       73.67       74.09          2060120.99
03/31/2016       76.57       76.62       74.29       75.57          4575416.99
03/30/2016       76.62       76.67       75.67       75.81          1889243.99
03/29/2016       76.67       76.67       74.86       76.00          1463752.50
03/28/2016       77.14       77.14       74.76       76.67           936484.50
03/23/2016       75.81       77.14       73.38       77.14          2529344.99
03/22/2016       78.05       78.05       75.67       76.95          3810964.49
03/21/2016       75.24       79.05       75.14       78.09          4513970.99
03/18/2016       72.38       75.24       72.38       75.24          5898553.48
03/17/2016       71.86       72.43       71.43       72.38          3403753.49
03/16/2016       72.48       72.48       70.24       70.48          1163799.00
03/15/2016       71.91       72.48       71.86       72.33          2283833.99
03/14/2016       72.38       72.81       71.95       71.95          2457755.99
03/11/2016       68.57       72.48       68.57       72.38          4524628.49
03/10/2016       70.67       71.24       69.95       71.24          1901465.99
03/09/2016       69.52       70.71       69.52       70.67          2020619.99
03/08/2016       69.76       69.76       66.95       69.52          1640226.00
03/07/2016       69.81       70.00       68.76       68.95          1782301.50
03/04/2016       69.48       70.00       69.14       69.43          2069392.49
03/03/2016       67.62       69.95       67.62       69.43          3365554.49
03/02/2016       65.71       67.76       65.24       67.76          2622038.99
03/01/2016       64.29       65.91       64.24       65.24          1457862.00
02/29/2016       65.24       66.05       63.48       63.71          2315050.49
02/26/2016       63.81       65.43       63.48       65.24          2833141.49
02/24/2016       66.62       66.62       64.29       65.24          1682289.00
02/23/2016       66.19       66.67       65.71       66.67           705358.50
02/22/2016       65.24       65.91       64.81       65.71           750571.50
02/19/2016       65.71       66.57       65.24       65.71          1426876.50
02/18/2016       64.81       66.57       64.81       66.57          1962218.99
02/17/2016       65.71       65.71       64.14       64.95          2818903.49
02/16/2016       64.76       65.71       64.14       64.67          1607833.50
02/15/2016       63.71       64.76       63.33       64.05          1666350.00
02/12/2016       62.09       63.71       62.09       63.71          1774930.50
02/11/2016       61.71       63.33       60.05       62.38          1492050.00
02/10/2016       61.43       62.86       59.57       62.86           718851.00
02/09/2016       61.91       62.38       61.86       62.05          1364244.00
02/05/2016       61.91       63.81       61.91       63.52          2061800.99
02/04/2016       60.29       61.91       60.24       61.91          1359351.00
02/03/2016       60.95       61.81       59.81       60.29          1302357.00
02/02/2016       60.71       62.76       60.71       62.05          2637610.49
02/01/2016       63.81       63.86       61.91       63.81          3414305.99
01/29/2016       59.86       63.81       59.05       63.81          4345918.49
01/28/2016       58.57       59.91       58.09       59.71          1318873.50
01/27/2016       58.00       59.05       58.00       58.29          1351728.00
01/26/2016       56.29       57.95       56.14       57.95          1036129.50
01/25/2016       58.14       58.95       58.14       58.76          1337521.50
01/22/2016       56.00       57.95       55.24       57.14          2105197.49
01/21/2016       58.00       58.00       54.19       54.19          2312624.99
01/20/2016       59.95       60.57       58.14       58.14           574938.00
01/19/2016       59.33       60.00       58.57       59.71           853534.50
01/18/2016       59.52       60.14       58.09       59.29          2057705.99
01/15/2016       61.52       61.76       60.76       60.76          1810389.00
01/14/2016       61.52       63.19       60.95       60.95          1900867.49
01/13/2016       61.14       64.29       61.09       63.29          1797736.50
01/12/2016       62.38       63.29       61.09       61.09          1734768.00
01/11/2016       63.33       63.33       61.91       62.38          2453167.49
01/08/2016       63.62       64.48       63.43       63.91          1708371.00
01/07/2016       66.67       66.67       63.38       63.43          2496301.49
01/06/2016       66.86       67.43       66.19       66.67          1098352.50
01/05/2016       66.95       67.43       66.62       66.81          1978094.99
01/04/2016       69.43       69.52       66.81       66.95          1094079.00
12/29/2015       69.52       69.81       67.62       69.81           926026.50
12/28/2015       67.19       70.00       66.67       69.57           500703.00
12/23/2015       69.71       70.24       69.43       70.00          1316238.00
12/22/2015       68.57       69.91       68.57       69.52          1493478.00
12/21/2015       68.57       69.71       67.57       69.05          1316931.00
12/18/2015       67.76       68.57       65.71       68.57          2712622.49
12/17/2015       67.62       68.43       66.67       67.76           949263.00
12/16/2015       66.14       66.81       65.71       65.71          2106793.49
12/15/2015       67.71       67.71       65.81       66.67           617851.50
12/14/2015       65.71       68.38       63.43       68.38          1288770.00
12/11/2015       67.62       68.57       63.62       68.57          3793880.99
12/10/2015       68.05       68.05       66.91       67.09          1066023.00
12/09/2015       66.67       68.09       66.09       67.62          1901875.49
12/08/2015       68.71       68.71       65.24       67.14          1218934.50
12/07/2015       67.91       69.33       67.91       68.62          2568488.99
12/04/2015       68.09       68.29       67.62       67.95           783037.50
12/03/2015       68.09       68.09       67.62       67.91           872623.50
12/02/2015       69.38       69.38       68.09       68.09          2020955.99
12/01/2015       68.38       70.38       68.38       69.52          4708787.99
11/27/2015       69.43       69.43       66.91       67.38          6161368.48
11/26/2015       70.19       70.29       69.95       70.19          2077088.99
11/25/2015       69.33       70.00       69.29       70.00          2617376.99
11/24/2015       68.09       68.95       67.67       68.81          1712319.00
11/23/2015       65.71       68.81       65.71       68.57          1278112.50
11/20/2015       64.57       66.57       64.57       66.57          1800025.50
11/17/2015       64.86       66.67       64.57       64.57          2499881.99
11/16/2015       66.48       66.48       64.43       64.67          1582539.00
11/13/2015       67.91       67.91       66.62       67.05          2586979.49
11/12/2015       69.52       70.05       67.91       67.91          1596756.00
11/11/2015       68.19       69.19       68.09       68.29          1135344.00
11/10/2015       70.19       70.19       68.57       68.67          1154643.00
11/09/2015       70.00       71.19       69.52       70.19          1148385.00
11/06/2015       70.38       70.38       69.86       70.00          1461589.50
11/05/2015       71.43       71.48       70.00       70.48           895314.00
11/04/2015       71.05       71.43       70.33       71.24          2283277.49
11/03/2015       70.48       71.38       70.38       70.67          1310410.50
11/02/2015       69.91       70.48       69.33       70.48          1905350.99
10/30/2015       69.43       69.52       68.00       68.00          1374009.00
10/29/2015       70.00       70.95       68.91       69.43          2072164.49
10/28/2015       69.52       71.19       68.57       70.00          2778751.49
10/27/2015       71.38       71.43       68.57       68.57          2726650.49
10/26/2015       69.71       72.38       69.71       71.43          3976654.49
10/23/2015       68.57       69.81       68.57       69.52          2677562.99
10/22/2015       68.05       68.57       67.95       68.57           759412.50
10/21/2015       68.29       68.57       67.62       67.95           344830.50
10/20/2015       68.05       68.09       66.86       67.81           998560.50
10/19/2015       68.57       68.57       66.62       68.09           437314.50
10/16/2015       68.52       68.57       67.86       68.38          2775086.99
10/15/2015       65.71       68.48       65.71       67.43          1906999.49
10/14/2015       66.48       66.76       65.71       65.71          1586329.50
10/13/2015       68.09       68.09       66.52       66.57          4148927.99
10/12/2015       67.76       68.67       67.43       68.09          1993697.99
10/09/2015       68.33       68.71       67.14       67.14          2173573.49
10/08/2015       67.52       68.14       67.52       67.81          3259010.99
10/07/2015       67.62       67.62       66.95       67.52          2332196.99
10/06/2015       67.14       68.09       67.00       67.71          3692828.99
10/05/2015       66.57       67.14       66.57       67.00          2200915.49
10/02/2015       66.62       66.86       65.57       66.57          2164795.49
10/01/2015       66.71       67.48       64.86       66.62          1470462.00
09/30/2015       67.62       67.62       67.24       67.48          3447958.49
09/29/2015       66.43       67.62       64.48       67.43          2127425.99
09/28/2015       65.57       66.81       65.57       66.43          1398799.50
09/24/2015       65.62       65.62       64.05       65.43          2245729.49
09/23/2015       66.38       66.38       65.33       65.67          1924849.49
09/22/2015       66.09       66.81       66.09       66.62          1837888.49
09/21/2015       67.48       67.48       66.57       66.81           815062.50
09/18/2015       67.33       69.05       67.33       67.48          2812067.99
09/17/2015       68.52       68.52       65.95       67.62          2447822.99
09/16/2015       67.62       70.00       67.57       68.33          4226396.99
09/15/2015       67.62       67.62       66.52       67.57          1745898.00
09/14/2015       64.81       67.62       64.76       67.62           740953.50
09/11/2015       64.43       65.71       63.81       65.71          1125243.00
09/10/2015       63.81       64.62       63.81       64.19          1330549.50
09/09/2015       65.62       65.62       63.62       64.38          1784926.50
09/08/2015       64.00       65.67       64.00       64.29          1832869.49
09/07/2015       65.81       66.67       63.86       64.09          1424923.50
09/04/2015       65.91       67.62       65.91       67.33          1566358.50
09/03/2015       67.19       67.62       66.05       67.19          1654275.00
09/02/2015       66.67       67.67       65.71       67.14          2944955.99
09/01/2015       66.43       68.00       66.43       67.33          4017226.49
08/28/2015       66.81       69.43       66.67       67.62          4174621.49
08/27/2015       65.71       66.57       64.62       65.71          3161812.49
08/26/2015       62.38       64.71       62.38       64.62          2243807.99
08/25/2015       59.05       62.81       59.05       62.33          1797652.50
08/24/2015       65.91       65.91       58.09       61.86          4830514.49
08/20/2015       65.57       66.19       64.14       66.00          1689523.50
08/19/2015       64.76       65.71       63.81       65.57          3424774.49
08/18/2015       64.95       65.48       64.91       65.14          2217295.49
08/17/2015       66.05       66.48       64.76       65.33          1011969.00
08/14/2015       66.86       67.52       65.71       66.00          1444380.00
08/13/2015       68.67       68.67       66.19       66.67          1962691.49
08/12/2015       68.91       68.95       67.71       68.24          1718199.00
08/11/2015       68.95       69.81       68.57       68.95          1880224.49
08/10/2015       69.48       70.00       69.38       69.52          1832690.99
08/07/2015       69.71       69.71       69.33       69.38           878167.50
08/06/2015       69.52       71.33       69.52       69.71          1728867.00
08/05/2015       68.62       71.33       68.62       69.52          2781796.49
08/04/2015       68.62       69.14       68.62       69.00          3340469.99
08/03/2015       69.05       69.52       68.29       69.05          1944820.49
07/31/2015       68.57       69.05       68.48       69.05          3836101.49
07/30/2015       68.86       69.05       68.57       68.57          1583778.00
07/29/2015       68.24       69.43       68.24       68.86          2793692.99
07/28/2015       68.57       69.29       68.19       68.19          5347660.49
07/27/2015       68.86       69.52       68.67       68.71           943876.50
07/24/2015       69.95       69.95       69.48       69.52          1343086.50
07/23/2015       70.00       70.24       69.57       70.00          1742328.00
07/22/2015       70.48       70.48       68.62       70.43          3857794.49
07/21/2015       68.57       70.48       68.52       70.48          2816488.49
07/20/2015       68.57       68.81       68.00       68.62          2209031.99
07/16/2015       68.57       68.57       67.67       68.57          2011127.99
07/15/2015       68.48       68.48       67.48       68.29          1406569.50
07/14/2015       68.09       68.57       68.09       68.57          1401382.50
07/13/2015       65.81       68.09       65.81       68.09          1325226.00
07/10/2015       64.33       67.14       64.33       67.14           915820.50
07/09/2015       65.24       65.95       63.81       65.71          3248552.99
07/08/2015       65.71       66.29       65.05       65.86          3406651.49
07/07/2015       67.14       67.62       65.29       67.62          2410852.49
07/06/2015       68.29       68.29       65.91       66.62          1720183.50
07/03/2015       68.57       68.86       68.29       68.29          1178110.50
07/02/2015       67.95       69.05       67.24       68.57          2546722.49
07/01/2015       67.14       68.52       67.09       67.95          1659766.50
06/30/2015       66.67       68.81       66.19       68.29          4361458.49
06/29/2015       67.14       68.57       66.67       68.57          1830580.49
06/26/2015       68.00       68.52       67.62       68.43          1653739.50
06/25/2015       67.62       67.62       66.19       67.05          1583452.50
06/24/2015       65.95       67.86       65.95       66.24          2367214.49
06/23/2015       68.95       68.95       65.91       65.91          1969610.99
06/22/2015       68.57       69.33       68.00       68.38          1753983.00
06/19/2015       68.09       69.52       67.91       68.09          5344321.49
06/18/2015       66.48       68.38       66.43       67.91          2696935.49
06/17/2015       63.86       66.71       63.71       66.38          3341866.49
06/16/2015       63.24       64.29       62.86       63.71          1352494.50
06/15/2015       64.95       64.95       62.95       62.95          1665489.00
06/11/2015       62.38       64.76       62.00       64.76          2575828.49
06/10/2015       62.09       62.62       61.38       61.91          1186857.00
06/09/2015       64.57       64.57       59.81       61.91          4433614.49
06/08/2015       64.57       65.14       63.62       64.57           778333.50
06/05/2015       63.38       66.05       63.09       64.57          2949260.99
06/04/2015       63.81       64.81       63.71       64.29          1870658.99
06/03/2015       63.33       64.14       62.91       63.81          1872370.49
06/02/2015       65.14       65.19       63.81       64.38          3990944.99
06/01/2015       66.19       66.19       64.76       65.71          3068719.49
05/29/2015       63.76       65.52       63.76       65.24          7667078.98
05/28/2015       66.71       67.24       63.00       63.71          6469427.98
05/27/2015       67.62       67.62       64.86       66.71          2827439.99
05/26/2015       68.95       68.95       66.67       68.09          2657759.99
05/25/2015       69.52       69.71       68.91       69.05          1365987.00
05/22/2015       70.33       70.33       68.57       69.52          1622187.00
05/21/2015       69.05       70.38       69.05       69.71           888174.00
05/20/2015       69.43       70.67       69.05       69.05          2506528.49
05/19/2015       69.48       69.48       69.05       69.38          1444632.00
05/18/2015       68.62       69.71       68.48       69.43          1802062.50
05/15/2015       68.57       69.91       68.38       68.57          1253563.50
05/14/2015       69.52       69.52       67.91       68.33          1191739.50
05/13/2015       67.86       69.71       67.86       69.14          1679380.50
05/12/2015       67.43       69.24       66.67       69.05          1971899.99
05/11/2015       68.09       68.09       67.43       67.57          1489005.00
05/08/2015       69.52       69.52       66.81       67.38          2306209.49
05/07/2015       69.09       69.52       67.81       68.86          1104264.00
05/06/2015       70.38       70.48       69.38       70.05          1367772.00
05/05/2015       69.00       70.67       69.00       70.48          3052633.49
05/04/2015       67.62       69.14       66.86       69.05          2074978.49
04/30/2015       68.76       68.76       66.33       68.09          3648098.99
04/29/2015       68.81       68.95       67.86       68.52          2439905.99
04/28/2015       69.24       69.24       68.71       68.86          2331241.49
04/27/2015       69.43       69.52       68.57       68.95           994707.00
04/24/2015       68.57       69.19       68.48       69.19          2025827.99
04/23/2015       68.95       69.19       67.95       68.14          3733033.49
04/22/2015       68.48       68.57       67.09       67.71          2534710.49
04/21/2015       68.57       69.33       68.14       68.48          1782186.00
04/20/2015       69.19       69.19       67.14       68.57          1353828.00
04/17/2015       69.05       69.48       68.14       69.19          1287027.00
04/16/2015       68.09       70.43       67.14       68.00          6167332.48
04/15/2015       71.91       72.09       66.48       67.62          4527788.99
04/14/2015       71.43       72.14       70.29       71.29          3135194.99
04/13/2015       70.71       70.76       69.52       69.71          1579357.50
04/10/2015       71.52       71.91       70.52       70.76          3994199.99
04/08/2015       70.95       71.76       70.00       71.14          2574599.99
04/07/2015       70.00       72.38       70.00       70.95          2981863.49
04/06/2015       69.29       70.67       68.67       70.24          2835388.49
04/01/2015       69.05       69.14       68.05       69.05          1759947.00
03/31/2015       68.95       69.05       68.57       69.05          4164551.99
03/30/2015       67.91       69.05       67.91       68.48          4741673.99
03/27/2015       68.29       68.29       67.81       67.91          2475091.49
03/26/2015       65.71       68.57       65.33       68.29          4217912.99
03/25/2015       66.67       66.76       65.71       66.05          2626091.99
03/24/2015       68.19       68.57       65.81       66.67          1760535.00
03/23/2015       66.86       68.48       66.81       68.19          3970910.99
03/20/2015       65.48       67.24       65.48       66.91          5274086.99
03/19/2015       64.86       66.57       64.86       66.24          5736223.48
03/18/2015       63.24       65.14       63.24       64.71          4113070.49
03/17/2015       62.19       63.38       62.19       63.33          3399007.49
03/16/2015       61.62       62.57       61.43       62.29          2556298.49
03/13/2015       62.81       62.81       61.91       61.91          1260714.00
03/12/2015       61.95       63.33       61.95       62.81          1429438.50
03/11/2015       62.48       62.48       61.67       61.91          2277680.99
03/10/2015       62.91       63.38       62.81       62.81          2309978.99
03/09/2015       63.76       63.76       62.67       62.86          1279960.50
03/06/2015       63.76       64.09       63.62       63.91          2199004.49
03/05/2015       63.67       64.00       62.91       62.91          2139584.99
03/04/2015       63.52       64.00       63.14       64.00          2980634.99
03/03/2015       63.81       64.05       63.62       63.71          1783194.00
03/02/2015       63.81       63.81       62.38       63.81          2863832.99
02/27/2015       62.86       63.81       62.09       63.81          3314209.49
02/26/2015       63.43       63.43       62.43       62.81          2050145.99
02/25/2015       64.33       64.38       63.48       63.86          1746801.00
02/24/2015       64.67       64.67       63.43       64.33          1619824.50
02/23/2015       64.62       64.71       64.38       64.62          1518163.50
02/20/2015       64.38       64.67       64.05       64.57          1023813.00
02/18/2015       63.76       64.67       63.76       64.33          2329718.99
02/17/2015       63.57       63.81       63.48       63.76          2462942.99
02/16/2015       63.43       63.76       63.38       63.57          2118227.99
02/13/2015       61.91       63.81       61.91       63.43          3014255.99
02/12/2015       62.67       62.76       61.43       61.86          1855969.49
02/11/2015       62.00       63.33       61.91       62.67          3711707.99
02/10/2015       63.14       63.86       61.71       61.91          2490473.99
02/09/2015       61.71       64.00       61.62       62.86          3320404.49
02/06/2015       61.29       62.24       61.19       61.71          4762841.99
02/05/2015       61.52       61.57       61.14       61.52          5232233.99
02/04/2015       61.91       61.91       60.95       61.52          4993064.99
02/03/2015       61.91       62.09       60.57       61.52          2303405.99
02/02/2015       62.86       62.86       61.57       61.86          4265498.99
01/30/2015       61.43       62.38       60.95       62.38          6970928.98
01/29/2015       60.86       61.29       60.48       60.91          2624516.99
01/28/2015       60.95       61.91       60.71       60.95          5421569.99
01/27/2015       61.05       61.67       60.76       60.86          9911243.97
01/26/2015       61.05       61.14       60.67       61.00          9702031.47
01/23/2015       59.76       60.86       59.33       60.71         14048989.46
01/22/2015       59.14       60.00       58.91       59.14         18162701.50
01/21/2015       68.00       68.00       65.71       66.57          2689228.49
01/20/2015       66.86       67.62       66.67       66.71          2472529.49
01/19/2015       66.67       68.00       66.57       66.86          1068249.00
01/14/2015       65.71       67.09       64.95       66.67          5330156.99
01/13/2015       64.95       66.67       64.76       64.76          2509604.99
01/12/2015       66.67       66.67       64.29       64.29          2744605.49
01/09/2015       66.67       67.62       66.43       66.62          2116831.49
01/08/2015       65.86       67.81       65.24       66.67          3826966.49
01/07/2015       65.24       66.67       65.24       66.19          2911744.49
01/06/2015       65.71       65.91       65.19       65.71          1190217.00
01/05/2015       65.14       66.14       64.86       65.71          3506516.99
