LTG  1216

12/27/2019       11.90       12.00       11.68       11.98          1645800.00
12/26/2019       11.90       11.90       11.44       11.90           612800.00
12/23/2019       12.00       12.00       11.50       11.50          2043700.00
12/20/2019       11.70       12.00       11.70       12.00         10512900.00
12/19/2019       11.50       12.00       11.48       12.00           921800.00
12/18/2019       11.88       11.88       11.46       11.50          2851600.00
12/17/2019       11.96       12.00       11.50       11.72          4016800.00
12/16/2019       12.00       12.00       11.70       11.80           844400.00
12/13/2019       12.00       12.04       11.86       11.90          1722000.00
12/12/2019       11.84       12.00       11.84       12.00          1337300.00
12/11/2019       11.60       11.86       11.60       11.84           636600.00
12/10/2019       11.76       11.78       11.36       11.62          2108700.00
12/09/2019       11.50       11.80       11.40       11.74          1640000.00
12/06/2019       11.46       11.58       11.40       11.50          1839600.00
12/05/2019       11.46       11.48       11.22       11.40          5892800.00
12/04/2019       11.54       11.54       11.00       11.40          5102400.00
12/03/2019       11.50       11.70       11.00       11.00          3446900.00
12/02/2019       11.30       11.50       11.26       11.50           887400.00
11/29/2019       11.86       11.86       11.06       11.06          3108100.00
11/28/2019       12.04       12.06       11.50       11.50          3999000.00
11/27/2019       12.26       12.48       12.00       12.00          1548300.00
11/26/2019       12.50       12.58       12.20       12.20          1340600.00
11/25/2019       12.60       12.74       12.32       12.74           818200.00
11/22/2019       12.80       12.80       12.22       12.60           436400.00
11/21/2019       13.00       13.00       12.70       12.80          4029200.00
11/20/2019       12.44       13.10       12.44       13.06          4529000.00
11/19/2019       11.64       12.42       11.56       12.42          7612300.00
11/18/2019       12.16       12.16       11.50       11.64           889000.00
11/15/2019       12.44       12.48       11.98       11.98          2739000.00
11/14/2019       12.74       12.76       12.20       12.20          2138100.00
11/13/2019       12.42       12.50       12.42       12.42         12196900.00
11/12/2019       12.70       12.70       12.42       12.42          4944700.00
11/11/2019       13.04       13.04       12.70       12.70          4997800.00
11/08/2019       13.30       13.36       13.00       13.02           952500.00
11/07/2019       13.26       13.36       13.22       13.30           393700.00
11/06/2019       13.38       13.56       13.08       13.08          6107600.00
11/05/2019       13.38       13.50       13.32       13.32          1380700.00
11/04/2019       13.34       13.42       13.30       13.38          2264000.00
10/31/2019       13.28       13.42       13.22       13.34          1964200.00
10/30/2019       13.34       13.44       13.18       13.30          1493600.00
10/29/2019       13.40       13.40       13.10       13.10          6019200.00
10/28/2019       13.46       13.76       13.00       13.00          4594800.00
10/25/2019       13.58       13.58       13.34       13.36         50948602.00
10/24/2019       13.52       13.76       13.22       13.22           828100.00
10/23/2019       13.60       13.78       13.52       13.54           601700.00
10/22/2019       13.66       13.80       13.58       13.60           640700.00
10/21/2019       13.88       13.88       13.60       13.66          1853800.00
10/18/2019       13.80       13.88       13.70       13.72          1180500.00
10/17/2019       14.10       14.16       13.72       13.72          1412000.00
10/16/2019       13.84       14.10       13.70       14.10           334700.00
10/15/2019       13.64       13.94       13.64       13.94           578500.00
10/14/2019       13.46       13.86       13.46       13.54           625500.00
10/11/2019       13.44       13.46       13.22       13.28          3544500.00
10/10/2019       13.40       13.50       13.28       13.30           384200.00
10/09/2019       13.52       13.70       13.34       13.34           333100.00
10/08/2019       13.66       13.70       13.52       13.56          1173900.00
10/07/2019       13.90       13.90       13.66       13.70           271700.00
10/04/2019       13.88       13.98       13.70       13.70          1293600.00
10/03/2019       14.10       14.10       13.80       13.88          1572000.00
10/02/2019       14.10       14.10       13.92       13.94          4909500.00
10/01/2019       14.40       14.40       13.92       13.96          4448900.00
09/30/2019       14.48       14.48       13.94       13.94           506500.00
09/27/2019       14.70       14.70       14.48       14.50           473300.00
09/26/2019       14.50       14.70       14.50       14.70            80700.00
09/25/2019       14.66       14.82       14.14       14.50          3664600.00
09/24/2019       14.70       14.70       14.46       14.46          1326800.00
09/23/2019       14.80       14.84       14.54       14.70          1150400.00
09/20/2019       14.80       14.88       14.64       14.72          2931500.00
09/19/2019       14.48       14.80       14.48       14.80           235400.00
09/18/2019       14.20       14.50       14.20       14.46          1255100.00
09/17/2019       14.44       14.44       14.22       14.30          1880000.00
09/16/2019       14.44       14.50       14.36       14.44          1005600.00
09/13/2019       14.50       14.56       14.32       14.44          1790000.00
09/12/2019       14.18       14.78       14.18       14.50          3492400.00
09/11/2019       14.44       14.50       14.04       14.16          3759600.00
09/10/2019       14.80       14.90       14.38       14.40           801800.00
09/09/2019       14.96       15.00       14.62       14.80           113700.00
09/06/2019       15.26       15.26       14.94       15.00          1582300.00
09/05/2019       14.76       15.46       14.62       15.24          5250700.00
09/04/2019       14.62       14.78       14.62       14.76          3388400.00
09/03/2019       14.70       14.78       14.58       14.62           387700.00
09/02/2019       14.78       14.80       14.52       14.72          1444400.00
08/30/2019       14.20       14.88       14.20       14.78          3515500.00
08/29/2019       13.76       14.30       13.76       14.20          1991500.00
08/28/2019       13.62       13.78       13.62       13.70          1311100.00
08/27/2019       13.80       14.06       13.60       13.60          4711500.00
08/23/2019       13.58       13.62       13.46       13.62           331700.00
08/22/2019       13.54       13.68       13.40       13.54          2714300.00
08/20/2019       13.50       13.68       13.44       13.50          2043400.00
08/19/2019       13.50       13.88       13.50       13.50          1257800.00
08/16/2019       14.06       14.06       13.50       13.50          1188200.00
08/15/2019       14.06       14.16       13.60       14.00          1632100.00
08/14/2019       14.38       14.38       14.18       14.18           946000.00
08/13/2019       14.20       14.40       13.90       14.40          2197700.00
08/09/2019       14.40       14.40       14.12       14.20           223800.00
08/08/2019       14.40       14.40       14.26       14.30          1828700.00
08/07/2019       14.18       14.50       14.18       14.40          1459300.00
08/06/2019       14.66       14.66       14.12       14.16          1409700.00
08/05/2019       14.40       14.70       14.30       14.70          1676500.00
08/02/2019       14.16       14.38       14.16       14.38           614700.00
08/01/2019       14.10       14.18       14.08       14.12           589500.00
07/31/2019       14.26       14.26       14.08       14.10          1580600.00
07/30/2019       14.80       14.80       14.10       14.24          3288600.00
07/29/2019       14.96       14.96       14.62       14.88          2336300.00
07/26/2019       14.58       14.98       14.48       14.68          2670600.00
07/25/2019       15.12       15.12       14.58       14.58          6250600.00
07/24/2019       15.08       15.12       15.06       15.08          1459500.00
07/23/2019       15.02       15.80       15.02       15.20          2064700.00
07/22/2019       15.28       15.32       15.02       15.02          1725300.00
07/19/2019       15.88       15.88       15.20       15.26          2820700.00
07/18/2019       15.94       15.98       15.64       15.64          1597000.00
07/17/2019       15.96       16.18       15.94       15.94          1211800.00
07/16/2019       16.06       16.40       15.96       15.96          5459700.00
07/15/2019       15.76       16.30       15.70       16.00          3922000.00
07/12/2019       15.70       15.80       15.62       15.76          2534300.00
07/11/2019       15.58       15.72       15.46       15.70           534700.00
07/10/2019       15.50       15.74       15.34       15.58          1626100.00
07/09/2019       15.78       15.78       15.30       15.76          2787200.00
07/08/2019       15.92       15.96       15.44       15.80          2441900.00
07/05/2019       15.76       15.92       15.72       15.88          5098100.00
07/04/2019       15.54       15.90       15.40       15.76          2779000.00
07/03/2019       15.30       15.58       15.28       15.58          2970100.00
07/02/2019       15.16       15.32       15.16       15.30          2533100.00
07/01/2019       15.22       15.24       15.18       15.20           985700.00
06/28/2019       15.28       15.30       15.18       15.20          4169700.00
06/27/2019       15.28       15.32       15.22       15.28          2320700.00
06/26/2019       15.20       15.32       15.18       15.20          1387100.00
06/25/2019       15.14       15.32       15.14       15.20          1399100.00
06/24/2019       15.36       15.36       15.14       15.24           413600.00
06/21/2019       15.26       15.38       15.12       15.12          3238500.00
06/20/2019       15.28       15.30       15.18       15.26           891200.00
06/19/2019       15.20       15.46       15.20       15.28           361400.00
06/18/2019       15.22       15.40       15.18       15.20           593800.00
06/17/2019       15.30       15.40       15.22       15.40          4583000.00
06/14/2019       15.32       15.34       15.22       15.30          3202600.00
06/13/2019       15.60       15.60       15.20       15.48           453800.00
06/11/2019       15.58       15.64       15.50       15.54          2774100.00
06/10/2019       15.40       15.58       15.40       15.52           381500.00
06/07/2019       15.10       15.48       15.04       15.38          1438500.00
06/06/2019       15.10       15.24       15.08       15.10          4720300.00
06/04/2019       15.20       15.20       15.08       15.08          1060800.00
06/03/2019       15.26       15.30       15.00       15.20          2744500.00
05/31/2019       15.26       15.26       14.94       14.94           304300.00
05/30/2019       14.72       15.34       14.72       14.92          5595300.00
05/29/2019       14.98       15.00       14.68       14.72         11685600.00
05/28/2019       15.30       15.30       15.02       15.02          3777100.00
05/27/2019       15.10       15.40       14.96       15.10          6002200.00
05/24/2019       15.76       15.76       15.08       15.10         10079200.00
05/23/2019       16.36       16.48       15.80       15.86          4291500.00
05/22/2019       16.36       16.50       16.30       16.40          2628000.00
05/21/2019       16.22       16.46       16.22       16.36          2028200.00
05/20/2019       16.92       16.92       16.20       16.22          3330000.00
05/17/2019       16.60       16.96       16.38       16.94          1698200.00
05/16/2019       16.96       16.96       16.42       16.52          1038800.00
05/15/2019       16.88       17.20       16.70       16.84          1525300.00
05/14/2019       16.90       16.90       16.32       16.90          2732700.00
05/10/2019       16.72       16.92       16.32       16.92           690300.00
05/09/2019       17.00       17.00       16.50       16.88          6664700.00
05/08/2019       17.10       17.10       16.54       17.00          1543300.00
05/07/2019       16.62       17.00       16.26       17.00          2832800.00
05/06/2019       16.50       16.78       16.02       16.62          2532000.00
05/03/2019       16.00       16.62       16.00       16.50          1532000.00
05/02/2019       15.90       16.24       15.82       15.82          2615000.00
04/30/2019       16.00       16.22       15.84       16.04          3191900.00
04/29/2019       16.00       16.00       15.72       16.00           876600.00
04/26/2019       16.08       16.08       15.60       16.02           752600.00
04/25/2019       15.80       16.00       15.50       16.00          1888300.00
04/24/2019       15.88       15.88       15.50       15.80           992700.00
04/23/2019       16.00       16.28       15.80       16.28           525800.00
04/22/2019       15.38       16.20       15.38       16.00          1443800.00
04/17/2019       15.50       15.60       15.22       15.44           301700.00
04/16/2019       15.64       15.90       15.48       15.50          3544800.00
04/15/2019       16.14       16.26       15.62       15.62          4610500.00
04/12/2019       16.60       16.60       16.00       16.30          1573800.00
04/11/2019       16.86       16.88       16.60       16.60          1453900.00
04/10/2019       16.78       16.88       16.70       16.70          1680100.00
04/08/2019       16.54       16.80       16.54       16.80          1261700.00
04/05/2019       16.10       16.52       16.10       16.50          5178200.00
04/04/2019       16.00       16.36       15.90       16.04         11483200.00
04/03/2019       16.00       16.06       15.92       16.00          4634600.00
04/02/2019       15.72       16.10       15.72       15.90          2316200.00
04/01/2019       16.20       16.20       15.58       15.70          3295300.00
03/29/2019       16.40       16.40       15.90       16.10          3006700.00
03/28/2019       16.48       16.52       16.36       16.46          1068000.00
03/27/2019       16.52       16.62       16.18       16.50          1173800.00
03/26/2019       16.52       16.80       16.52       16.52          2129300.00
03/25/2019       17.28       17.28       16.44       16.50          2977600.00
03/22/2019       17.30       17.60       17.10       17.28          6262200.00
03/21/2019       16.52       17.42       16.52       17.30          8621500.00
03/20/2019       16.00       16.64       16.00       16.52          5071200.00
03/19/2019       16.44       16.46       15.82       16.00          4064700.00
03/18/2019       16.02       16.42       16.02       16.28          1411700.00
03/15/2019       16.64       16.74       16.00       16.00          4746400.00
03/14/2019       16.52       16.88       16.30       16.62          7835900.00
03/13/2019       16.42       16.58       16.32       16.52          7674000.00
03/12/2019       16.12       16.82       16.12       16.42          2676800.00
03/11/2019       15.84       16.30       15.80       16.30          2051700.00
03/08/2019       15.60       15.80       15.32       15.80          2482700.00
03/07/2019       15.70       15.80       15.26       15.60          1148700.00
03/06/2019       15.18       15.60       15.18       15.60           707700.00
03/05/2019       15.40       15.50       15.14       15.50           488400.00
03/04/2019       15.00       15.40       14.80       15.40           442100.00
03/01/2019       14.80       15.24       14.76       15.24          1396200.00
02/28/2019       15.40       15.40       14.76       14.80          1242900.00
02/27/2019       15.70       15.70       15.40       15.40          1072700.00
02/26/2019       15.70       15.78       15.62       15.70          2868700.00
02/22/2019       15.60       15.76       15.50       15.60          2398800.00
02/21/2019       15.34       15.60       15.34       15.60          1716300.00
02/20/2019       15.06       15.42       15.06       15.42          2958300.00
02/19/2019       15.38       15.38       15.06       15.18          2898300.00
02/18/2019       15.50       15.50       15.00       15.00           879000.00
02/15/2019       15.08       15.30       14.80       15.30          3324600.00
02/14/2019       15.18       15.20       15.10       15.10          2008100.00
02/13/2019       15.42       15.54       15.16       15.20          1726600.00
02/12/2019       15.82       15.86       15.48       15.50          2383300.00
02/11/2019       15.62       15.88       15.42       15.70          1368400.00
02/08/2019       15.50       15.62       15.46       15.52          3764500.00
02/07/2019       15.60       15.60       15.32       15.36          3462000.00
02/06/2019       15.44       15.90       15.40       15.40          1323600.00
02/04/2019       15.60       15.66       15.42       15.48          2831800.00
02/01/2019       15.50       15.76       15.48       15.48          2755000.00
01/31/2019       15.26       15.56       15.26       15.50          1085000.00
01/30/2019       15.88       15.90       15.26       15.26          2292500.00
01/29/2019       15.58       15.96       15.52       15.88          2531300.00
01/28/2019       15.66       16.14       15.58       15.58          2803600.00
01/25/2019       15.50       15.66       15.48       15.66          1951700.00
01/24/2019       15.10       15.58       15.10       15.40          3252400.00
01/23/2019       14.76       15.10       14.76       15.00          1931100.00
01/22/2019       14.82       15.00       14.60       14.62          1617300.00
01/21/2019       15.30       15.48       14.72       14.78          4297400.00
01/18/2019       15.30       15.34       15.06       15.10         11951100.00
01/17/2019       15.30       15.40       15.20       15.20          3398200.00
01/16/2019       15.58       15.60       15.24       15.34          1166300.00
01/15/2019       15.70       15.98       15.40       15.40          7559200.00
01/14/2019       15.30       15.56       15.30       15.42          2699800.00
01/11/2019       15.28       15.54       15.22       15.26          1394200.00
01/10/2019       15.44       15.80       15.20       15.20          4784100.00
01/09/2019       15.84       15.96       15.40       15.40          5511600.00
01/08/2019       16.04       16.10       15.80       15.80          5205900.00
01/07/2019       16.06       16.12       16.04       16.04          4249900.00
01/04/2019       16.30       16.46       16.02       16.02          2189500.00
01/03/2019       16.60       16.60       16.24       16.30          1412900.00
01/02/2019       16.50       17.10       16.42       16.58          3984700.00
12/28/2018       16.74       16.88       16.58       16.60           896500.00
12/27/2018       16.90       16.90       16.52       16.74          2022400.00
12/26/2018       16.44       16.80       16.42       16.80           465500.00
12/21/2018       16.80       16.90       16.50       16.60          2160900.00
12/20/2018       16.78       16.80       16.56       16.80          3411700.00
12/19/2018       16.96       16.98       16.44       16.78          1036000.00
12/18/2018       16.76       16.80       16.68       16.72          9311400.00
12/17/2018       16.78       16.80       16.70       16.76          3786600.00
12/14/2018       16.82       16.82       16.52       16.78          2078300.00
12/13/2018       16.84       16.90       16.76       16.80          2952700.00
12/12/2018       16.70       16.90       16.58       16.64          3030600.00
12/11/2018       17.40       17.40       16.72       16.92          1835900.00
12/10/2018       16.80       16.96       16.20       16.56          6132100.00
12/07/2018       17.10       17.30       16.80       16.94          4390700.00
12/06/2018       16.96       17.30       16.70       17.10          9585300.00
12/05/2018       16.90       17.28       16.70       16.70          4743200.00
12/04/2018       16.40       17.60       16.30       16.90          9845400.00
12/03/2018       16.18       16.30       16.04       16.30          5579500.00
11/29/2018       15.80       16.08       15.80       15.98          4154600.00
11/28/2018       15.26       15.62       15.26       15.48          5589400.00
11/27/2018       15.32       15.90       15.24       15.24          1337700.00
11/26/2018       15.50       15.64       15.20       15.32          2234100.00
11/23/2018       16.00       16.00       15.48       15.48          2167500.00
11/22/2018       16.44       16.50       16.00       16.10          4715500.00
11/21/2018       16.38       16.48       16.26       16.44          3144100.00
11/20/2018       16.28       16.50       16.12       16.48          2276300.00
11/19/2018       16.06       16.36       15.84       16.28          3516000.00
11/16/2018       15.98       16.02       15.84       16.00          1844300.00
11/15/2018       15.92       15.98       15.60       15.84          2587900.00
11/14/2018       15.30       15.90       15.30       15.72          4150300.00
11/13/2018       15.08       15.30       15.00       15.30          5090300.00
11/12/2018       15.20       15.50       15.04       15.12          5062800.00
11/09/2018       15.18       15.32       15.10       15.10          4991300.00
11/08/2018       14.80       15.22       14.62       15.16          9974000.00
11/07/2018       15.10       15.40       14.24       14.80         18432900.00
11/06/2018       14.82       15.20       14.66       15.10         11299600.00
11/05/2018       14.50       14.86       14.30       14.80          7513200.00
10/31/2018       14.60       14.60       14.20       14.50           844800.00
10/30/2018       14.64       14.64       14.36       14.54           623500.00
10/29/2018       14.78       14.88       14.58       14.60          1218800.00
10/26/2018       14.64       14.98       14.48       14.64          1417400.00
10/25/2018       14.50       14.64       14.12       14.64          7405800.00
10/24/2018       13.80       14.70       13.80       14.68          5714100.00
10/23/2018       13.70       14.18       13.62       13.76         12442300.00
10/22/2018       13.40       13.76       13.26       13.50          3075100.00
10/19/2018       13.26       13.56       13.20       13.28          6590400.00
10/18/2018       13.20       13.42       13.16       13.16          1921100.00
10/17/2018       13.26       13.94       13.02       13.10         10552900.00
10/16/2018       13.40       13.40       13.02       13.20          4975100.00
10/15/2018       13.92       13.92       13.10       13.34          3836000.00
10/12/2018       12.86       13.48       12.86       13.42          5231000.00
10/11/2018       13.00       13.06       12.78       12.86          5270300.00
10/10/2018       13.56       13.58       13.06       13.06          4045200.00
10/09/2018       13.94       13.94       13.36       13.56         14143700.00
10/08/2018       14.30       14.38       13.90       13.90          1772600.00
10/05/2018       14.40       14.48       14.12       14.34          5802100.00
10/04/2018       14.90       14.96       14.40       14.72          2754200.00
10/03/2018       14.70       14.88       14.62       14.86           484400.00
10/02/2018       15.00       15.20       14.40       14.62          5233600.00
10/01/2018       14.40       15.14       14.40       15.00          2705800.00
09/28/2018       15.20       15.20       14.40       14.40         14460400.00
09/27/2018       15.14       15.28       14.96       15.00          1852300.00
09/26/2018       15.20       15.46       15.10       15.14          6756000.00
09/25/2018       15.30       15.42       15.04       15.16           388100.00
09/24/2018       15.20       15.40       15.10       15.20          2434600.00
09/21/2018       15.00       15.14       14.86       15.00          7882300.00
09/20/2018       15.84       15.84       15.20       15.24          1745400.00
09/19/2018       15.98       16.00       15.66       15.84           403700.00
09/18/2018       15.96       15.96       15.52       15.68          1686300.00
09/17/2018       16.20       16.20       15.48       15.66           975100.00
09/14/2018       16.20       16.20       15.94       15.94          5773200.00
09/13/2018       16.52       16.52       16.14       16.20           587600.00
09/12/2018       16.26       16.70       16.26       16.56          3970500.00
09/11/2018       16.54       16.54       16.14       16.26          1296100.00
09/10/2018       16.98       16.98       16.14       16.54          2464700.00
09/07/2018       16.68       16.98       16.14       16.98          3641800.00
09/06/2018       17.00       17.00       16.66       16.68          2355200.00
09/05/2018       17.04       17.08       16.98       17.02          1331200.00
09/04/2018       16.88       17.10       16.86       17.04          1242400.00
09/03/2018       17.20       17.20       16.82       16.90          1958800.00
08/31/2018       17.46       17.46       16.98       17.20          5078900.00
08/30/2018       17.50       17.50       17.40       17.40           661400.00
08/29/2018       17.32       17.50       17.32       17.44          1773500.00
08/28/2018       17.22       17.58       17.20       17.34           546900.00
08/24/2018       17.62       17.62       17.22       17.24          2523600.00
08/23/2018       17.68       17.70       17.62       17.62           709600.00
08/22/2018       17.70       17.70       17.50       17.70          1103600.00
08/20/2018       17.34       17.70       17.34       17.70           973900.00
08/17/2018       17.52       17.72       17.34       17.50          3863700.00
08/16/2018       17.70       17.70       17.32       17.32          4677500.00
08/15/2018       17.58       17.84       17.40       17.60           495500.00
08/14/2018       17.76       17.86       17.52       17.52          3423600.00
08/13/2018       17.40       17.60       17.34       17.46           154000.00
08/10/2018       17.72       18.00       17.28       17.28          2940200.00
08/09/2018       17.30       17.80       17.30       17.72           899900.00
08/08/2018       17.60       17.60       17.20       17.30           681300.00
08/07/2018       17.74       17.80       17.20       17.60          2512700.00
08/06/2018       17.82       18.00       17.72       17.80          1601900.00
08/03/2018       17.72       17.90       17.72       17.82           870800.00
08/02/2018       18.28       18.34       17.72       17.72          2285000.00
08/01/2018       18.00       18.40       17.98       18.40          1168700.00
07/31/2018       18.64       18.64       18.00       18.00          1645100.00
07/30/2018       17.70       18.64       17.50       18.54          1109200.00
07/27/2018       17.64       17.80       17.40       17.50          2051900.00
07/26/2018       17.28       17.96       17.22       17.62          3065700.00
07/25/2018       17.00       17.20       16.96       17.14          6937700.00
07/24/2018       17.00       17.06       16.84       16.94          2832300.00
07/23/2018       17.00       17.00       16.70       16.92          7033500.00
07/20/2018       17.10       17.10       16.88       17.00          7196200.00
07/19/2018       17.48       17.50       16.96       17.00          7524900.00
07/18/2018       17.74       17.90       17.38       17.40          2849000.00
07/17/2018       17.82       17.90       17.52       17.70           831200.00
07/16/2018       18.18       18.18       17.84       17.96          1211800.00
07/13/2018       18.00       18.20       17.90       18.00           183000.00
07/12/2018       18.18       18.18       17.82       18.00           331300.00
07/11/2018       17.98       18.18       17.80       18.18           669000.00
07/10/2018       17.54       18.00       17.54       17.98          2776300.00
07/09/2018       17.70       17.70       17.50       17.60           815500.00
07/06/2018       17.60       17.66       17.54       17.60          1490400.00
07/05/2018       17.80       17.80       17.70       17.80           199700.00
07/04/2018       17.96       18.20       17.80       17.80          1406600.00
07/03/2018       18.00       18.08       17.84       17.96          1884000.00
07/02/2018       18.08       18.54       17.94       18.18         14813400.00
06/29/2018       17.90       18.44       17.90       18.08          3052100.00
06/28/2018       18.90       18.90       17.90       18.08          3679200.00
06/27/2018       18.40       18.80       18.40       18.70          2317500.00
06/26/2018       18.18       18.94       18.06       18.94          1669400.00
06/25/2018       18.64       18.64       18.12       18.20          1759900.00
06/22/2018       18.20       18.40       18.12       18.20          2289700.00
06/21/2018       18.90       18.90       18.40       18.42          2480400.00
06/20/2018       19.04       19.46       18.78       18.90         10128100.00
06/19/2018       19.88       19.88       19.02       19.02          7159900.00
06/18/2018       19.36       19.90       19.06       19.90           926100.00
06/14/2018       20.05       20.05       19.22       19.38          5109900.00
06/13/2018       20.95       20.95       19.98       20.10          3568000.00
06/11/2018       20.90       21.40       20.75       20.95           633800.00
06/08/2018       21.30       21.30       20.55       20.55          1145400.00
06/07/2018       20.45       21.00       20.45       20.50         10838300.00
06/06/2018       20.00       20.55       20.00       20.45         11137400.00
06/05/2018       19.80       20.15       19.54       20.00           696300.00
06/04/2018       20.35       20.35       19.80       19.82           872600.00
06/01/2018       20.55       20.55       20.25       20.35          2609100.00
05/31/2018       21.30       21.30       20.65       20.65          1439400.00
05/30/2018       21.20       21.30       20.90       21.00          1562300.00
05/29/2018       21.05       21.40       20.95       21.40          1110100.00
05/28/2018       21.30       21.50       21.30       21.40          3642600.00
05/25/2018       21.05       21.35       21.00       21.35          1735600.00
05/24/2018       21.45       21.70       21.35       21.35          2905400.00
05/23/2018       21.50       21.60       21.35       21.45          4429400.00
05/22/2018       21.65       21.65       21.45       21.50          7591100.00
05/21/2018       21.65       21.70       21.20       21.65          6756000.00
05/18/2018       21.55       21.80       21.45       21.65          1115400.00
05/17/2018       21.40       21.85       21.25       21.60          7888000.00
05/16/2018       22.10       22.10       21.00       21.45          7963500.00
05/15/2018       21.50       22.15       21.50       22.00         11004600.00
05/11/2018       21.65       21.85       21.40       21.55          9180200.00
05/10/2018       21.75       21.85       21.45       21.55          2044300.00
05/09/2018       21.70       21.75       21.20       21.70          4249000.00
05/08/2018       21.00       21.70       21.00       21.70          3644300.00
05/07/2018       21.80       21.80       20.90       21.10          5159700.00
05/04/2018       20.45       21.90       20.10       21.90           634500.00
05/03/2018       20.20       20.50       20.20       20.35          1990500.00
05/02/2018       19.74       20.20       19.74       20.10          1704700.00
04/30/2018       19.40       20.20       19.40       20.20          1447000.00
04/27/2018       19.30       20.00       19.26       19.70          2056200.00
04/26/2018       19.50       19.50       18.82       19.26           599400.00
04/25/2018       19.50       19.50       19.00       19.20          2082300.00
04/24/2018       19.24       19.40       19.18       19.40           993900.00
04/23/2018       19.20       19.36       19.18       19.24          1643300.00
04/20/2018       18.00       19.42       18.00       19.16          2693500.00
04/19/2018       18.00       18.60       18.00       18.30          3373000.00
04/18/2018       18.50       18.50       18.00       18.06          2391200.00
04/17/2018       19.30       19.30       18.30       18.36          3909100.00
04/16/2018       19.00       19.30       18.72       19.30          1212700.00
04/13/2018       19.40       19.50       18.70       18.70          3869000.00
04/12/2018       19.40       19.64       19.32       19.40          5043400.00
04/11/2018       19.70       19.70       19.10       19.40          5747800.00
04/10/2018       19.74       19.74       19.50       19.70          1964500.00
04/06/2018       19.74       19.78       19.00       19.70           801600.00
04/05/2018       19.80       19.90       19.70       19.80           893200.00
04/04/2018       20.10       20.10       19.70       19.80          5682800.00
04/03/2018       19.70       20.00       19.52       20.00          7500600.00
04/02/2018       19.22       20.00       19.22       19.72          2034600.00
03/28/2018       19.28       19.72       18.80       18.80          2701800.00
03/27/2018       18.98       18.98       18.80       18.80           775400.00
03/26/2018       18.54       18.70       18.34       18.60          1319300.00
03/23/2018       18.64       18.66       18.40       18.54          3910800.00
03/22/2018       19.00       19.20       18.60       18.64          4315200.00
03/21/2018       19.40       19.76       18.50       18.68          4310000.00
03/20/2018       19.68       19.70       18.60       19.30          1964600.00
03/19/2018       19.90       19.90       19.12       19.46          4097900.00
03/16/2018       19.80       19.86       19.20       19.60          6452100.00
03/15/2018       20.00       20.00       19.70       19.90          1496800.00
03/14/2018       19.78       20.00       19.10       20.00          3269500.00
03/13/2018       19.70       20.35       19.52       19.80           630400.00
03/12/2018       19.70       19.80       19.58       19.70          7056700.00
03/09/2018       20.05       20.05       19.70       19.70          2950100.00
03/08/2018       20.80       20.80       20.05       20.10          2248700.00
03/07/2018       20.70       20.80       20.20       20.70          2896200.00
03/06/2018       21.50       21.50       20.60       21.15          4717400.00
03/05/2018       21.35       21.65       21.00       21.20          2256700.00
03/02/2018       22.40       22.40       21.20       21.70          3641400.00
03/01/2018       22.90       22.90       22.30       22.40          2287200.00
02/28/2018       22.70       23.45       22.50       22.95          3694000.00
02/27/2018       22.55       22.90       22.25       22.40          2409800.00
02/26/2018       23.40       23.40       22.00       22.70          1416800.00
02/23/2018       22.85       23.25       22.60       23.25          1072600.00
02/22/2018       22.30       22.90       22.10       22.85          3237100.00
02/21/2018       22.30       22.90       22.25       22.40          2343000.00
02/20/2018       23.00       23.30       22.15       22.40          3500500.00
02/19/2018       23.00       23.35       22.90       22.90           944900.00
02/15/2018       22.50       23.05       22.45       22.95          3246400.00
02/14/2018       22.60       22.80       22.25       22.80           729700.00
02/13/2018       22.40       22.70       22.40       22.60           513400.00
02/12/2018       22.95       22.95       22.30       22.90           546800.00
02/09/2018       22.50       22.85       22.10       22.50          3360700.00
02/08/2018       22.40       23.00       22.35       23.00           669400.00
02/07/2018       23.05       23.50       22.35       22.50          5058600.00
02/06/2018       22.40       23.00       21.85       23.00          2950000.00
02/05/2018       23.10       23.10       21.75       23.00          1920100.00
02/02/2018       22.60       23.15       22.55       23.15           934200.00
02/01/2018       22.35       22.50       21.85       22.50          1831800.00
01/31/2018       22.70       22.70       22.20       22.45          7460100.00
01/30/2018       23.40       23.40       22.45       22.95          2903800.00
01/29/2018       23.30       23.75       23.20       23.30          2220800.00
01/26/2018       24.00       24.30       23.20       23.50          7942000.00
01/25/2018       22.50       24.25       22.40       23.80          5637900.00
01/24/2018       23.50       23.50       22.20       22.50         10017600.00
01/23/2018       24.40       25.30       22.55       23.50          8595300.00
01/22/2018       23.05       24.50       23.05       24.50         23009199.00
01/19/2018       22.95       23.00       22.35       23.00          4095200.00
01/18/2018       22.55       23.15       22.25       22.70         18399000.00
01/17/2018       22.00       22.50       21.85       22.50          4603300.00
01/16/2018       21.90       22.10       21.65       21.85          7808200.00
01/15/2018       21.35       21.85       21.00       21.60          1274100.00
01/12/2018       21.10       21.60       21.10       21.30          6051500.00
01/11/2018       21.50       21.60       20.85       21.35           561100.00
01/10/2018       21.00       21.55       20.70       21.40          4375700.00
01/09/2018       20.90       21.05       20.60       20.80          1582400.00
01/08/2018       18.98       20.90       18.98       20.90          4991300.00
01/05/2018       18.78       19.02       18.76       18.94          4367000.00
01/04/2018       18.76       19.00       18.74       18.76          1628600.00
01/03/2018       18.74       19.02       18.74       18.74           697500.00
12/29/2017       19.20       19.20       18.70       18.74          1273300.00
12/28/2017       19.30       19.36       19.10       19.20          1231500.00
12/27/2017       19.20       19.26       19.08       19.20          1465200.00
12/22/2017       18.80       19.28       18.64       19.20           250000.00
12/21/2017       18.96       19.30       18.44       19.18          1051000.00
12/20/2017       19.40       19.40       18.50       18.70          1838700.00
12/19/2017       18.30       19.40       18.24       19.40           600300.00
12/18/2017       18.24       18.52       18.24       18.40           558400.00
12/15/2017       18.68       18.68       18.24       18.24          7661500.00
12/14/2017       18.24       18.68       18.24       18.68          1563400.00
12/13/2017       18.42       18.42       18.20       18.28          2511400.00
12/12/2017       18.80       18.82       18.42       18.48          1869300.00
12/11/2017       18.82       19.00       18.62       18.90           197100.00
12/08/2017       18.70       19.10       18.70       19.00          1039500.00
12/07/2017       18.60       18.70       18.44       18.70          2052800.00
12/06/2017       18.80       18.80       18.50       18.70          2839500.00
12/05/2017       19.00       19.00       18.70       18.90          2131600.00
12/04/2017       19.42       19.50       18.44       19.20          1133400.00
12/01/2017       19.48       19.48       19.02       19.42          1880800.00
11/29/2017       19.70       19.70       19.44       19.48          3915400.00
11/28/2017       19.00       19.50       18.94       19.48          1762400.00
11/27/2017       18.98       19.00       18.90       19.00          2130300.00
11/24/2017       18.96       18.98       18.60       18.98          2497500.00
11/23/2017       18.84       18.96       18.84       18.96          1255900.00
11/22/2017       18.20       18.88       18.20       18.70          2649800.00
11/21/2017       18.24       18.24       18.14       18.20           601700.00
11/20/2017       18.26       18.26       18.10       18.20          1083300.00
11/17/2017       18.10       18.32       18.10       18.30          1929500.00
11/16/2017       18.10       18.14       18.00       18.08          1275600.00
11/15/2017       18.06       18.14       18.00       18.10          1087000.00
11/14/2017       17.98       18.16       17.90       18.06          2653400.00
11/13/2017       17.66       17.96       17.60       17.96           750900.00
11/10/2017       17.50       17.52       17.30       17.40           834000.00
11/09/2017       17.40       17.70       17.30       17.40          1101700.00
11/08/2017       17.54       17.68       17.40       17.52           787100.00
11/07/2017       17.28       17.68       17.20       17.54          3612000.00
11/06/2017       17.00       17.40       16.98       17.30          2795000.00
11/03/2017       17.52       17.88       17.00       17.00          4161900.00
11/02/2017       17.98       17.98       17.36       17.60           662500.00
10/30/2017       18.00       18.00       17.60       17.98          3027300.00
10/27/2017       17.90       17.96       17.46       17.96           415500.00
10/26/2017       17.88       18.00       17.30       18.00           705800.00
10/25/2017       17.40       17.90       17.40       17.88           376400.00
10/24/2017       17.76       18.00       17.50       17.96          1003400.00
10/23/2017       17.80       18.00       17.50       17.68           231500.00
10/20/2017       18.08       18.08       17.64       17.78           128000.00
10/19/2017       17.32       18.16       17.12       18.16          1206100.00
10/18/2017       17.50       17.50       17.26       17.32          1264700.00
10/17/2017       17.28       17.60       17.28       17.50          2416600.00
10/13/2017       17.58       17.96       17.32       17.50           934600.00
10/12/2017       17.52       18.20       17.52       17.68           269200.00
10/11/2017       18.50       18.50       17.52       17.52          2397100.00
10/10/2017       18.34       18.50       18.02       18.48          1614800.00
10/09/2017       17.98       18.44       17.96       18.30          5485100.00
10/06/2017       17.84       17.98       17.84       17.94          2240700.00
10/05/2017       17.66       17.96       17.50       17.84          3835800.00
10/04/2017       17.68       17.76       17.54       17.66          1620800.00
10/03/2017       17.60       17.88       17.40       17.70           652600.00
10/02/2017       17.56       17.90       17.30       17.90          1128000.00
09/29/2017       17.24       17.58       17.20       17.58          1115300.00
09/28/2017       17.32       17.46       17.14       17.26          4349400.00
09/27/2017       17.10       18.00       17.06       18.00          1315500.00
09/26/2017       17.26       17.28       17.12       17.14          2850700.00
09/25/2017       17.30       17.36       17.24       17.28          1493600.00
09/22/2017       17.36       17.38       17.28       17.30          2204400.00
09/21/2017       17.26       17.52       17.22       17.26          4124500.00
09/20/2017       17.20       17.30       17.20       17.26          1244600.00
09/19/2017       17.60       17.60       17.24       17.24          5681800.00
09/18/2017       17.30       17.62       17.26       17.48          1618300.00
09/15/2017       17.68       17.68       17.22       17.50          3553800.00
09/14/2017       17.48       17.68       17.22       17.68          2764200.00
09/13/2017       17.30       17.42       17.18       17.40          4911600.00
09/11/2017       17.48       17.50       17.18       17.30          4288100.00
09/08/2017       17.76       17.76       17.48       17.50          2209500.00
09/07/2017       18.00       18.00       17.66       17.80          5024500.00
09/06/2017       18.00       18.00       17.46       18.00           834800.00
09/05/2017       18.00       18.00       17.84       17.98           647300.00
09/04/2017       17.72       18.00       17.72       17.98          3429000.00
08/31/2017       17.50       17.74       17.50       17.72          1127600.00
08/30/2017       17.90       18.04       17.42       18.00          1818200.00
08/29/2017       17.98       18.00       17.38       17.62           976700.00
08/25/2017       17.68       18.00       17.52       17.96          2613900.00
08/24/2017       17.22       17.66       17.18       17.52          3088000.00
08/23/2017       17.20       17.38       17.20       17.24          1546300.00
08/22/2017       17.30       17.70       17.12       17.68           411200.00
08/18/2017       17.38       17.80       17.32       17.34           185600.00
08/17/2017       17.58       18.00       17.38       17.38          2805200.00
08/16/2017       18.10       18.24       17.58       17.58          2742200.00
08/15/2017       17.84       18.04       17.16       18.00          3084800.00
08/14/2017       17.60       17.70       17.56       17.68          2952800.00
08/11/2017       17.42       17.60       17.38       17.50          2238300.00
08/10/2017       17.60       17.80       17.50       17.60          1570900.00
08/09/2017       17.54       17.82       17.54       17.82          1544500.00
08/08/2017       18.00       18.04       17.50       17.50          4315100.00
08/07/2017       18.20       18.50       17.90       18.18           602900.00
08/04/2017       18.20       18.52       18.00       18.22           534200.00
08/03/2017       17.96       18.48       17.96       18.22          1321500.00
08/02/2017       18.00       18.20       17.80       18.00          5898100.00
08/01/2017       17.60       18.14       17.60       17.90          3136800.00
07/31/2017       18.10       18.26       17.60       17.60          7287500.00
07/28/2017       18.30       18.32       18.08       18.10          4309800.00
07/27/2017       18.52       18.90       18.30       18.48          2489900.00
07/26/2017       17.86       18.64       17.86       18.28          8297800.00
07/25/2017       17.20       17.88       17.18       17.70          4087500.00
07/24/2017       17.30       17.50       17.16       17.36           965400.00
07/21/2017       17.50       17.94       17.14       17.48          2300100.00
07/20/2017       17.20       17.60       17.20       17.50         11234800.00
07/19/2017       17.46       17.84       17.16       17.16          1913000.00
07/18/2017       18.10       18.20       17.14       17.14          4715100.00
07/17/2017       18.00       18.50       17.68       18.00          5518600.00
07/14/2017       16.86       18.00       16.80       17.88         18542801.00
07/13/2017       16.08       16.90       16.08       16.64          7015800.00
07/12/2017       15.12       15.58       15.12       15.56          2857200.00
07/11/2017       15.50       15.50       14.90       15.02          2014400.00
07/10/2017       15.50       15.68       15.50       15.54           574600.00
07/07/2017       15.60       15.60       15.46       15.50          4356100.00
07/06/2017       15.30       15.70       15.24       15.64          4190800.00
07/05/2017       15.30       15.48       15.28       15.30          5678000.00
07/04/2017       14.80       15.38       14.80       15.10          5714700.00
07/03/2017       14.90       14.90       14.78       14.78           433600.00
06/30/2017       14.58       14.72       14.56       14.70          1015100.00
06/29/2017       14.66       14.70       14.46       14.46          3852200.00
06/28/2017       14.74       14.88       14.62       14.66          4547400.00
06/27/2017       14.70       14.84       14.68       14.74          2572100.00
06/23/2017       14.70       14.70       14.42       14.48          7159300.00
06/22/2017       14.86       14.90       14.70       14.70          2865200.00
06/21/2017       14.94       15.00       14.86       14.90          3014800.00
06/20/2017       15.22       15.22       14.82       14.94          6535500.00
06/19/2017       15.24       15.32       15.22       15.22          2086400.00
06/16/2017       15.58       15.58       15.20       15.22          2883400.00
06/15/2017       15.60       15.66       15.52       15.58          1315100.00
06/14/2017       15.72       15.78       15.62       15.62          3326700.00
06/13/2017       15.80       16.00       15.80       16.00           742800.00
06/09/2017       16.20       16.20       15.74       16.00           322700.00
06/08/2017       16.08       16.10       15.68       15.72          2875000.00
06/07/2017       15.88       16.00       15.88       15.98          3420400.00
06/06/2017       16.04       16.06       15.88       15.98          3060500.00
06/05/2017       16.06       16.48       15.90       16.10           662400.00
06/02/2017       16.00       16.20       16.00       16.06           879100.00
06/01/2017       15.98       16.20       15.90       16.00           349300.00
05/31/2017       16.00       16.26       16.00       16.00          1012800.00
05/30/2017       16.10       16.10       15.98       16.00          2908100.00
05/29/2017       16.30       16.30       16.02       16.02           362400.00
05/26/2017       16.78       16.78       16.20       16.22          1875400.00
05/25/2017       16.00       16.80       15.96       16.80          2176400.00
05/24/2017       15.84       16.00       15.82       16.00          1427200.00
05/23/2017       15.90       16.00       15.82       15.98          2494600.00
05/22/2017       16.26       16.26       15.90       15.96          2289100.00
05/19/2017       16.10       16.38       15.66       16.24          8562400.00
05/18/2017       16.50       16.50       16.30       16.38           771900.00
05/17/2017       16.62       16.62       16.50       16.50          2260100.00
05/16/2017       16.52       16.66       16.50       16.62          1049900.00
05/15/2017       16.40       16.42       16.30       16.42           233000.00
05/12/2017       16.64       16.78       16.38       16.40          4547500.00
05/11/2017       16.66       16.80       16.58       16.58          7163200.00
05/10/2017       16.64       16.92       16.62       16.70          4301200.00
05/09/2017       16.72       16.98       16.70       16.74          2314100.00
05/08/2017       16.76       16.76       16.64       16.70          2119200.00
05/05/2017       16.40       16.84       16.36       16.70          3725900.00
05/04/2017       16.34       16.36       16.04       16.30          1307000.00
05/03/2017       16.26       16.54       16.02       16.02          2878000.00
05/02/2017       15.96       16.28       15.96       16.26          4089400.00
04/27/2017       15.96       16.00       15.88       15.96          1649500.00
04/26/2017       16.10       16.12       15.88       15.96          2414300.00
04/25/2017       15.90       16.20       15.88       16.00          3514300.00
04/24/2017       16.00       16.00       15.88       15.94          2765900.00
04/21/2017       15.78       15.98       15.78       15.90           506200.00
04/20/2017       15.80       15.80       15.40       15.76          1420500.00
04/19/2017       15.58       15.78       15.48       15.78          3336100.00
04/18/2017       15.04       15.50       15.04       15.40          2364600.00
04/17/2017       15.50       15.50       15.02       15.02          2749700.00
04/12/2017       15.50       15.64       15.46       15.50           675600.00
04/11/2017       15.70       15.70       15.48       15.60          3298900.00
04/10/2017       15.50       15.80       15.32       15.60          7494600.00
04/07/2017       15.66       15.68       15.50       15.50          1522800.00
04/06/2017       15.98       15.98       15.60       15.66          1411300.00
04/05/2017       16.00       16.10       15.90       16.00          6902600.00
04/04/2017       15.78       16.10       15.78       15.98          4076500.00
04/03/2017       15.94       15.94       15.78       15.78          4904100.00
03/31/2017       16.08       16.20       15.92       16.02          1569000.00
03/30/2017       16.00       16.30       16.00       16.08          6682900.00
03/29/2017       16.36       17.00       16.10       16.10         11702700.00
03/28/2017       15.68       16.40       15.66       16.40         13312800.00
03/27/2017       15.40       15.80       15.22       15.64          6258200.00
03/24/2017       14.90       15.42       14.90       15.42          9494800.00
03/23/2017       15.00       15.00       14.88       14.92          4143800.00
03/22/2017       14.90       15.10       14.86       14.98          2655400.00
03/21/2017       15.08       15.08       14.88       14.90          7911100.00
03/20/2017       15.00       15.28       15.00       15.08          5206700.00
03/17/2017       14.88       15.00       14.88       15.00          4955600.00
03/16/2017       14.76       15.34       14.76       14.88          2426100.00
03/15/2017       14.60       15.40       14.38       14.76          5340800.00
03/14/2017       14.30       14.44       14.30       14.38           845400.00
03/13/2017       14.24       14.32       14.24       14.30          4007800.00
03/10/2017       14.52       14.52       13.96       14.24          7687400.00
03/09/2017       14.70       15.00       14.60       14.70          9143600.00
03/08/2017       14.50       14.74       14.50       14.68         10535800.00
03/07/2017       14.96       14.96       13.90       14.50         17024400.00
03/06/2017       15.36       15.48       15.10       15.10          2026800.00
03/03/2017       14.96       15.34       14.68       15.28          8639700.00
03/02/2017       14.88       15.00       14.82       14.96          4007800.00
03/01/2017       14.88       14.88       14.68       14.82          3791000.00
02/28/2017       14.88       14.94       14.50       14.88          3715900.00
02/27/2017       14.90       15.06       14.68       14.88          1423900.00
02/24/2017       14.44       15.00       14.42       15.00          6415000.00
02/23/2017       14.70       14.70       14.38       14.50           913400.00
02/22/2017       14.32       14.70       14.32       14.70          2111800.00
02/21/2017       14.42       14.58       14.42       14.54           962100.00
02/20/2017       14.02       14.46       14.00       14.44          2265400.00
02/17/2017       14.14       14.22       13.96       14.00          3407900.00
02/16/2017       14.70       14.72       14.14       14.14          4764800.00
02/15/2017       14.58       14.90       14.50       14.70         13246700.00
02/14/2017       13.92       14.72       13.92       14.60         19255801.00
02/13/2017       13.80       13.90       13.80       13.86          2265400.00
02/10/2017       13.86       13.86       13.66       13.78           838400.00
02/09/2017       13.58       13.90       13.58       13.86          9019000.00
02/08/2017       13.16       13.62       13.04       13.58          6951900.00
02/07/2017       13.20       13.26       13.16       13.20          3458700.00
02/06/2017       12.94       13.30       12.94       13.22          4017200.00
02/03/2017       12.84       12.90       12.72       12.90          3153400.00
02/02/2017       13.02       13.08       12.84       12.96           932400.00
02/01/2017       13.10       13.10       13.02       13.04           690600.00
01/31/2017       13.20       13.24       13.04       13.10          5556600.00
01/30/2017       13.28       13.36       13.02       13.14          3504100.00
01/27/2017       12.72       13.32       12.70       13.26         21747400.00
01/26/2017       12.42       12.82       12.42       12.68         18003600.00
01/25/2017       12.36       12.74       12.36       12.40         18026301.00
01/24/2017       12.30       12.32       12.20       12.26         19771699.00
01/23/2017       12.28       12.28       12.14       12.18          5887400.00
01/20/2017       12.40       12.40       12.00       12.12          3978200.00
01/19/2017       12.06       12.40       12.06       12.36          3751900.00
01/18/2017       12.10       12.20       12.06       12.06          1783800.00
01/17/2017       12.24       12.40       12.08       12.08          4250400.00
01/16/2017       12.40       12.44       12.10       12.20          6465300.00
01/13/2017       12.54       12.74       12.20       12.20          7585100.00
01/12/2017       12.76       12.76       12.54       12.54          4125900.00
01/11/2017       12.90       12.94       12.72       12.72          5005900.00
01/10/2017       13.00       13.00       12.72       12.80          4852300.00
01/09/2017       13.20       13.20       12.82       12.88          3296300.00
01/06/2017       13.06       13.28       13.06       13.20          2479200.00
01/05/2017       12.90       13.14       12.90       13.04          2712100.00
01/04/2017       12.70       12.92       12.70       12.86           581000.00
01/03/2017       12.90       12.90       12.56       12.80          2085000.00
12/29/2016       12.70       12.88       12.56       12.56          3057800.00
12/28/2016       12.80       12.94       12.70       12.70          3387400.00
12/27/2016       12.50       12.86       12.50       12.80           763200.00
12/23/2016       12.96       12.96       12.52       12.80           238800.00
12/22/2016       13.00       13.00       12.72       12.96           474300.00
12/21/2016       12.76       13.00       12.76       12.96          6763800.00
12/20/2016       13.00       13.00       12.48       13.00          3582400.00
12/19/2016       13.10       13.10       12.74       13.00          3750800.00
12/16/2016       13.22       13.36       12.70       12.70          7334900.00
12/15/2016       13.30       13.38       13.06       13.20          6157300.00
12/14/2016       13.08       13.48       12.80       13.40          5799900.00
12/13/2016       13.00       13.00       12.78       13.00          1445100.00
12/12/2016       13.32       13.32       12.92       13.00          1987500.00
12/09/2016       13.26       13.36       13.22       13.32          2028800.00
12/08/2016       12.92       13.30       12.92       13.28          1183400.00
12/07/2016       12.90       13.12       12.90       12.90          5065100.00
12/06/2016       13.16       13.16       12.84       12.90         15453800.00
12/05/2016       13.20       13.20       12.80       13.16          6693500.00
12/02/2016       13.30       13.30       12.94       12.94         12961200.00
12/01/2016       13.36       13.40       13.12       13.20          3801500.00
11/29/2016       13.38       13.40       13.06       13.10          5179200.00
11/28/2016       13.60       13.64       13.00       13.10          5110400.00
11/25/2016       13.68       14.34       13.64       13.64          1175600.00
11/24/2016       13.52       14.92       13.50       14.92          2120200.00
11/23/2016       13.80       14.00       13.50       13.60          3710000.00
11/22/2016       13.90       14.12       13.88       14.04           279200.00
11/21/2016       14.00       14.00       13.90       14.00           545200.00
11/18/2016       14.30       14.30       13.96       14.00          1966800.00
11/17/2016       14.26       14.56       14.12       14.30          3917700.00
11/16/2016       14.20       14.20       13.72       14.00          2451400.00
11/15/2016       14.26       14.26       13.66       13.78          2457000.00
11/14/2016       14.36       14.40       14.16       14.26          5479800.00
11/11/2016       14.60       14.60       14.40       14.52          1300500.00
11/10/2016       14.46       14.60       14.46       14.60           594500.00
11/09/2016       14.60       14.60       14.34       14.50          1585100.00
11/08/2016       14.60       14.66       14.60       14.60          1966800.00
11/07/2016       14.52       14.52       14.48       14.50          6206900.00
11/04/2016       14.10       14.48       14.10       14.48          4346700.00
11/03/2016       14.18       14.40       14.16       14.24          3592700.00
11/02/2016       14.32       14.52       13.90       14.52          2315800.00
10/28/2016       14.70       14.70       14.38       14.44          4109300.00
10/27/2016       14.60       14.70       14.46       14.70          2625700.00
10/26/2016       15.18       15.18       14.52       14.52          2408200.00
10/25/2016       15.18       15.20       15.14       15.20          2185100.00
10/24/2016       15.20       15.20       15.06       15.16          1574100.00
10/21/2016       15.34       15.50       15.02       15.50          1958300.00
10/20/2016       15.82       15.82       15.10       15.28          1299600.00
10/19/2016       15.80       15.92       15.62       15.84          7456200.00
10/18/2016       15.60       15.70       15.46       15.70         11374000.00
10/17/2016       15.10       15.64       15.00       15.62          8737400.00
10/14/2016       14.16       15.06       14.14       15.06         11582700.00
10/13/2016       14.00       14.26       13.84       14.16          4687900.00
10/12/2016       14.20       14.30       13.98       14.06          4236900.00
10/11/2016       14.28       14.28       14.02       14.20         19182199.00
10/10/2016       14.18       14.26       14.00       14.26          5493000.00
10/07/2016       14.56       14.64       14.40       14.46         10980300.00
10/06/2016       14.50       14.66       14.40       14.52          7401900.00
10/05/2016       14.80       14.80       14.26       14.50          4775400.00
10/04/2016       15.26       15.30       14.80       14.80          4013700.00
10/03/2016       15.74       15.74       15.28       15.30          5228900.00
09/30/2016       15.88       15.88       15.30       15.30          5741900.00
09/29/2016       15.90       15.90       15.80       15.84          2474400.00
09/28/2016       15.98       16.00       15.80       15.90          4128900.00
09/27/2016       15.80       16.10       15.78       15.98         13380100.00
09/26/2016       16.36       16.44       15.88       15.88          4678400.00
09/23/2016       16.42       16.70       16.30       16.36          3035300.00
09/22/2016       16.64       16.72       16.40       16.40          7496100.00
09/21/2016       16.62       16.70       16.60       16.62         14184200.00
09/20/2016       16.88       16.88       16.58       16.62          2754800.00
09/19/2016       16.70       16.84       16.50       16.68          2851800.00
09/16/2016       16.96       16.96       16.82       16.84          5220300.00
09/15/2016       16.70       16.96       16.70       16.96          2271800.00
09/14/2016       16.70       16.82       16.70       16.72          2130900.00
09/13/2016       16.74       17.20       16.70       16.88          1882000.00
09/09/2016       17.00       17.04       16.60       16.74          3144500.00
09/08/2016       17.00       17.06       16.98       17.04          6316500.00
09/07/2016       16.80       17.12       16.80       17.08         10959000.00
09/06/2016       17.30       17.30       16.90       17.00          4925300.00
09/05/2016       17.30       17.30       17.10       17.30          1658100.00
09/02/2016       17.00       17.52       16.50       17.30          2489200.00
09/01/2016       17.10       17.50       16.98       17.20          7352100.00
08/31/2016       16.50       17.22       16.40       17.00         13441700.00
08/30/2016       16.88       16.88       16.18       16.50          4275900.00
08/26/2016       16.60       16.88       16.42       16.88         10731000.00
08/25/2016       16.42       17.00       16.42       16.60          2084200.00
08/24/2016       17.18       17.18       16.50       16.78          8202800.00
08/23/2016       17.48       17.48       16.92       17.18          7753200.00
08/22/2016       17.50       17.50       17.10       17.48          2712300.00
08/19/2016       17.70       17.98       17.38       17.38          4008000.00
08/18/2016       16.98       17.90       16.78       17.70          8502800.00
08/17/2016       17.50       17.54       16.82       16.98          3164700.00
08/16/2016       16.86       17.60       16.86       17.50         15348400.00
08/15/2016       16.04       16.84       15.98       16.80         21938600.00
08/12/2016       16.06       16.06       15.96       16.02          7602900.00
08/11/2016       16.04       16.04       15.86       16.02          8344900.00
08/10/2016       16.00       16.16       16.00       16.00          3819000.00
08/09/2016       15.98       16.00       15.92       16.00          2747500.00
08/08/2016       15.86       15.98       15.86       15.98          1503100.00
08/05/2016       15.88       15.96       15.86       15.94          5805500.00
08/04/2016       15.90       15.98       15.84       15.98          2060700.00
08/03/2016       15.94       15.94       15.84       15.86          2241100.00
08/02/2016       15.90       16.00       15.86       15.94         28761500.00
08/01/2016       15.90       15.98       15.74       15.90          5437600.00
07/29/2016       15.80       15.80       15.60       15.60           206200.00
07/28/2016       15.86       15.88       15.50       15.80          7158700.00
07/27/2016       16.00       16.00       15.86       15.90         13463700.00
07/26/2016       15.84       16.00       15.80       16.00          2818700.00
07/25/2016       15.86       15.92       15.82       15.84          2491800.00
07/22/2016       15.88       15.98       15.84       15.84          3327300.00
07/21/2016       16.00       16.00       15.88       15.88          1655800.00
07/20/2016       15.86       15.98       15.84       15.98         11421600.00
07/19/2016       15.98       16.00       15.90       15.94          7968000.00
07/18/2016       15.98       15.98       15.82       15.98          2561800.00
07/15/2016       16.00       16.00       15.82       15.84         25645100.00
07/14/2016       16.00       16.00       15.86       16.00          3740400.00
07/13/2016       16.00       16.06       15.98       16.00         14473500.00
07/12/2016       16.00       16.06       15.88       16.00          4198100.00
07/11/2016       15.98       16.10       15.96       15.96          4652700.00
07/08/2016       15.96       16.00       15.86       15.98          7104300.00
07/07/2016       15.96       15.96       15.76       15.96          1492400.00
07/05/2016       15.86       15.96       15.76       15.96          5197000.00
07/04/2016       15.20       15.86       15.20       15.86           237800.00
07/01/2016       15.92       15.98       15.82       15.88          2251000.00
06/30/2016       15.90       15.96       15.50       15.92          6574300.00
06/29/2016       15.78       15.90       15.68       15.90          5870700.00
06/28/2016       15.50       15.76       15.50       15.60          2121200.00
06/27/2016       15.50       16.00       15.50       16.00          1552300.00
06/24/2016       16.00       16.00       15.00       15.88          1626800.00
06/23/2016       15.78       16.10       15.70       16.00          8743700.00
06/22/2016       15.70       15.90       15.64       15.78          1241200.00
06/21/2016       15.52       15.66       15.50       15.62          3654700.00
06/20/2016       15.50       15.68       15.50       15.56          2418700.00
06/17/2016       15.00       15.50       14.92       15.50          2941100.00
06/16/2016       15.00       15.02       14.94       15.00          3791400.00
06/15/2016       15.00       15.20       14.96       15.00           978900.00
06/14/2016       15.38       15.38       15.00       15.00          3476200.00
06/13/2016       15.80       15.80       15.38       15.40          3532600.00
06/10/2016       15.60       15.80       15.54       15.56          1888500.00
06/09/2016       15.88       15.88       15.50       15.50          3215100.00
06/08/2016       16.00       16.00       15.90       15.92          3188700.00
06/07/2016       15.98       16.22       15.52       15.90          8594500.00
06/06/2016       15.52       16.00       15.52       15.90          5199900.00
06/03/2016       14.72       15.70       14.70       15.50         19467900.00
06/02/2016       14.56       14.98       14.48       14.96          2939000.00
06/01/2016       14.50       14.54       14.36       14.54          2300800.00
05/31/2016       14.28       14.42       14.26       14.36          1270500.00
05/30/2016       14.10       14.24       13.90       14.20          1712200.00
05/27/2016       14.50       14.50       13.90       14.06          1891000.00
05/26/2016       14.58       14.60       14.10       14.32          8453900.00
05/25/2016       14.00       14.50       14.00       14.40          8158100.00
05/24/2016       13.96       14.00       13.90       14.00           763500.00
05/23/2016       13.90       13.94       13.86       13.90          1012400.00
05/20/2016       13.70       13.90       13.68       13.90          2909700.00
05/19/2016       13.86       13.86       13.68       13.70          2152500.00
05/18/2016       13.90       13.92       13.62       13.86          4318300.00
05/17/2016       13.88       14.08       13.86       13.90          5098700.00
05/16/2016       13.50       13.88       13.50       13.84          5067800.00
05/13/2016       13.60       13.86       13.52       13.52         12805600.00
05/12/2016       13.90       13.98       13.18       13.36         10558700.00
05/11/2016       14.44       14.52       13.78       13.82         12001500.00
05/10/2016       14.48       14.50       14.36       14.40          4007000.00
05/06/2016       14.40       14.60       14.38       14.40          1110700.00
05/05/2016       14.50       14.50       14.40       14.40          1749500.00
05/04/2016       14.76       14.76       14.44       14.50          3451800.00
05/03/2016       15.00       15.00       14.62       14.74          4283800.00
05/02/2016       15.40       15.40       14.94       15.00          3395000.00
04/29/2016       15.24       15.40       15.16       15.40          2215200.00
04/28/2016       15.28       15.46       15.20       15.30          2491300.00
04/27/2016       15.22       15.42       15.20       15.28          2061700.00
04/26/2016       15.46       15.46       15.38       15.44          1024800.00
04/25/2016       15.60       15.60       15.40       15.46          3222300.00
04/22/2016       15.70       15.70       15.62       15.68          3567300.00
04/21/2016       15.80       15.80       15.68       15.70          2443300.00
04/20/2016       15.76       15.90       15.76       15.82          2129400.00
04/19/2016       15.70       15.80       15.70       15.76           693500.00
04/18/2016       15.82       15.90       15.72       15.72          1918300.00
04/15/2016       15.94       15.94       15.82       15.82           611100.00
04/14/2016       15.80       16.20       15.80       15.92          7276600.00
04/13/2016       15.88       15.94       15.76       15.78          2912800.00
04/12/2016       15.76       16.00       15.76       15.86          2083300.00
04/11/2016       15.70       16.00       15.70       15.86          1526900.00
04/08/2016       15.70       15.90       15.70       15.90          6052900.00
04/07/2016       15.64       15.84       15.64       15.70          4722300.00
04/06/2016       15.78       15.78       15.64       15.64          3326500.00
04/05/2016       15.76       15.80       15.66       15.76           594500.00
04/04/2016       15.66       15.94       15.62       15.70          2011100.00
04/01/2016       15.62       15.90       15.62       15.62          2539200.00
03/31/2016       15.90       16.12       15.60       15.60          2477900.00
03/30/2016       15.70       15.94       15.68       15.90           815200.00
03/29/2016       15.70       15.70       15.64       15.64          2025000.00
03/28/2016       15.80       15.80       15.70       15.70          1117100.00
03/23/2016       15.70       15.80       15.68       15.76           583100.00
03/22/2016       15.94       15.94       15.78       15.80         17404600.00
03/21/2016       15.80       16.08       15.80       15.90          2830700.00
03/18/2016       15.70       16.04       15.70       15.80          4269300.00
03/17/2016       15.80       15.82       15.48       15.70          3039100.00
03/16/2016       15.90       16.00       15.48       15.48          3619500.00
03/15/2016       15.80       16.12       15.74       15.74          2245900.00
03/14/2016       16.00       16.28       15.70       15.70          3374300.00
03/11/2016       16.10       16.12       15.92       15.92          1801300.00
03/10/2016       15.48       16.26       15.48       15.94          4999700.00
03/09/2016       15.60       15.78       15.38       15.48          3482900.00
03/08/2016       15.90       15.90       15.52       15.58          4296600.00
03/07/2016       16.00       16.10       15.90       15.90           607300.00
03/04/2016       16.04       16.04       15.92       16.00          1452100.00
03/03/2016       16.00       16.02       15.90       15.94          1919900.00
03/02/2016       15.92       16.04       15.92       16.00          3460200.00
03/01/2016       16.06       16.06       16.00       16.02           756400.00
02/29/2016       16.06       16.16       15.92       16.10          3028800.00
02/26/2016       16.02       16.10       16.02       16.10           538500.00
02/24/2016       16.12       16.12       16.04       16.06          1442100.00
02/23/2016       16.30       16.50       16.18       16.20          1943900.00
02/22/2016       16.28       16.36       16.16       16.26           938000.00
02/19/2016       16.50       16.50       16.18       16.30          1751500.00
02/18/2016       16.18       16.50       16.18       16.46          5242900.00
02/17/2016       16.20       16.30       16.14       16.18          1838700.00
02/16/2016       16.28       16.28       16.14       16.18          1932600.00
02/15/2016       16.40       16.40       16.16       16.20          6502800.00
02/12/2016       16.60       16.60       16.18       16.40          1687300.00
02/11/2016       16.06       16.78       16.06       16.60          6989700.00
02/10/2016       15.68       16.70       15.68       16.40          5820800.00
02/09/2016       16.30       16.38       15.62       16.06           578800.00
02/05/2016       15.50       16.54       15.50       16.32          8160200.00
02/04/2016       15.24       15.98       15.20       15.70         16028100.00
02/03/2016       15.90       15.90       15.10       15.20          7896800.00
02/02/2016       15.90       15.98       15.76       15.88          1839500.00
02/01/2016       16.00       16.10       15.90       16.00          5794400.00
01/29/2016       16.00       16.20       15.50       15.90          6914900.00
01/28/2016       16.14       16.20       15.92       16.00         16781801.00
01/27/2016       15.24       16.10       15.24       16.10         12905000.00
01/26/2016       14.50       15.42       14.34       15.24          3465600.00
01/25/2016       14.62       15.00       14.50       15.00          2178900.00
01/22/2016       14.30       14.90       14.30       14.62          1581100.00
01/21/2016       14.94       14.94       14.20       14.30          1806300.00
01/20/2016       15.00       15.18       14.70       14.94          5985800.00
01/19/2016       14.40       15.00       14.26       14.94          2326300.00
01/18/2016       13.74       14.40       13.74       14.40          1355400.00
01/15/2016       14.04       14.20       14.04       14.10           963400.00
01/14/2016       14.08       14.08       13.90       14.04          1645200.00
01/13/2016       13.80       14.16       13.80       14.00          2346000.00
01/12/2016       13.70       14.00       13.70       13.72          2462100.00
01/11/2016       14.50       14.50       13.74       13.74          1309200.00
01/08/2016       14.50       14.68       14.50       14.60          1136500.00
01/07/2016       14.74       14.86       14.68       14.68          1785300.00
01/06/2016       14.80       14.92       14.60       14.90          3859400.00
01/05/2016       14.30       14.90       14.30       14.84          1965800.00
01/04/2016       14.48       14.80       14.34       14.52           490700.00
12/29/2015       14.42       15.00       14.42       14.78          1606900.00
12/28/2015       14.96       15.00       14.80       14.98          1735300.00
12/23/2015       14.60       15.04       14.60       15.00          7662900.00
12/22/2015       14.40       14.62       14.40       14.60          2774600.00
12/21/2015       14.50       14.50       14.28       14.40          1004700.00
12/18/2015       14.40       14.42       14.26       14.40          1875800.00
12/17/2015       14.40       14.50       14.20       14.40           551300.00
12/16/2015       13.90       14.46       13.52       14.40          3839800.00
12/15/2015       13.98       14.00       13.76       13.90           508600.00
12/14/2015       13.70       13.92       13.04       13.90          1474700.00
12/11/2015       14.28       14.28       13.80       13.80          1064600.00
12/10/2015       14.30       14.68       14.20       14.26           316100.00
12/09/2015       14.60       14.62       14.20       14.36          1409200.00
12/08/2015       14.72       14.72       14.40       14.68           278200.00
12/07/2015       14.80       14.82       14.78       14.80           492700.00
12/04/2015       15.00       15.00       14.84       14.88          4383700.00
12/03/2015       14.90       15.12       14.90       14.90          5307600.00
12/02/2015       15.20       15.22       15.00       15.00          3377400.00
12/01/2015       14.90       15.24       14.90       15.10          8285000.00
11/27/2015       14.90       14.96       14.60       14.90          2397500.00
11/26/2015       14.72       15.04       14.52       14.80          7941500.00
11/25/2015       14.46       14.72       14.10       14.66          4495800.00
11/24/2015       14.02       14.50       14.02       14.46          2712100.00
11/23/2015       14.00       14.20       13.94       14.20          3057000.00
11/20/2015       14.20       14.20       13.92       13.98          3477900.00
11/17/2015       13.64       14.40       13.64       13.90          6519500.00
11/16/2015       14.00       14.00       13.60       13.70           578600.00
11/13/2015       13.84       14.00       13.60       13.88         17030100.00
11/12/2015       14.08       14.08       13.80       13.88          8097100.00
11/11/2015       12.60       14.24       12.60       13.88         84419602.00
11/10/2015       12.10       12.40       12.00       12.40          2179000.00
11/09/2015       12.48       12.48       12.06       12.40          2479600.00
11/06/2015       12.32       12.42       12.20       12.20          2789300.00
11/05/2015       12.42       12.50       12.08       12.18          4007400.00
11/04/2015       12.50       12.50       12.32       12.42          2819400.00
11/03/2015       12.60       12.60       12.40       12.48          3503700.00
11/02/2015       12.50       12.50       12.40       12.50          1229600.00
10/30/2015       12.66       12.68       12.44       12.50          4871000.00
10/29/2015       12.50       12.70       12.48       12.50          6187300.00
10/28/2015       12.70       12.70       12.48       12.50          1369800.00
10/27/2015       12.10       12.78       12.10       12.70          6319300.00
10/26/2015       12.50       12.50       12.10       12.10          3596300.00
10/23/2015       12.36       12.44       12.30       12.34          3669200.00
10/22/2015       12.18       12.48       12.10       12.28          1524400.00
10/21/2015       11.98       12.36       11.78       12.18          2473900.00
10/20/2015       11.62       12.10       11.62       11.98         16724900.00
10/19/2015       11.32       11.70       11.32       11.60         41716500.00
10/16/2015       11.14       11.40       11.14       11.32          3470500.00
10/15/2015       11.14       11.54       11.10       11.14          4233800.00
10/14/2015       11.24       11.52       11.10       11.14           962100.00
10/13/2015       11.46       11.46       11.24       11.30          1115700.00
10/12/2015       11.60       11.60       11.32       11.46          4550600.00
10/09/2015       11.94       11.98       11.52       11.58          3253800.00
10/08/2015       11.50       11.90       11.22       11.78         14383200.00
10/07/2015       11.10       11.70       11.10       11.50         11341800.00
10/06/2015       10.44       11.12       10.44       11.00          8071600.00
10/05/2015        9.89       10.48        9.89       10.28         26857100.00
10/02/2015       10.16       10.16        9.79        9.89         12174600.00
10/01/2015       10.50       10.50       10.12       10.16          8483300.00
09/30/2015       10.44       10.46       10.00       10.08          3446600.00
09/29/2015       10.90       11.00       10.40       10.42          6302300.00
09/28/2015       11.60       11.60       10.78       10.86          5500300.00
09/24/2015       11.74       11.74       11.50       11.60          1956300.00
09/23/2015       11.86       12.04       11.58       11.70          5968500.00
09/22/2015       12.28       12.36       11.84       11.86         10922900.00
09/21/2015       12.36       12.36       12.22       12.28          2017300.00
09/18/2015       12.50       12.60       12.36       12.36          2474900.00
09/17/2015       12.56       12.62       12.32       12.38          2303300.00
09/16/2015       12.60       12.84       12.58       12.62          1471900.00
09/15/2015       12.42       12.70       12.42       12.50          6461400.00
09/14/2015       12.50       12.52       12.42       12.46          2025400.00
09/11/2015       12.42       12.56       12.40       12.50          2486100.00
09/10/2015       12.50       12.56       12.46       12.50          1987200.00
09/09/2015       12.32       12.78       12.32       12.50         22378600.00
09/08/2015       12.68       12.68       12.26       12.28         14765900.00
09/07/2015       12.78       12.78       12.60       12.68         12773300.00
09/04/2015       12.84       12.90       12.64       12.72          4032900.00
09/03/2015       12.94       13.18       12.80       12.96          3653200.00
09/02/2015       12.60       12.96       12.40       12.80          2239700.00
09/01/2015       12.98       13.20       12.62       12.66          5259900.00
08/28/2015       13.20       13.20       13.00       13.00          4887600.00
08/27/2015       12.74       13.30       12.70       13.00         12505700.00
08/26/2015       12.70       13.04       12.40       12.66         71780602.00
08/25/2015       12.60       12.68       12.00       12.40          2602300.00
08/24/2015       13.20       13.20       12.54       12.70          7696200.00
08/20/2015       14.04       14.04       13.52       13.72          3959900.00
08/19/2015       14.42       14.42       14.08       14.16          2342100.00
08/18/2015       14.58       14.58       14.32       14.44          1185300.00
08/17/2015       15.00       15.04       14.50       14.60          1105500.00
08/14/2015       15.10       15.10       14.80       15.00          3936300.00
08/13/2015       14.80       15.12       14.78       15.12           333200.00
08/12/2015       15.08       15.08       14.74       15.00          2906300.00
08/11/2015       14.80       15.20       14.76       15.00          3864400.00
08/10/2015       15.00       15.10       14.76       14.88          3115600.00
08/07/2015       15.54       15.54       14.96       15.16          4956300.00
08/06/2015       15.60       15.96       15.40       15.48          3563900.00
08/05/2015       15.18       15.90       15.18       15.60         11558300.00
08/04/2015       15.08       15.20       15.04       15.14          8613900.00
08/03/2015       14.82       15.10       14.78       15.00          4262200.00
07/31/2015       14.82       15.22       14.82       14.86          6533900.00
07/30/2015       14.80       15.00       14.80       14.82          1416600.00
07/29/2015       14.92       15.02       14.70       14.80          2568100.00
07/28/2015       15.02       15.04       14.76       15.00          2964300.00
07/27/2015       14.98       15.50       14.70       15.26          3840400.00
07/24/2015       15.00       15.00       14.64       14.98          4287000.00
07/23/2015       14.60       15.10       14.60       14.98          3347800.00
07/22/2015       14.00       14.92       14.00       14.68         12674600.00
07/21/2015       13.38       14.46       13.20       14.26          8742400.00
07/20/2015       13.40       13.40       13.10       13.28          3370000.00
07/16/2015       12.82       13.38       12.80       13.34          1765400.00
07/15/2015       12.74       12.80       12.70       12.80          3620400.00
07/14/2015       12.66       12.96       12.66       12.74          4281100.00
07/13/2015       12.60       12.62       12.56       12.56          1971500.00
07/10/2015       12.80       12.84       12.58       12.64          2478400.00
07/09/2015       12.64       12.80       12.48       12.80          2812400.00
07/08/2015       12.98       12.98       12.62       12.64          4771300.00
07/07/2015       13.76       13.76       13.00       13.00          1803800.00
07/06/2015       13.52       13.52       13.14       13.16          3638600.00
07/03/2015       13.58       13.80       13.58       13.62           724400.00
07/02/2015       13.60       13.98       13.60       13.64          3072700.00
07/01/2015       13.98       13.98       13.80       13.80           756400.00
06/30/2015       13.68       14.00       13.68       13.92          1849500.00
06/29/2015       13.60       14.02       13.60       13.98          6402100.00
06/26/2015       14.28       14.30       13.50       13.50          2757500.00
06/25/2015       14.30       14.34       14.20       14.28           982800.00
06/24/2015       14.36       14.48       14.26       14.36          9773200.00
06/23/2015       14.36       14.40       14.28       14.36          2047600.00
06/22/2015       13.74       14.34       13.74       14.34          3184700.00
06/19/2015       13.92       14.00       13.86       13.92          1401100.00
06/18/2015       13.68       13.90       13.68       13.86          2196400.00
06/17/2015       13.64       13.70       13.50       13.68           539700.00
06/16/2015       13.58       13.70       13.38       13.46          2437400.00
06/15/2015       13.30       13.68       13.30       13.58          4822600.00
06/11/2015       13.50       13.52       13.20       13.30           912700.00
06/10/2015       13.54       13.54       13.22       13.30          6598300.00
06/09/2015       13.54       13.54       13.20       13.28          2300600.00
06/08/2015       13.56       13.62       13.50       13.54          1391600.00
06/05/2015       13.62       13.62       13.50       13.54          1791900.00
06/04/2015       13.72       13.78       13.58       13.64          1745600.00
06/03/2015       13.88       13.88       13.74       13.78           972900.00
06/02/2015       14.00       14.00       13.80       13.84          2378300.00
06/01/2015       13.96       13.98       13.84       13.90          3236900.00
05/29/2015       13.60       14.10       13.60       13.96          6437800.00
05/28/2015       13.68       13.70       13.40       13.64          3302400.00
05/27/2015       14.00       14.00       13.64       13.68          3801300.00
05/26/2015       14.20       14.20       13.70       13.72          4663000.00
05/25/2015       14.38       14.38       14.16       14.20           795800.00
05/22/2015       14.44       14.44       14.20       14.38           414200.00
05/21/2015       14.46       14.80       14.18       14.44          1997600.00
05/20/2015       14.98       14.98       14.46       14.48          4070200.00
05/19/2015       15.02       15.36       14.70       14.74          8304700.00
05/18/2015       15.50       15.50       15.06       15.06          3060700.00
05/15/2015       15.22       15.76       15.20       15.50          4985000.00
05/14/2015       15.24       15.28       15.16       15.26          2715500.00
05/13/2015       15.26       15.26       15.14       15.18          1431200.00
05/12/2015       15.28       15.30       15.04       15.26          4166400.00
05/11/2015       15.02       15.46       15.00       15.04          7509700.00
05/08/2015       15.50       15.50       15.18       15.50           579700.00
05/07/2015       15.50       15.66       14.90       15.54          4198300.00
05/06/2015       15.02       15.70       15.00       15.54          9529400.00
05/05/2015       14.70       15.14       14.70       15.00          8037700.00
05/04/2015       14.90       15.00       14.48       14.64          3832500.00
04/30/2015       15.18       15.18       14.88       14.90          3710700.00
04/29/2015       15.30       15.38       15.18       15.18           846600.00
04/28/2015       15.32       15.32       15.20       15.26          1723500.00
04/27/2015       15.24       15.36       15.22       15.32         11377300.00
04/24/2015       15.28       15.40       15.24       15.28          7486300.00
04/23/2015       14.88       15.40       14.88       15.28          4555800.00
04/22/2015       14.98       15.12       14.88       14.96          7117900.00
04/21/2015       15.70       15.76       14.94       14.98          7844100.00
04/20/2015       16.18       16.18       15.60       15.70          1902700.00
04/17/2015       15.88       16.34       15.88       16.08          8304900.00
04/16/2015       16.18       16.18       15.60       15.86          9058900.00
04/15/2015       16.64       16.64       16.00       16.18          2092300.00
04/14/2015       16.50       16.60       16.00       16.60          6540500.00
04/13/2015       16.60       16.60       16.48       16.54          3340300.00
04/10/2015       16.78       16.78       16.60       16.68          2309200.00
04/08/2015       16.84       16.98       16.64       16.78          3384600.00
04/07/2015       16.48       16.88       16.48       16.84          4937500.00
04/06/2015       16.32       16.38       16.30       16.38          1095200.00
04/01/2015       16.30       16.48       16.22       16.32          1341600.00
03/31/2015       16.30       16.34       16.30       16.30          3202800.00
03/30/2015       16.60       16.60       16.30       16.30          2964000.00
03/27/2015       16.40       16.78       16.36       16.54          3593600.00
03/26/2015       16.50       16.92       16.12       16.38         12148600.00
03/25/2015       15.72       16.52       15.72       16.44          8100100.00
03/24/2015       15.52       15.74       15.52       15.72           831600.00
03/23/2015       15.90       15.90       15.34       15.74          4792100.00
03/20/2015       15.94       16.00       15.78       16.00          3174100.00
03/19/2015       15.92       15.92       15.78       15.82           792000.00
03/18/2015       15.92       15.96       15.84       15.92          4735200.00
03/17/2015       15.88       15.96       15.76       15.92          2194000.00
03/16/2015       16.00       16.06       15.86       15.88          3325300.00
03/13/2015       16.16       16.42       16.00       16.00          2519700.00
03/12/2015       16.10       16.14       16.00       16.10          1813600.00
03/11/2015       16.00       16.20       16.00       16.02          1639400.00
03/10/2015       16.18       16.20       16.00       16.00           821300.00
03/09/2015       15.98       16.14       15.86       16.14          3089800.00
03/06/2015       16.18       16.24       16.10       16.10          2808900.00
03/05/2015       15.42       16.18       15.42       16.10          7321600.00
03/04/2015       15.30       15.96       15.14       15.92         10119400.00
03/03/2015       15.10       15.30       15.10       15.18          8175600.00
03/02/2015       15.10       15.14       15.06       15.10          3996200.00
02/27/2015       15.18       15.18       15.08       15.12          3962700.00
02/26/2015       15.20       15.20       15.10       15.18          2042400.00
02/25/2015       15.20       15.24       15.12       15.16          1944700.00
02/24/2015       15.28       15.30       15.10       15.18          3764700.00
02/23/2015       15.34       15.36       15.22       15.28          1661800.00
02/20/2015       15.50       15.50       15.08       15.36          1318600.00
02/18/2015       15.24       15.60       15.24       15.50          5287200.00
02/17/2015       15.28       15.40       15.22       15.24          2115100.00
02/16/2015       15.28       15.50       15.18       15.20          5267300.00
02/13/2015       15.12       15.32       15.12       15.14          8912000.00
02/12/2015       15.50       15.50       15.06       15.12          8336300.00
02/11/2015       15.86       15.86       15.32       15.50         13416900.00
02/10/2015       16.18       16.18       15.74       15.86          7957200.00
02/09/2015       15.40       16.20       15.40       16.20          7969300.00
02/06/2015       15.80       15.88       15.40       15.40         18450801.00
02/05/2015       15.30       15.90       15.30       15.80         15994200.00
02/04/2015       14.08       15.42       14.08       15.36         31518301.00
02/03/2015       13.92       14.10       13.92       14.00          6035800.00
02/02/2015       13.62       13.94       13.62       13.94          4598500.00
01/30/2015       13.62       13.88       13.62       13.62          1609900.00
01/29/2015       14.00       14.08       13.62       13.62         22002100.00
01/28/2015       13.94       14.38       13.94       14.10         19355699.00
01/27/2015       14.30       14.40       13.92       13.96          4671100.00
01/26/2015       14.02       14.40       13.92       14.28         17264699.00
01/23/2015       13.36       14.10       13.30       14.00         10771700.00
01/22/2015       13.20       13.48       13.20       13.36          4890800.00
01/21/2015       13.56       13.56       13.20       13.42         11201400.00
01/20/2015       13.76       13.90       13.30       13.30          9829700.00
01/19/2015       13.80       13.88       13.58       13.76         16989500.00
01/14/2015       13.42       14.00       13.42       13.80         21703000.00
01/13/2015       13.02       13.50       13.02       13.40         28458699.00
01/12/2015       13.02       13.04       12.96       12.98         16494000.00
01/09/2015       13.00       13.10       12.94       13.00         19598900.00
01/08/2015       13.00       13.18       12.80       12.90         14549000.00
01/07/2015       12.60       13.00       12.56       12.90         40513801.00
01/06/2015       12.36       12.80       12.30       12.50         45079898.00
01/05/2015       12.38       12.48       12.24       12.36          9679200.00
