MBT  1216

12/27/2019       67.00       67.00       66.20       66.30          1972480.00
12/26/2019       66.00       67.00       66.00       67.00           419710.00
12/23/2019       67.90       67.90       66.20       66.60          2037080.00
12/20/2019       64.00       68.00       63.50       68.00          7266030.00
12/19/2019       64.80       64.85       63.55       64.50          2281740.00
12/18/2019       64.55       64.85       62.50       64.85          3023860.00
12/17/2019       66.40       66.70       63.00       64.05          6655000.00
12/16/2019       67.00       67.45       66.20       66.20          1553810.00
12/13/2019       67.70       67.70       66.50       67.50          2346710.00
12/12/2019       68.15       68.15       66.20       66.20          2717470.00
12/11/2019       67.00       68.20       66.95       68.20          1794540.00
12/10/2019       68.20       68.20       66.65       67.00          1921390.00
12/09/2019       67.95       68.30       67.50       68.20          2223130.00
12/06/2019       67.50       68.00       67.15       67.95          1027080.00
12/05/2019       67.20       68.20       67.20       68.00          1629000.00
12/04/2019       67.75       68.20       67.00       68.20          2511160.00
12/03/2019       67.00       68.05       66.50       67.20          2379730.00
12/02/2019       67.60       67.95       66.25       67.50          2832170.00
11/29/2019       67.90       67.90       66.25       66.25          2132190.00
11/28/2019       68.40       68.40       67.75       68.20          1664890.00
11/27/2019       67.60       68.50       67.05       68.45          2788870.00
11/26/2019       67.05       67.50       66.15       67.50          6181820.00
11/25/2019       68.00       68.00       67.40       68.00          2313840.00
11/22/2019       66.15       68.40       66.00       68.40          3647780.00
11/21/2019       67.05       67.70       66.00       66.95          1717250.00
11/20/2019       67.90       68.10       67.05       67.50          1999170.00
11/19/2019       67.00       67.90       66.70       67.90          1533550.00
11/18/2019       67.90       67.90       67.20       67.30          1872610.00
11/15/2019       68.00       68.15       67.60       67.90          2643530.00
11/14/2019       68.00       68.00       67.35       68.00          2055510.00
11/13/2019       68.40       68.45       67.55       67.65           803860.00
11/12/2019       68.50       68.75       67.60       68.40          2003860.00
11/11/2019       67.60       68.40       67.40       68.40          1786360.00
11/08/2019       67.65       67.65       66.65       67.55          2085560.00
11/07/2019       67.55       67.65       67.15       67.65          3880340.00
11/06/2019       67.60       67.90       67.40       67.55           851460.00
11/05/2019       66.40       68.00       66.35       68.00          6136180.00
11/04/2019       67.60       67.60       66.15       66.40          2817100.00
10/31/2019       67.50       67.75       67.45       67.60          4382160.00
10/30/2019       67.40       67.55       66.75       67.45          5858240.00
10/29/2019       65.50       67.25       65.40       66.00          4765400.00
10/28/2019       64.90       65.80       64.00       65.35          3265740.00
10/25/2019       63.80       64.60       63.41       63.41          4519514.04
10/24/2019       63.36       63.41       62.83       62.83          1708548.68
10/23/2019       63.63       63.67       62.88       63.36          1844205.18
10/22/2019       62.66       63.63       62.57       63.63          5605511.83
10/21/2019       62.74       62.79       62.17       62.66          1951634.27
10/18/2019       61.06       62.92       61.02       62.74          9079176.98
10/17/2019       60.66       61.06       60.35       60.88          2874900.76
10/16/2019       60.71       61.42       60.09       60.18          3112302.46
10/15/2019       60.49       60.80       60.22       60.62          3977633.85
10/14/2019       60.58       61.02       60.18       60.44          1743137.98
10/11/2019       60.00       60.58       59.29       60.18          2941457.76
10/10/2019       58.50       60.00       58.50       60.00          2355484.97
10/09/2019       59.82       60.22       57.97       58.41          3459370.65
10/08/2019       60.62       61.73       59.47       59.56          2133247.87
10/07/2019       59.96       60.84       59.78       60.18          1461440.28
10/04/2019       58.41       60.22       58.36       60.18          3876623.15
10/03/2019       59.29       59.73       58.36       58.36          2580253.27
10/02/2019       59.96       60.49       59.38       59.38           985913.69
10/01/2019       60.53       60.75       59.25       59.96          2575789.77
09/30/2019       59.29       61.11       59.25       60.53          5127826.93
09/27/2019       59.65       61.24       59.16       59.20          3189210.26
09/26/2019       59.29       60.00       58.98       59.51          1971375.37
09/25/2019       59.96       60.18       58.50       59.29          2844718.46
09/24/2019       59.69       60.13       59.69       59.96          3203403.06
09/23/2019       59.96       60.44       59.51       59.51          2020180.07
09/20/2019       60.62       60.84       59.73       59.73          4979548.33
09/19/2019       60.18       60.84       60.13       60.49          1324303.48
09/18/2019       60.62       60.75       60.04       60.04          2938711.86
09/17/2019       61.95       61.95       60.35       60.44          2701570.06
09/16/2019       61.95       62.17       61.46       61.59          2685343.26
09/13/2019       61.59       62.17       61.59       61.90          1722775.38
09/12/2019       61.95       62.03       60.97       61.50          6337672.72
09/11/2019       61.95       62.08       61.73       61.73          5339848.83
09/10/2019       62.17       62.17       61.77       61.90          4682245.34
09/09/2019       62.08       62.30       62.03       62.08          2138152.07
09/06/2019       62.39       62.43       62.03       62.03          2125473.47
09/05/2019       62.12       62.48       61.95       61.95          4513615.44
09/04/2019       62.43       62.70       61.77       61.99          2448201.47
09/03/2019       62.39       62.92       62.39       62.39          2315991.47
09/02/2019       63.27       63.27       62.39       62.39          2588671.77
08/30/2019       63.05       64.38       62.74       62.74          3431674.35
08/29/2019       63.54       63.54       62.43       62.43          3114381.66
08/28/2019       62.57       63.80       62.48       63.54          4172061.64
08/27/2019       63.72       63.72       62.52       62.52          4623767.84
08/23/2019       63.41       63.72       62.21       63.72          1302031.18
08/22/2019       62.97       63.41       62.30       63.41          4609925.34
08/20/2019       63.27       63.72       62.88       62.97          1006072.89
08/19/2019       61.99       63.27       61.95       63.27          3741881.95
08/16/2019       61.95       63.19       61.68       61.68          3663324.35
08/15/2019       61.95       63.10       61.15       61.95          3116347.86
08/14/2019       63.67       63.67       62.21       62.21          4396954.24
08/13/2019       63.50       63.94       61.95       62.30          3527577.45
08/09/2019       63.54       63.85       63.50       63.50          2778523.06
08/08/2019       64.16       64.16       63.27       63.45          3723429.05
08/07/2019       62.83       63.89       62.83       63.72          2783958.36
08/06/2019       63.58       63.58       62.39       62.39          5496331.23
08/05/2019       66.02       66.02       63.72       63.72          4314938.84
08/02/2019       66.37       67.03       65.58       66.37          3844587.65
08/01/2019       67.03       67.97       66.37       66.37          4784634.64
07/31/2019       67.26       67.34       66.68       67.03          2513764.07
07/30/2019       66.64       67.34       66.64       67.17          2640391.87
07/29/2019       66.81       67.08       66.50       66.59          1361243.18
07/26/2019       66.81       67.26       66.28       66.37          4024551.45
07/25/2019       66.33       66.81       65.62       66.81          2094511.47
07/24/2019       67.26       67.30       66.24       66.37          2199895.27
07/23/2019       68.32       68.32       66.81       67.30          2201793.67
07/22/2019       68.01       68.94       67.92       68.41          1834069.08
07/19/2019       68.63       69.20       68.58       69.03          3607513.65
07/18/2019       68.14       69.47       68.01       68.50          2494678.37
07/17/2019       68.54       68.54       67.70       68.14          2045989.27
07/16/2019       67.97       70.04       67.17       68.94          7372764.00
07/15/2019       64.60       68.14       64.60       68.14          8565286.89
07/12/2019       63.89       65.13       63.89       64.51          3170633.06
07/11/2019       63.89       63.98       63.58       63.72          2228461.67
07/10/2019       63.19       63.72       63.10       63.27          6563830.91
07/09/2019       63.36       63.63       63.19       63.19          2521741.87
07/08/2019       63.50       63.72       62.83       63.36          3016806.16
07/05/2019       63.63       64.03       63.45       63.50          3032049.86
07/04/2019       63.76       64.03       63.27       63.54          2003602.97
07/03/2019       64.29       64.29       63.27       63.27          3626079.55
07/02/2019       64.16       64.47       63.80       64.07          1428591.18
07/01/2019       64.11       64.16       63.63       63.72          2195183.17
06/28/2019       63.72       64.38       63.05       63.05          2361270.57
06/27/2019       63.72       64.11       63.67       63.67          2577055.37
06/26/2019       64.60       64.60       63.54       63.72          1730346.38
06/25/2019       65.84       65.89       63.85       64.60          3080052.26
06/24/2019       66.02       66.73       65.04       65.04          2556907.47
06/21/2019       66.37       66.42       65.04       66.02          5753067.22
06/20/2019       65.75       66.81       65.27       66.37          4180367.14
06/19/2019       64.42       65.84       64.34       65.71          6547106.91
06/18/2019       63.72       64.60       63.36       64.25         10772866.16
06/17/2019       63.98       63.98       63.36       63.36          1120078.58
06/14/2019       63.72       64.16       62.92       63.98          2152740.37
06/13/2019       63.32       64.25       62.83       62.83          2195058.87
06/11/2019       63.32       64.11       63.27       63.27          4125279.65
06/10/2019       62.79       64.16       62.79       63.05          1331998.78
06/07/2019       62.52       62.97       62.43       62.79           928498.39
06/06/2019       62.83       63.10       62.21       62.34          4651746.64
06/04/2019       64.34       64.56       62.48       62.48          2706180.46
06/03/2019       63.80       65.31       63.72       64.56          4235420.74
05/31/2019       63.72       64.56       63.50       63.50          2602209.17
05/30/2019       63.54       64.20       63.54       63.72          2444834.07
05/29/2019       64.56       64.78       63.54       63.72          2094274.17
05/28/2019       63.72       64.29       63.27       64.16          7424744.00
05/27/2019       63.72       64.56       63.54       63.54          5464069.73
05/24/2019       63.72       63.72       62.66       63.72          2277718.37
05/23/2019       65.75       65.75       63.72       63.72          2083640.87
05/22/2019       65.75       65.93       65.00       65.75          2068803.97
05/21/2019       66.64       66.64       65.49       65.93          1078053.89
05/20/2019       64.60       66.81       64.51       66.81          1079477.69
05/17/2019       62.88       65.40       62.88       64.60          3574269.05
05/16/2019       62.83       63.45       62.34       62.48          3109014.16
05/15/2019       63.80       66.33       62.57       62.57          2769912.46
05/14/2019       63.80       64.11       63.27       63.72          4662922.34
05/10/2019       64.34       64.78       64.16       64.16          2138253.77
05/09/2019       65.31       65.31       64.25       64.25          6642015.61
05/08/2019       65.04       65.58       64.16       65.58          2720689.66
05/07/2019       64.16       65.89       64.16       65.35          2579789.97
05/06/2019       65.04       65.18       63.76       64.47          3329940.46
05/03/2019       66.59       67.26       65.49       65.49          8523092.69
05/02/2019       65.66       66.50       65.58       65.93          2749606.36
04/30/2019       67.26       67.70       65.71       65.71          4800160.84
04/29/2019       67.03       68.01       66.81       67.26          3152790.36
04/26/2019       67.74       67.97       66.55       67.03          3901776.95
04/25/2019       67.17       68.01       66.86       68.01          2749018.76
04/24/2019       67.26       67.39       66.68       66.99          3000364.66
04/23/2019       67.39       67.70       67.21       67.43          2107596.87
04/22/2019       68.67       68.72       67.26       67.26          3295554.56
04/17/2019       68.19       69.03       68.14       69.03          1016920.89
04/16/2019       68.14       69.82       68.10       68.10          1173855.28
04/15/2019       68.98       70.35       68.14       68.14          3220172.26
04/12/2019       69.82       69.91       68.94       68.94          4469353.34
04/11/2019       69.47       69.73       68.81       69.20          5947913.12
04/10/2019       69.91       70.09       69.38       69.47          3532176.55
04/08/2019       70.71       70.80       70.31       70.75           830900.29
04/05/2019       69.91       70.71       69.78       70.71          2049062.87
04/04/2019       70.44       70.44       69.69       69.91          1398510.58
04/03/2019       69.20       70.13       68.85       70.13           816029.49
04/02/2019       69.03       69.47       68.85       69.20          1587695.18
04/01/2019       70.66       70.66       67.83       68.41          3284955.16
03/29/2019       70.80       70.97       70.09       70.71          2761426.16
03/28/2019       70.35       70.80       70.09       70.80           683435.29
03/27/2019       71.50       71.50       69.91       69.91          1443834.88
03/26/2019       70.31       71.50       70.27       71.50          1687022.18
03/25/2019       71.59       71.59       69.82       70.31          1271894.08
03/22/2019       70.75       71.68       70.75       71.68          1756178.18
03/21/2019       70.40       71.02       70.40       70.75          2580422.77
03/20/2019       72.57       72.61       70.40       70.40          3815162.45
03/19/2019       72.43       72.88       72.26       72.57          2611147.46
03/18/2019       70.35       72.48       69.91       72.48          2256406.57
03/15/2019       68.76       70.35       68.76       70.35          4640243.24
03/14/2019       69.56       69.82       68.41       68.76           899333.09
03/13/2019       67.70       69.82       67.70       69.82          2336331.47
03/12/2019       67.88       69.38       67.26       67.26          3358190.46
03/11/2019       69.16       69.16       67.79       67.79          1713192.98
03/08/2019       70.53       70.53       69.07       69.16          1535274.48
03/07/2019       68.05       70.62       68.05       70.62          2222370.97
03/06/2019       67.26       68.19       66.90       67.79          1821593.88
03/05/2019       67.97       68.50       67.26       67.26          1532370.38
03/04/2019       66.81       68.05       66.59       67.70          1936379.27
03/01/2019       67.70       68.32       66.55       66.55          5954365.42
02/28/2019       68.98       68.98       66.42       67.26          9093268.08
02/27/2019       69.82       70.80       68.50       68.58          4175270.84
02/26/2019       72.57       72.57       69.65       69.91          2697050.06
02/22/2019       72.83       72.97       71.73       72.03           907050.99
02/21/2019       72.39       73.01       72.26       73.01          1523997.08
02/20/2019       72.12       72.57       71.33       72.48          2934395.26
02/19/2019       71.11       72.66       70.84       72.66          1493159.38
02/18/2019       70.89       71.68       70.71       71.15          4021963.75
02/15/2019       72.92       72.92       70.80       70.80          2637193.96
02/14/2019       73.05       73.05       72.21       72.92          2378853.37
02/13/2019       72.88       72.97       71.68       71.68          2781506.26
02/12/2019       72.66       73.05       72.39       72.88          1894015.57
02/11/2019       74.16       74.16       72.74       72.83          1791129.08
02/08/2019       73.72       74.25       73.45       73.81          1514403.38
02/07/2019       73.45       73.76       73.10       73.63          2284939.07
02/06/2019       73.58       74.11       73.01       73.01          2847803.36
02/04/2019       74.42       74.42       74.07       74.25          2242462.37
02/01/2019       74.25       74.73       73.01       74.47          3102697.46
01/31/2019       74.16       74.34       72.66       74.34          4288801.94
01/30/2019       74.60       74.60       72.70       73.36          1272018.38
01/29/2019       73.81       74.34       73.27       74.34          2139666.27
01/28/2019       73.45       74.07       73.41       73.81          1768438.68
01/25/2019       74.34       74.60       73.19       73.76          1729939.58
01/24/2019       73.10       74.34       73.01       74.34          4439702.14
01/23/2019       72.74       73.14       71.86       73.14          1608204.68
01/22/2019       72.83       73.01       71.95       73.01          2666449.66
01/21/2019       73.01       73.14       72.57       72.88          1551670.78
01/18/2019       72.97       73.01       72.48       73.01          2691535.66
01/17/2019       71.64       73.10       71.28       73.01          4635892.74
01/16/2019       70.89       71.68       70.62       71.68          2314420.77
01/15/2019       70.80       71.24       69.91       70.80          4165609.35
01/14/2019       68.94       70.80       67.83       70.80          7501527.50
01/11/2019       70.80       70.80       67.88       68.98         14265831.71
01/10/2019       72.08       72.70       71.46       72.48          3597716.55
01/09/2019       71.68       72.83       71.68       72.08          2991584.56
01/08/2019       73.76       74.20       70.53       71.46          4232494.04
01/07/2019       74.34       74.51       73.01       73.01          2900337.06
01/04/2019       74.34       75.04       73.85       74.87          2455376.97
01/03/2019       72.12       74.87       72.12       74.87          4712280.74
01/02/2019       71.59       72.57       70.97       72.57          1637539.48
12/28/2018       70.80       71.64       70.35       71.64          3850474.95
12/27/2018       71.64       71.73       70.58       70.80          1678761.88
12/26/2018       71.68       71.68       69.56       71.68          1338112.08
12/21/2018       72.52       72.52       70.75       71.77          4265603.04
12/20/2018       71.68       73.01       71.24       72.57          4749028.34
12/19/2018       70.35       71.68       69.78       71.68          3627571.15
12/18/2018       69.65       70.35       69.34       70.35          4731140.44
12/17/2018       71.19       71.19       69.65       70.62          3731768.45
12/14/2018       71.33       71.68       70.80       71.68          4837179.64
12/13/2018       71.24       71.46       70.71       71.46          3948276.45
12/12/2018       70.62       71.24       70.58       70.97          7897163.09
12/11/2018       70.27       70.62       69.65       70.62          3369953.75
12/10/2018       70.35       70.62       68.85       70.62          3963689.65
12/07/2018       69.91       70.62       68.58       70.62          2315607.27
12/06/2018       70.27       70.27       69.47       69.91          1551343.08
12/05/2018       69.56       70.35       68.54       70.35          3905370.35
12/04/2018       68.01       71.46       67.79       70.71         14294149.51
12/03/2018       67.70       68.05       67.21       68.01         10011856.37
11/29/2018       67.17       68.05       66.02       66.02         69622600.93
11/28/2018       68.05       68.10       66.46       67.12         13244243.92
11/27/2018       65.75       68.10       65.71       68.10         12896294.33
11/26/2018       63.72       65.93       63.27       65.71          7216304.20
11/23/2018       64.11       64.56       63.80       63.80          5166032.23
11/22/2018       63.72       64.38       63.67       63.72          5459809.63
11/21/2018       63.01       63.72       62.74       63.67          7246192.70
11/20/2018       63.19       64.60       63.01       63.14          6929069.51
11/19/2018       62.21       64.07       62.21       63.85          6304021.32
11/16/2018       61.55       62.74       61.55       62.21         10760311.86
11/15/2018       59.69       61.86       59.29       61.77          8865392.28
11/14/2018       59.65       60.49       59.29       59.29         12844585.53
11/13/2018       57.83       57.88       56.64       57.34          3415391.06
11/12/2018       57.92       58.01       57.08       57.97          3623672.65
11/09/2018       57.57       58.01       57.08       57.57          1630838.58
11/08/2018       57.52       58.41       57.08       58.01          3774425.95
11/07/2018       58.63       58.67       57.52       57.52          1815763.08
11/06/2018       58.36       60.09       58.27       58.63          4372636.64
11/05/2018       58.01       59.25       57.97       58.94          4618095.24
10/31/2018       57.12       58.01       56.77       58.01          5276941.73
10/30/2018       57.66       57.79       57.08       57.08          1816463.68
10/29/2018       57.43       58.01       57.08       57.52          1034469.79
10/26/2018       57.79       57.79       57.08       57.08          1046843.29
10/25/2018       58.41       58.41       56.90       57.79          3164350.26
10/24/2018       60.18       60.18       58.76       58.85          1534336.58
10/23/2018       61.06       61.06       60.09       60.22          2420674.67
10/22/2018       58.85       61.06       58.41       61.06          5991226.02
10/19/2018       59.29       59.96       58.45       58.45          2002167.87
10/18/2018       59.51       59.51       59.07       59.29          1136327.99
10/17/2018       58.45       59.87       58.45       59.51          3848418.35
10/16/2018       57.97       58.85       57.52       58.05          1421912.88
10/15/2018       58.85       59.42       57.97       57.97          1386995.88
10/12/2018       57.79       58.80       57.26       58.41          1410104.38
10/11/2018       58.41       58.41       56.64       57.83          3577512.15
10/10/2018       59.65       59.65       58.85       59.16          2306420.37
10/09/2018       58.85       59.25       58.41       58.76          1200918.78
10/08/2018       58.67       59.47       58.58       58.58          1680389.08
10/05/2018       58.45       59.20       58.41       58.58          1982076.47
10/04/2018       60.97       60.97       58.41       58.41          3796393.15
10/03/2018       60.18       61.06       59.65       61.06          1765545.88
10/02/2018       59.73       60.09       59.25       60.09          3056514.36
10/01/2018       59.07       59.73       58.50       59.65          1840024.18
09/28/2018       59.69       60.88       59.29       59.29          4560872.04
09/27/2018       59.65       59.65       58.41       59.65          3080504.26
09/26/2018       60.71       60.71       58.41       59.69          2654290.87
09/25/2018       61.77       61.77       60.00       60.62          1868522.77
09/24/2018       60.44       61.90       60.22       61.86          1643268.58
09/21/2018       57.52       60.93       57.43       60.18          4082904.65
09/20/2018       57.48       58.27       56.64       56.64          3293599.66
09/19/2018       58.50       59.29       57.34       57.43          6252222.12
09/18/2018       61.06       61.11       57.88       58.41          6115672.92
09/17/2018       61.06       61.06       60.62       60.97           851861.79
09/14/2018       60.75       61.73       60.71       60.71          3783262.55
09/13/2018       61.95       62.08       60.66       60.71          3211742.46
09/12/2018       61.06       62.08       61.02       61.95          3498084.45
09/11/2018       61.95       61.95       60.62       61.06          3913314.25
09/10/2018       61.50       61.99       60.71       61.95          4350884.14
09/07/2018       61.95       61.99       61.24       61.50          8005428.39
09/06/2018       63.80       63.80       62.12       62.21          4511863.94
09/05/2018       65.18       65.31       63.89       63.89          3955056.45
09/04/2018       64.69       65.44       64.25       65.18          1412251.38
09/03/2018       64.60       65.04       64.29       64.60          4097583.35
08/31/2018       65.89       65.93       64.20       64.82         12812346.63
08/30/2018       65.35       66.02       65.31       65.62          2016880.47
08/29/2018       65.40       65.75       64.65       65.04          2457049.37
08/28/2018       64.16       66.02       64.16       65.35          2538070.37
08/24/2018       65.13       65.31       64.16       64.16          1920231.57
08/23/2018       64.11       65.49       64.03       65.13          9062046.18
08/22/2018       65.09       65.13       63.41       64.11          5898159.22
08/20/2018       66.15       66.64       64.69       65.13           868574.49
08/17/2018       65.40       66.37       65.40       66.15          1190567.98
08/16/2018       65.49       65.49       64.47       65.31          2247829.87
08/15/2018       65.31       66.55       65.31       65.75          1554281.08
08/14/2018       67.21       67.21       65.31       65.31          1851437.18
08/13/2018       68.32       68.32       66.37       67.26          2190132.07
08/10/2018       67.70       68.32       67.43       68.32          1558665.48
08/09/2018       68.14       68.14       66.19       67.61          1386250.08
08/08/2018       68.14       68.98       67.88       68.36          1805886.88
08/07/2018       68.58       68.58       67.70       68.10          2046633.37
08/06/2018       67.26       68.54       67.08       68.54          2864979.36
08/03/2018       65.04       67.26       64.96       67.26          5944636.12
08/02/2018       64.69       65.13       64.60       64.87          1991387.67
08/01/2018       65.22       65.22       64.34       64.60          4365517.64
07/31/2018       65.66       65.66       64.25       65.22          4583912.74
07/30/2018       65.49       65.75       65.13       65.49          5333238.33
07/27/2018       65.49       65.62       64.60       65.49          5182439.83
07/26/2018       65.49       65.75       65.27       65.49          5574945.33
07/25/2018       64.65       65.58       64.65       65.04          7987065.89
07/24/2018       64.60       65.00       64.11       64.60          7910395.39
07/23/2018       61.99       64.65       61.99       64.51          7641365.00
07/20/2018       61.95       62.26       61.86       61.95          5884497.52
07/19/2018       62.03       62.34       61.50       61.50          4182096.04
07/18/2018       61.95       63.10       61.73       61.73          7064149.71
07/17/2018       61.77       61.95       60.97       61.95          5160879.43
07/16/2018       61.95       62.34       61.55       61.77          5006905.63
07/13/2018       62.74       63.01       61.50       61.50          3674658.25
07/12/2018       61.37       62.74       61.37       62.21          9087663.28
07/11/2018       61.06       61.95       60.93       61.15          6282980.72
07/10/2018       60.04       61.73       60.04       60.88         10054276.57
07/09/2018       61.95       62.70       58.54       60.04         18502427.65
07/06/2018       63.54       63.72       61.73       61.73          8411584.29
07/05/2018       65.93       65.93       63.45       63.50          3633379.35
07/04/2018       66.06       66.06       65.22       66.02          3426826.65
07/03/2018       65.49       66.37       64.51       66.37          3180961.26
07/02/2018       65.04       65.84       65.04       65.49          1490854.18
06/29/2018       63.72       65.13       63.72       64.96          8296798.89
06/28/2018       63.54       64.34       63.14       63.72          2841848.26
06/27/2018       63.45       64.16       63.10       63.14          2680326.06
06/26/2018       65.04       65.04       62.83       62.83          4531424.24
06/25/2018       66.33       66.33       64.78       65.04          3635887.95
06/22/2018       64.16       66.64       63.05       64.78          7766354.30
06/21/2018       64.34       64.34       62.39       64.16          6090428.72
06/20/2018       63.72       65.35       63.72       64.34          5282196.23
06/19/2018       64.25       64.56       62.88       63.72          7510838.70
06/18/2018       64.87       64.87       64.16       64.47          5716500.42
06/14/2018       68.19       68.23       66.15       66.15         13857720.92
06/13/2018       70.18       70.53       68.19       68.19          6036267.82
06/11/2018       71.42       71.42       70.04       70.09          4072214.85
06/08/2018       72.12       72.17       70.80       70.80          4895770.13
06/07/2018       71.15       73.05       70.93       73.05          7623104.20
06/06/2018       70.84       71.15       70.44       70.84          5944986.42
06/05/2018       70.80       70.80       69.91       70.80          2165068.67
06/04/2018       70.66       71.33       70.04       70.62          5633411.53
06/01/2018       70.44       71.24       70.09       70.66          5309677.83
05/31/2018       69.91       71.68       69.91       70.27          4861463.33
05/30/2018       72.57       72.57       69.91       69.91          4304633.24
05/29/2018       72.57       73.01       72.34       72.83         14675230.70
05/28/2018       72.66       72.66       71.59       72.26         14558185.31
05/25/2018       73.19       73.45       71.90       72.57          3242082.96
05/24/2018       71.50       72.57       71.06       72.57          2593022.27
05/23/2018       72.21       72.39       71.06       71.50          2000269.47
05/22/2018       72.79       72.79       72.12       72.12          2898788.96
05/21/2018       73.45       73.45       72.52       72.52          1254638.98
05/18/2018       73.45       73.85       73.01       73.23          1748810.58
05/17/2018       73.63       74.34       73.27       73.45          2492327.97
05/16/2018       75.80       75.80       73.05       73.58          3173514.56
05/15/2018       76.19       76.19       74.51       76.02          1766009.18
05/11/2018       74.07       76.11       74.07       76.11          5819771.12
05/10/2018       72.12       74.69       72.12       73.98          3347319.85
05/09/2018       72.92       73.01       72.03       72.12          2845780.66
05/08/2018       73.19       73.50       72.88       73.01          7630822.10
05/07/2018       73.50       73.54       73.01       73.19          1492922.08
05/04/2018       72.74       73.89       72.74       73.50          1597842.58
05/03/2018       76.11       76.55       73.05       73.89          9290712.98
05/02/2018       75.22       76.11       75.00       76.11          2519120.27
04/30/2018       73.89       75.22       73.89       75.22          2245965.37
04/27/2018       72.48       74.16       72.39       73.89          3002974.96
04/26/2018       73.45       73.67       71.68       72.21          2595553.46
04/25/2018       74.56       74.56       73.50       74.11          1568451.28
04/24/2018       74.78       74.78       74.34       74.65          2439138.87
04/23/2018       73.63       74.96       73.50       74.82          3269123.86
04/20/2018       73.85       73.85       72.57       73.36          4095425.04
04/19/2018       72.57       73.89       71.24       73.89          3381547.56
04/18/2018       72.57       73.54       72.57       72.97          2185521.67
04/17/2018       73.94       74.16       72.21       72.92          4178118.44
04/16/2018       73.98       74.11       73.63       73.94          2795314.86
04/13/2018       72.30       74.25       72.26       73.94          4361234.94
04/12/2018       72.83       72.83       71.68       72.39          4159767.25
04/11/2018       73.89       74.20       71.95       72.52          2318115.87
04/10/2018       74.25       74.29       70.80       73.89          2418414.67
04/06/2018       75.13       75.22       73.45       74.25          1733352.18
04/05/2018       75.66       76.02       74.34       75.13           860901.79
04/04/2018       76.46       76.90       75.22       75.27          3899765.55
04/03/2018       76.02       76.02       74.34       75.66          1456671.68
04/02/2018       76.37       76.90       75.93       76.11          1517951.58
03/28/2018       75.93       76.19       75.49       75.93          2041989.07
03/27/2018       74.34       75.97       74.16       75.93          6028832.42
03/26/2018       74.16       74.69       73.23       73.45          3385954.56
03/23/2018       73.58       74.25       73.45       74.11          4969118.43
03/22/2018       74.11       75.31       73.32       75.18          6677011.71
03/21/2018       75.31       75.93       74.29       74.47          5671955.82
03/20/2018       77.39       77.39       74.34       75.31          5750875.02
03/19/2018       78.76       79.16       76.73       77.48          8632736.59
03/16/2018       80.53       81.28       78.32       78.32          8446761.19
03/15/2018       80.80       81.73       80.76       81.22          7127302.27
03/14/2018       80.80       81.69       78.94       81.64          6151121.40
03/13/2018       81.90       81.90       80.88       81.22          2622840.43
03/12/2018       81.64       82.32       80.80       81.81          3232731.85
03/09/2018       82.36       82.36       81.14       81.22         14832996.72
03/08/2018       82.07       82.11       81.18       81.18          2007582.90
03/07/2018       81.01       81.01       80.38       80.38          3119310.96
03/06/2018       81.47       81.47       81.05       81.18          2488321.54
03/05/2018       81.98       82.07       80.84       81.22          2726640.16
03/02/2018       81.77       82.91       81.26       82.91           971252.09
03/01/2018       82.74       82.74       82.03       82.07          1395705.79
02/28/2018       82.91       82.95       82.11       82.79          2062626.79
02/27/2018       83.55       83.76       82.74       83.25          3370583.86
02/26/2018       81.22       83.42       80.38       83.42          1881857.81
02/23/2018       81.77       82.19       81.22       81.77          2532515.03
02/22/2018       82.41       83.12       81.22       81.77          3738421.67
02/21/2018       83.25       83.34       81.86       83.34          3263001.85
02/20/2018       84.52       84.52       82.87       83.34          3644869.52
02/19/2018       81.81       84.77       81.64       84.52          4428024.48
02/15/2018       82.07       82.07       81.90       81.90          4179351.89
02/14/2018       83.00       83.25       81.98       82.07          1373768.61
02/13/2018       83.00       83.00       81.94       82.32          2308368.12
02/12/2018       81.22       83.00       80.80       83.00          2320270.45
02/09/2018       81.22       81.22       80.63       80.80          1627299.05
02/08/2018       83.72       83.72       80.54       81.22          2647377.92
02/07/2018       83.76       83.93       82.07       82.24          3201551.74
02/06/2018       81.64       82.24       80.38       82.24          2604709.16
02/05/2018       82.91       82.91       81.98       82.24          3015523.04
02/02/2018       83.42       83.93       83.08       83.42          2453430.08
02/01/2018       84.14       84.14       82.91       83.42          1930341.81
01/31/2018       84.27       84.27       82.49       84.18          2458110.64
01/30/2018       84.44       84.69       84.18       84.61          4254299.98
01/29/2018       85.45       85.70       84.35       84.61          3787071.15
01/26/2018       87.57       87.57       85.45       85.70          1523333.84
01/25/2018       86.30       87.82       85.45       87.74          2696736.57
01/24/2018       84.77       86.30       84.52       86.30          2665532.83
01/23/2018       84.69       85.03       84.35       84.69          4119781.10
01/22/2018       84.77       85.37       84.52       84.61          2934582.41
01/19/2018       83.08       85.87       82.83       84.77         10464436.65
01/18/2018       82.62       83.08       80.46       83.08         12051761.82
01/17/2018       90.53       90.87       83.00       83.50         18486470.91
01/16/2018       90.53       91.12       89.85       90.53          3064491.64
01/15/2018       92.90       92.90       90.27       90.53          2260947.88
01/12/2018       91.46       92.81       91.46       92.81          2937076.34
01/11/2018       90.36       91.37       89.94       91.37          3089052.78
01/10/2018       90.95       91.20       90.19       91.20          2325624.73
01/09/2018       91.37       91.63       90.53       91.37          2852046.13
01/08/2018       90.44       91.63       90.19       91.20          3181529.34
01/05/2018       90.44       91.29       89.68       90.36          5304577.92
01/04/2018       88.83       90.53       88.83       90.44          5588579.30
01/03/2018       85.96       88.83       85.96       88.50          4448968.81
12/29/2017       86.30       87.06       85.37       85.79          3210085.49
12/28/2017       83.63       87.06       83.63       87.06          3947853.18
12/27/2017       82.91       83.76       82.91       83.76          1143688.25
12/22/2017       82.91       83.08       82.41       82.91          2246126.10
12/21/2017       82.74       83.34       82.07       82.91           772103.63
12/20/2017       83.76       83.76       82.66       82.74           825563.69
12/19/2017       83.80       84.18       82.91       83.76          5371346.85
12/18/2017       83.17       84.35       83.12       83.76          4445245.64
12/15/2017       83.38       83.59       82.83       83.17          4077242.35
12/14/2017       83.00       83.76       83.00       83.76          2391329.90
12/13/2017       83.72       83.93       83.21       83.59          1967798.13
12/12/2017       83.00       84.10       83.00       83.72          3113188.40
12/11/2017       81.35       83.25       80.97       83.00          3538304.00
12/08/2017       79.74       81.35       79.36       81.35          2473523.40
12/07/2017       80.12       80.12       78.68       79.78          2313131.42
12/06/2017       78.17       80.29       77.92       80.29          2318213.84
12/05/2017       78.68       78.68       77.84       78.47          4890206.34
12/04/2017       78.56       78.85       77.41       78.68          5884435.74
12/01/2017       80.59       80.84       78.51       78.60          2411553.23
11/29/2017       81.09       81.22       80.59       81.05          6177183.62
11/28/2017       79.44       81.09       78.47       81.09          3709948.25
11/27/2017       80.38       80.38       79.36       79.44          1531891.23
11/24/2017       79.61       80.54       78.68       80.54          1883902.60
11/23/2017       79.95       79.95       79.61       79.95          1465866.94
11/22/2017       79.53       79.78       79.53       79.61          1429486.21
11/21/2017       79.53       79.95       79.32       79.53          1816329.94
11/20/2017       79.28       79.28       78.68       79.11           822206.92
11/17/2017       77.41       79.53       77.41       79.36          1133050.61
11/16/2017       79.11       79.36       76.91       77.41          2301890.97
11/15/2017       80.29       80.29       78.85       79.11           822715.16
11/14/2017       79.44       80.29       79.11       80.29          2307623.48
11/13/2017       80.38       80.38       79.02       79.40           846697.13
11/10/2017       80.38       80.67       79.91       80.38          1565423.44
11/09/2017       81.22       81.22       79.74       80.46          2818573.02
11/08/2017       79.61       81.64       79.61       81.64          7539829.99
11/07/2017       77.12       79.53       77.08       79.53          4812622.48
11/06/2017       76.57       77.25       76.14       77.03          4075528.51
11/03/2017       75.97       76.91       75.97       76.14          2079245.15
11/02/2017       73.48       76.14       73.48       75.89          4438106.60
10/30/2017       75.17       75.17       73.27       73.27          2239542.58
10/27/2017       73.61       75.26       73.01       75.26          1938190.03
10/26/2017       74.03       74.45       73.27       73.61          1489943.47
10/25/2017       75.72       75.72       73.61       73.61          5042040.94
10/24/2017       76.31       76.36       75.72       75.72           532402.12
10/23/2017       78.26       78.43       75.89       75.89          1655441.53
10/20/2017       78.26       78.89       78.26       78.47          3021539.21
10/19/2017       76.14       78.05       76.06       77.84          2997108.10
10/18/2017       77.84       77.84       75.34       75.89          1809084.52
10/17/2017       76.99       78.09       76.99       77.84          5289106.07
10/13/2017       74.75       76.65       74.54       76.61          6635405.92
10/12/2017       73.65       74.79       73.56       74.75          1246707.90
10/11/2017       74.45       74.71       73.18       73.18          2146498.68
10/10/2017       74.41       74.88       74.28       74.45           717863.48
10/09/2017       75.30       75.30       74.41       74.45           496375.97
10/06/2017       75.30       75.89       74.96       75.30          1914479.91
10/05/2017       75.30       75.89       74.88       74.88          2723531.61
10/04/2017       75.21       75.26       74.83       75.13          1255856.27
10/03/2017       75.30       75.30       74.79       75.05          2540741.48
10/02/2017       74.28       74.79       73.52       74.79          1717388.06
09/29/2017       73.86       74.79       72.76       73.18          2086951.53
09/28/2017       74.20       74.58       73.39       73.86          1428753.39
09/27/2017       73.35       74.41       72.59       74.41          2406979.05
09/26/2017       74.20       74.24       73.10       73.35          2250913.03
09/25/2017       75.30       75.30       74.45       74.88          1786603.64
09/22/2017       75.38       75.47       74.54       75.30          1433067.55
09/21/2017       74.28       75.38       74.28       75.30          3447671.30
09/20/2017       74.41       75.05       74.11       74.11          1223517.84
09/19/2017       74.88       75.05       74.11       74.24          3079124.31
09/18/2017       74.54       75.00       74.45       74.88          3189838.52
09/15/2017       74.45       74.50       73.99       74.45          3580606.35
09/14/2017       73.86       74.83       73.61       74.20          3795734.91
09/13/2017       73.44       73.94       73.44       73.94          5138630.72
09/11/2017       73.14       73.61       73.10       73.44          3024517.75
09/08/2017       73.61       73.61       73.01       73.14          2102896.17
09/07/2017       73.31       73.69       73.23       73.61          3269786.30
09/06/2017       74.11       74.11       73.27       73.31          3987614.32
09/05/2017       74.71       74.79       73.94       74.20          1282544.93
09/04/2017       74.83       75.17       74.45       74.79          2859043.34
08/31/2017       73.61       74.41       73.61       74.11          4386395.84
08/30/2017       74.88       75.30       73.39       73.61          2412191.49
08/29/2017       75.38       75.38       74.62       74.83          3592035.90
08/25/2017       75.30       75.47       75.21       75.47          3955417.73
08/24/2017       75.30       75.47       75.13       75.30          3656322.72
08/23/2017       75.30       75.43       75.13       75.30          4900914.90
08/22/2017       74.45       75.38       74.20       75.30          5061744.22
08/18/2017       73.56       74.28       73.39       74.28          9101341.14
08/17/2017       72.93       73.73       72.93       73.69          4611523.79
08/16/2017       72.76       73.06       72.34       72.93          2847235.56
08/15/2017       72.68       72.93       72.68       72.76           809394.47
08/14/2017       72.59       72.63       72.46       72.63          1922044.45
08/11/2017       72.76       73.27       72.21       72.34          1080867.07
08/10/2017       72.89       73.27       72.76       73.27          1803801.16
08/09/2017       73.35       73.61       72.72       72.89          2330104.36
08/08/2017       73.61       74.58       73.18       73.18          3268545.24
08/07/2017       72.80       73.61       72.76       73.61          1485274.73
08/04/2017       72.42       73.52       72.42       72.80          1088230.68
08/03/2017       73.56       73.56       72.25       72.34          2676276.84
08/02/2017       73.48       73.65       72.97       73.18          3915242.90
08/01/2017       73.61       73.65       73.27       73.48          2456054.03
07/31/2017       72.89       73.90       72.89       73.61          2255274.47
07/28/2017       73.56       73.56       72.89       72.89          1719267.37
07/27/2017       72.76       74.03       72.51       73.10          4414455.58
07/26/2017       72.76       72.97       72.42       72.42          9413544.09
07/25/2017       74.45       74.45       72.17       72.21          8597826.13
07/24/2017       73.65       74.71       73.56       74.45          9070243.77
07/21/2017       73.73       74.45       73.10       73.52         19358473.81
07/20/2017       77.75       78.68       77.16       77.41          4602942.76
07/19/2017       78.64       79.11       76.57       77.58          9339730.68
07/18/2017       77.84       78.72       77.75       78.64          2416304.71
07/17/2017       77.84       78.22       77.41       77.75          5719788.70
07/14/2017       79.78       80.04       77.75       77.84          5127461.20
07/13/2017       80.21       80.21       79.61       79.78          3984883.99
07/12/2017       80.46       80.97       79.66       80.50          6584782.57
07/11/2017       79.66       80.80       79.66       80.33          8166174.29
07/10/2017       78.60       80.12       78.60       79.66          9058471.45
07/07/2017       75.72       78.64       75.59       78.47          8692394.76
07/06/2017       74.33       75.81       74.20       75.72          4582329.37
07/05/2017       73.82       74.33       73.61       74.33          4481271.78
07/04/2017       74.20       74.33       72.76       73.78           834983.91
07/03/2017       73.52       74.41       71.83       74.41          2983598.29
06/30/2017       72.80       74.03       71.91       74.03          1911087.68
06/29/2017       73.27       73.86       73.01       73.44          2445463.67
06/28/2017       74.03       74.33       73.18       73.18          2211671.96
06/27/2017       74.03       74.45       73.61       74.37          1655807.93
06/23/2017       72.84       73.65       72.84       73.56          1875711.61
06/22/2017       72.08       73.01       72.08       72.76          1483123.56
06/21/2017       72.68       72.68       71.58       71.83          2656538.11
06/20/2017       72.84       72.89       72.34       72.59           977410.10
06/19/2017       71.91       73.35       71.91       72.84          1270004.33
06/16/2017       73.48       73.61       71.91       71.91          3167097.60
06/15/2017       74.45       74.88       72.93       72.93          3000003.90
06/14/2017       73.78       74.58       73.35       74.45          2211565.58
06/13/2017       73.69       74.03       72.76       73.23          3053936.74
06/09/2017       73.61       74.62       73.23       73.44          1204996.52
06/08/2017       74.45       75.34       72.68       73.61          3203537.43
06/07/2017       75.30       75.30       74.24       74.45          1491350.00
06/06/2017       75.72       75.72       74.24       74.24          1592372.13
06/05/2017       72.84       75.72       72.84       75.72          2730623.37
06/02/2017       74.88       75.72       71.91       71.91          1591863.89
06/01/2017       73.90       75.26       73.18       74.79          2198930.43
05/31/2017       74.03       74.37       73.01       73.99          5197705.09
05/30/2017       75.30       75.64       74.07       74.37           433791.18
05/29/2017       75.21       75.68       74.50       75.30          1419581.38
05/26/2017       75.21       75.38       74.96       75.17          1672083.52
05/25/2017       75.30       75.30       74.45       75.21          1267652.23
05/24/2017       74.45       75.30       74.41       75.30          2531959.51
05/23/2017       76.14       76.14       73.61       74.45          3277291.75
05/22/2017       75.30       76.23       74.45       76.14          4954895.02
05/19/2017       75.30       75.30       74.83       75.30          1277781.63
05/18/2017       75.13       75.72       74.45       74.88          2298640.58
05/17/2017       74.45       75.89       74.45       75.30          3979293.32
05/16/2017       75.34       75.43       74.45       74.45          4293470.14
05/15/2017       73.99       75.30       73.56       75.30          4018026.15
05/12/2017       71.53       73.52       71.49       73.52          2083382.01
05/11/2017       73.23       73.65       71.32       71.49          1968897.35
05/10/2017       73.18       73.78       72.59       73.44          1345366.11
05/09/2017       74.07       74.11       72.84       73.10          2477352.95
05/08/2017       73.10       74.07       73.10       74.07          2524666.82
05/05/2017       72.76       73.99       71.96       73.56          4124768.97
05/04/2017       71.91       73.18       71.28       73.18          1069402.06
05/03/2017       71.58       72.25       71.41       71.62           648021.46
05/02/2017       71.53       72.30       70.90       72.30          2800477.21
04/27/2017       72.34       72.76       71.28       71.49          1244426.71
04/26/2017       73.18       73.18       72.04       72.34          1024274.82
04/25/2017       71.91       73.14       71.91       72.76          5044073.91
04/24/2017       71.07       71.91       70.60       71.49          2151947.51
04/21/2017       70.64       71.91       69.72       70.64          1616330.47
04/20/2017       69.21       70.86       69.17       70.64          1961179.15
04/19/2017       69.21       70.09       68.95       69.21           842217.50
04/18/2017       70.18       71.07       68.95       68.95          4349483.23
04/17/2017       71.53       72.17       70.18       70.18          3943775.42
04/12/2017       72.72       72.76       71.11       71.49          2408929.28
04/11/2017       73.52       73.78       72.59       73.18          5490618.45
04/10/2017       73.61       74.16       73.23       73.86          4606524.10
04/07/2017       73.56       73.94       73.27       73.86          6450748.29
04/06/2017       71.91       73.61       71.58       73.61          6613338.73
04/05/2017       69.80       71.91       69.80       71.91          6224792.98
04/04/2017       69.00       69.76       68.78       69.76          3330621.79
04/03/2017       67.85       68.95       67.85       68.95          4298422.55
03/31/2017       67.68       67.81       67.52       67.68          6125177.38
03/30/2017       66.08       67.52       66.08       67.52          3508565.88
03/29/2017       65.48       66.29       65.44       66.08          2205821.26
03/28/2017       64.30       65.48       64.17       65.48          3294016.48
03/27/2017       65.19       65.23       63.07       63.50         20817095.33
03/24/2017       66.50       66.50       65.27       65.53          2035181.67
03/23/2017       66.03       66.58       65.57       66.08          2308663.61
03/22/2017       67.13       67.13       65.40       66.03          5167990.61
03/21/2017       67.26       68.40       67.13       67.26          3373255.09
03/20/2017       67.68       67.90       67.01       67.68          9684910.31
03/17/2017       66.54       67.68       66.54       67.68          3293945.56
03/16/2017       65.99       66.80       65.99       66.54          1452593.53
03/15/2017       67.18       67.18       65.36       65.95          2298746.96
03/14/2017       66.33       67.22       66.16       66.92          3056927.10
03/13/2017       65.99       66.37       65.40       65.91          3176825.13
03/10/2017       67.68       67.81       65.19       65.19          1889292.34
03/09/2017       67.85       68.11       67.64       67.68           607078.36
03/08/2017       68.53       68.53       67.85       67.85          2452118.11
03/07/2017       68.70       68.70       68.15       68.53          5026167.22
03/06/2017       68.53       68.87       68.36       68.70          6621872.48
03/03/2017       67.68       69.17       67.68       68.95          1977986.62
03/02/2017       68.49       69.12       68.15       68.61          3376009.05
03/01/2017       68.53       68.53       67.18       67.56          1676988.66
02/28/2017       68.53       68.66       67.05       68.53          2526699.79
02/27/2017       67.98       68.95       67.98       68.49          1339444.49
02/24/2017       68.87       68.91       67.68       67.94          1819249.38
02/23/2017       67.56       68.78       67.56       68.78          2392133.63
02/22/2017       66.84       67.68       66.80       67.56          1370057.25
02/21/2017       67.26       67.26       66.33       66.92          1182610.20
02/20/2017       66.92       67.68       66.84       67.30           567648.17
02/17/2017       68.45       68.45       66.63       66.84          1722813.25
02/16/2017       66.29       68.45       66.29       68.45          3104099.13
02/15/2017       67.26       67.68       65.99       66.29          1819828.54
02/14/2017       67.18       67.56       67.01       67.26          2369369.08
02/13/2017       65.74       67.26       65.57       67.13          4168938.82
02/10/2017       65.57       65.91       65.15       65.40         11719973.79
02/09/2017       65.19       65.36       64.72       65.15          6367691.96
02/08/2017       67.09       67.09       64.47       65.40          8922782.43
02/07/2017       68.53       68.53       66.92       67.18          4866200.74
02/06/2017       69.21       69.38       67.68       68.53          1724030.67
02/03/2017       68.61       69.21       68.49       68.95          1367634.24
02/02/2017       70.09       70.14       68.36       68.61          1906655.33
02/01/2017       68.95       70.22       68.36       70.22          3940595.94
01/31/2017       69.00       69.00       68.19       68.95          4136328.54
01/30/2017       67.68       69.29       67.64       68.95          4997540.14
01/27/2017       65.95       67.22       65.91       67.05          3242908.52
01/26/2017       66.16       66.29       65.74       65.74          2597298.27
01/25/2017       66.42       66.63       65.65       65.86          1891278.03
01/24/2017       65.99       66.75       65.82       66.42          5087203.64
01/23/2017       64.72       66.29       64.72       65.99          5497190.15
01/20/2017       65.48       65.99       64.64       64.64          3601857.99
01/19/2017       65.23       66.16       65.06       65.15          2812840.52
01/18/2017       63.50       64.72       63.50       64.72          2073559.92
01/17/2017       66.37       66.37       63.45       63.45          3824042.86
01/16/2017       66.08       66.29       65.70       65.91          1720484.79
01/13/2017       66.25       66.42       65.99       65.99          3638356.92
01/12/2017       67.26       67.26       65.99       66.25          3737499.74
01/11/2017       67.94       68.49       65.95       67.26          2949321.45
01/10/2017       65.99       68.45       65.99       67.81          4527521.88
01/09/2017       65.15       65.99       65.10       65.78          3953963.91
01/06/2017       64.55       66.29       64.55       64.72          5704789.62
01/05/2017       62.61       64.94       62.31       64.30          4859959.99
01/04/2017       61.59       62.61       61.51       62.61          3070188.69
01/03/2017       61.42       61.59       59.77       61.59           892935.41
12/29/2016       61.59       61.89       61.42       61.42          1826506.61
12/28/2016       61.09       61.34       61.00       61.30           958569.66
12/27/2016       60.58       61.09       60.53       60.92          1784428.83
12/23/2016       59.82       60.87       59.82       60.53          1199122.18
12/22/2016       60.92       60.92       58.72       59.73          4449382.50
12/21/2016       60.49       61.34       59.86       61.17          1810136.47
12/20/2016       59.65       60.07       58.38       60.07          4420790.88
12/19/2016       62.61       62.61       59.27       59.27          5760412.66
12/16/2016       62.61       62.90       62.19       62.19          2105295.55
12/15/2016       62.61       63.45       61.76       62.57          2893131.07
12/14/2016       62.61       63.20       62.10       62.86          2080155.26
12/13/2016       62.61       62.90       61.55       62.61          3359887.12
12/12/2016       65.06       65.06       63.03       63.03          1577361.24
12/09/2016       63.45       64.64       63.45       64.64          6195539.46
12/08/2016       63.45       64.13       62.40       62.95          5194501.98
12/07/2016       63.45       63.45       63.03       63.41          1949985.99
12/06/2016       63.45       63.88       62.44       63.03          2034389.76
12/05/2016       64.39       64.39       62.95       63.45          2368198.94
12/02/2016       64.47       64.60       63.62       64.30          4154849.86
12/01/2016       63.79       64.89       63.45       64.64          4263117.40
11/29/2016       62.61       63.66       62.44       63.45          9727590.89
11/28/2016       63.45       63.45       61.38       62.61          6692589.15
11/25/2016       62.61       63.45       62.61       63.24          3150609.26
11/24/2016       60.49       62.19       60.49       61.76          7095850.31
11/23/2016       62.73       62.73       59.65       59.82          9233909.79
11/22/2016       64.30       64.55       62.61       62.61          7935739.35
11/21/2016       65.15       65.36       64.30       64.55          3781409.56
11/18/2016       65.48       65.70       65.10       65.15          3537145.68
11/17/2016       64.77       66.03       64.77       65.61          4710690.24
11/16/2016       64.64       65.57       64.22       64.72          4650729.41
11/15/2016       63.62       64.72       63.58       63.96          3139073.33
11/14/2016       65.27       65.27       63.45       63.45          4263341.97
11/11/2016       68.11       68.15       64.98       65.36          7532501.83
11/10/2016       67.22       68.53       67.05       68.53          4802185.78
11/09/2016       68.53       68.95       63.88       65.78          8621630.81
11/08/2016       66.50       68.11       66.50       68.11          4696282.15
11/07/2016       67.47       67.47       65.57       66.12          4047208.75
11/04/2016       65.99       67.18       65.99       67.09          7621479.79
11/03/2016       65.31       65.91       65.23       65.53          6301017.58
11/02/2016       68.28       68.28       65.15       65.31         10566782.58
10/28/2016       72.08       72.08       67.68       68.78         10081587.95
10/27/2016       73.61       73.61       72.08       72.08          3061477.65
10/26/2016       73.52       74.03       73.10       73.78          4893752.22
10/25/2016       71.83       73.78       71.83       73.69          7336651.04
10/24/2016       71.36       72.59       71.36       72.04          3395806.89
10/21/2016       73.44       73.61       72.76       73.56          3636016.64
10/20/2016       72.76       73.73       72.76       73.56          3208087.98
10/19/2016       71.91       72.76       70.22       72.76          7773917.19
10/18/2016       70.09       71.91       69.97       71.91          4978616.96
10/17/2016       70.43       70.43       69.63       70.09          4014184.78
10/14/2016       70.05       70.86       70.05       70.43          3799895.41
10/13/2016       71.15       71.19       69.55       70.05          5269473.71
10/12/2016       71.53       71.75       71.15       71.66          1486834.91
10/11/2016       71.11       71.53       71.07       71.53          1752350.44
10/10/2016       71.07       71.45       70.98       71.07          2185396.98
10/07/2016       71.53       71.58       70.98       71.07          9821521.26
10/06/2016       71.91       71.91       70.90       71.07          5132602.73
10/05/2016       73.52       73.52       71.79       71.91          3577710.55
10/04/2016       73.06       73.39       73.06       73.23          3159603.98
10/03/2016       72.76       73.31       72.30       73.01          2445747.34
09/30/2016       72.51       72.89       72.17       72.17          9558889.72
09/29/2016       72.25       73.18       71.87       73.18          4274416.94
09/28/2016       72.13       72.25       71.91       72.17          5182906.95
09/27/2016       72.21       72.25       71.91       72.08          3938468.42
09/26/2016       72.04       72.34       71.91       72.13          3113212.04
09/23/2016       72.93       73.44       71.91       72.04          4706163.33
09/22/2016       73.18       73.65       72.76       73.35          5219157.67
09/21/2016       72.59       73.10       71.91       72.59          5798968.20
09/20/2016       71.96       73.14       71.96       72.59          2011518.83
09/19/2016       72.76       72.76       71.66       71.91          4568074.93
09/16/2016       74.45       74.45       72.34       72.89          4845741.00
09/15/2016       73.35       74.37       72.84       74.37          4413805.50
09/14/2016       71.91       73.52       71.75       73.52          4691814.34
09/13/2016       71.45       72.25       71.07       72.25          2887055.79
09/09/2016       72.42       72.42       71.41       71.49          3274703.25
09/08/2016       70.81       73.35       70.39       72.42          3614185.84
09/07/2016       72.46       72.46       70.64       70.81          9197765.45
09/06/2016       73.44       73.44       71.83       72.68          4191088.75
09/05/2016       73.78       73.82       72.80       73.44          1276469.65
09/02/2016       73.94       74.24       73.56       73.86          5126432.89
09/01/2016       72.34       73.94       72.34       73.94          4215224.38
08/31/2016       73.61       73.61       70.64       70.64          4876802.92
08/30/2016       74.28       74.28       72.00       73.61          5789843.47
08/26/2016       74.03       74.45       73.90       74.28          4635836.71
08/25/2016       75.47       75.47       74.20       74.24          2946981.17
08/24/2016       75.72       75.89       75.26       75.51          4672111.06
08/23/2016       75.89       76.10       75.30       75.30          2395490.40
08/22/2016       76.14       76.14       75.76       75.89          1891892.65
08/19/2016       76.14       76.14       75.51       75.97          3110434.43
08/18/2016       76.14       76.14       75.97       75.97          2667814.01
08/17/2016       76.06       76.14       76.06       76.10          4610282.73
08/16/2016       75.30       76.57       75.30       76.06         17033345.50
08/15/2016       76.57       76.61       74.88       75.26         18040304.60
08/12/2016       78.85       78.89       77.41       77.41          3473757.16
08/11/2016       79.11       79.36       78.60       78.85          1360388.82
08/10/2016       79.28       79.32       78.77       78.98          1693181.51
08/09/2016       79.53       80.38       79.36       79.36          2359346.06
08/08/2016       77.58       79.53       77.58       79.49          2786482.80
08/05/2016       78.68       78.68       76.91       77.12          5317863.16
08/04/2016       81.22       81.22       78.26       78.68          4303327.69
08/03/2016       81.90       81.90       80.97       81.22          3053345.76
08/02/2016       80.67       81.64       80.63       81.64          3475861.04
08/01/2016       80.38       80.71       80.29       80.59          2896866.06
07/29/2016       80.71       80.71       80.33       80.33          1895095.76
07/28/2016       81.22       81.35       79.95       80.71          2380373.13
07/27/2016       80.88       81.22       80.38       81.22          1653349.46
07/26/2016       80.38       81.01       80.38       80.80          2725848.25
07/25/2016       80.54       82.07       80.21       80.38          1885261.85
07/22/2016       82.03       82.49       79.53       79.53          2585596.86
07/21/2016       79.87       82.07       79.61       81.98          4919637.15
07/20/2016       79.83       79.99       79.11       79.87          1413848.88
07/19/2016       79.06       79.95       79.06       79.83          2823868.20
07/18/2016       80.25       80.25       78.81       79.11          1993683.05
07/15/2016       79.53       80.38       79.32       80.38          4464854.36
07/14/2016       79.36       79.57       78.68       79.53          3548315.20
07/13/2016       79.36       79.66       79.11       79.40          6267981.80
07/12/2016       76.86       79.53       76.86       79.36          8653236.42
07/11/2016       76.14       76.99       75.81       76.86          3671085.40
07/08/2016       75.30       76.91       75.30       76.91          4039809.68
07/07/2016       75.13       75.47       75.09       75.30          3667752.27
07/05/2016       75.30       76.14       74.45       75.13          3072777.19
07/04/2016       75.47       75.51       73.52       75.30          2870141.94
07/01/2016       76.95       76.99       75.30       75.30          1685321.48
06/30/2016       76.14       76.99       72.59       76.44          6228669.80
06/29/2016       74.11       76.14       74.03       76.14          2540812.39
06/28/2016       73.18       74.03       73.18       74.03          3680363.79
06/27/2016       73.61       74.03       72.34       73.18          2325719.29
06/24/2016       75.21       76.14       71.91       73.82          6025136.27
06/23/2016       74.88       75.34       74.88       75.17          3646287.88
06/22/2016       75.30       75.47       74.37       74.88          7669301.90
06/21/2016       74.88       75.72       74.88       75.30         10158923.60
06/20/2016       73.65       74.96       73.65       74.45          6837379.27
06/17/2016       73.52       73.86       72.97       73.65          3459301.78
06/16/2016       72.30       73.94       71.70       72.89          1535614.41
06/15/2016       72.59       72.59       71.24       72.30          2631811.50
06/14/2016       73.18       73.18       71.15       71.45          5276388.17
06/13/2016       72.34       74.03       70.90       74.03          5713914.35
06/10/2016       72.59       72.76       71.91       72.34          2671454.44
06/09/2016       73.86       74.11       71.96       71.96          2443312.50
06/08/2016       73.86       74.45       73.86       73.86          3269431.71
06/07/2016       74.11       74.45       73.52       74.37          6119503.97
06/06/2016       72.80       73.94       72.80       73.65          3303720.37
06/03/2016       72.76       73.18       72.00       72.76          2543093.58
06/02/2016       73.78       73.78       72.76       72.76          2898154.40
06/01/2016       73.61       73.78       72.80       73.61          2644848.52
05/31/2016       72.76       75.26       71.24       73.69         27222776.67
05/30/2016       71.91       72.76       71.58       72.76          3448226.82
05/27/2016       72.76       72.76       71.24       71.91          2589142.74
05/26/2016       73.44       73.44       71.49       72.00          2598149.28
05/25/2016       72.76       73.44       72.76       73.18          2502895.11
05/24/2016       71.91       72.93       71.83       72.13          2692528.79
05/23/2016       71.07       72.76       70.90       70.90          3691556.95
05/20/2016       72.34       72.34       70.64       71.41          2024709.51
05/19/2016       74.75       75.00       71.70       72.34          3672030.97
05/18/2016       74.79       74.92       73.06       74.71          4560652.22
05/17/2016       73.69       75.38       73.69       74.96          7499076.00
05/16/2016       72.76       74.11       72.76       73.61          5464828.08
05/13/2016       72.76       73.78       72.08       73.61         13140193.43
05/12/2016       70.39       70.39       68.95       69.97          3950370.75
05/11/2016       67.85       70.64       67.85       70.22          6779345.03
05/10/2016       66.97       67.18       66.50       67.01          5504234.63
05/06/2016       66.67       67.26       65.99       65.99          2600725.95
05/05/2016       66.80       66.92       66.46       66.67          2423219.18
05/04/2016       66.37       66.84       66.33       66.84          2907598.26
05/03/2016       66.08       67.26       66.08       66.42          1614403.87
05/02/2016       68.53       68.53       65.99       66.42          2457685.14
04/29/2016       69.97       69.97       68.66       68.74          1964382.26
04/28/2016       69.67       70.22       69.59       70.01          3195795.59
04/27/2016       70.05       70.05       69.25       69.67          1583519.25
04/26/2016       70.05       70.22       69.80       70.22           785625.25
04/25/2016       71.07       71.45       70.01       70.22          1427335.04
04/22/2016       70.22       71.45       69.38       71.45          2010490.53
04/21/2016       69.29       70.22       69.21       70.22          3598985.83
04/20/2016       70.22       70.22       69.17       69.25          2350398.62
04/19/2016       71.15       71.24       70.22       70.22          2249010.08
04/18/2016       72.13       72.13       70.22       71.07          1665890.05
04/15/2016       71.53       71.75       70.39       71.07          4616700.77
04/14/2016       71.79       72.17       71.75       71.83          3139404.28
04/13/2016       72.72       72.84       71.41       71.79          2215206.02
04/12/2016       71.49       72.72       70.81       72.72          2449340.50
04/11/2016       71.91       71.91       70.69       71.53          5258682.41
04/08/2016       72.34       72.34       71.75       71.91          2351356.01
04/07/2016       71.66       72.80       71.66       72.55          2184758.73
04/06/2016       70.35       71.49       70.14       71.49          1485428.38
04/05/2016       70.60       70.60       70.14       70.22          1528546.29
04/04/2016       69.97       71.32       69.97       70.64          2097553.71
04/01/2016       69.76       70.14       69.50       69.88          3888920.65
03/31/2016       70.69       70.73       69.42       69.76          3387344.05
03/30/2016       71.49       71.79       70.48       70.81          5081991.19
03/29/2016       72.72       72.72       71.07       71.49          1212135.56
03/28/2016       73.14       73.18       72.59       72.76          3475896.50
03/23/2016       73.65       73.65       72.76       73.14          1998032.67
03/22/2016       73.90       73.90       72.89       73.78          2743246.70
03/21/2016       73.94       74.11       73.56       73.90          2482719.05
03/18/2016       72.34       74.03       72.30       74.03          4318941.38
03/17/2016       71.58       72.68       71.32       72.68          3257907.60
03/16/2016       70.64       71.49       70.43       71.36          3257446.63
03/15/2016       70.98       70.98       70.22       70.64          3342736.88
03/14/2016       71.19       71.66       70.22       70.98          6130271.62
03/11/2016       68.95       71.15       68.70       71.15          5131763.54
03/10/2016       67.68       69.21       67.35       68.95          6555682.71
03/09/2016       65.57       68.19       65.57       67.68          4271284.75
03/08/2016       65.78       65.91       65.31       65.57          2331794.57
03/07/2016       65.23       65.95       65.23       65.82          1533215.03
03/04/2016       65.57       65.78       65.10       65.19          6576154.26
03/03/2016       65.02       65.48       65.02       65.15          3451784.52
03/02/2016       64.30       65.91       64.30       65.40          3133671.77
03/01/2016       63.96       64.64       63.88       64.22          1329043.24
02/29/2016       63.79       64.64       63.79       63.96          1547422.19
02/26/2016       63.24       63.71       63.12       63.71          4869900.27
02/24/2016       64.39       64.51       63.37       63.71          4932851.47
02/23/2016       64.89       65.15       63.88       64.64          1714905.94
02/22/2016       66.67       66.67       64.68       64.68          1366097.69
02/19/2016       67.18       67.18       66.33       66.88          3180891.08
02/18/2016       64.30       67.26       64.30       67.26          3332902.97
02/17/2016       64.00       64.30       63.50       64.30          2054069.40
02/16/2016       63.33       64.34       63.12       63.45          2869941.01
02/15/2016       62.57       63.28       62.27       63.03          4151682.20
02/12/2016       62.31       63.03       61.30       62.52          1295298.28
02/11/2016       62.14       62.35       61.72       62.31          1099861.17
02/10/2016       62.40       62.40       61.76       62.40           430907.20
02/09/2016       63.28       63.28       61.38       61.59           895039.30
02/05/2016       60.96       63.79       60.96       63.71          2959769.98
02/04/2016       60.53       61.34       60.53       60.92          5460643.94
02/03/2016       61.34       61.34       59.69       60.15          4529885.80
02/02/2016       62.61       62.61       61.76       61.76          3600995.16
02/01/2016       62.44       62.69       61.51       62.57          3597744.77
01/29/2016       62.44       62.61       60.07       60.07          3027058.97
01/28/2016       61.30       61.76       61.04       61.72          2293912.74
01/27/2016       60.03       61.30       60.03       61.30          2812462.29
01/26/2016       60.03       60.32       59.22       59.60          4656497.37
01/25/2016       58.80       60.41       58.38       60.32          5717495.69
01/22/2016       57.70       58.38       57.36       57.78          6032062.56
01/21/2016       58.76       58.76       56.94       57.62         10828338.53
01/20/2016       59.22       60.41       58.84       59.14          2601931.55
01/19/2016       59.14       59.22       58.84       59.14          2027841.70
01/18/2016       60.07       60.07       58.76       59.14          2373541.40
01/15/2016       60.20       61.68       60.20       60.66          6689173.29
01/14/2016       60.92       60.92       59.22       59.90          1821518.74
01/13/2016       60.07       62.57       60.07       61.09          2564451.60
01/12/2016       58.63       60.32       58.63       59.18          3672527.39
01/11/2016       62.78       62.78       58.38       58.38          4708373.60
01/08/2016       64.64       64.64       62.95       62.95          3886627.65
01/07/2016       65.82       65.82       64.72       64.72           905594.21
01/06/2016       65.99       66.50       65.57       65.70          2929003.56
01/05/2016       66.84       66.88       65.40       65.74          4518881.75
01/04/2016       68.28       68.53       67.26       67.26          1777821.68
12/29/2015       68.53       69.38       67.90       68.11          1796981.25
12/28/2015       67.73       69.33       67.73       69.12          1317790.98
12/23/2015       67.26       68.06       67.26       67.26          1454874.71
12/22/2015       67.94       68.02       66.84       66.84           784230.54
12/21/2015       68.06       68.06       67.68       67.90           722709.52
12/18/2015       68.36       68.36       66.97       67.26           876447.07
12/17/2015       67.18       68.49       67.18       68.49          3614954.11
12/16/2015       64.94       67.35       64.94       67.18          2680697.37
12/15/2015       65.15       65.57       64.72       64.77          1006332.67
12/14/2015       65.31       65.99       64.60       65.15          2503391.54
12/11/2015       66.84       67.60       65.31       65.31          1946262.81
12/10/2015       68.23       68.23       66.84       66.84          2719501.12
12/09/2015       67.05       68.40       66.84       68.11          1157659.02
12/08/2015       67.85       67.85       66.50       66.84          2044968.30
12/07/2015       69.38       69.76       67.85       67.85           417740.17
12/04/2015       69.29       69.80       68.06       69.80          1613103.71
12/03/2015       68.02       69.55       68.02       68.53          1903428.58
12/02/2015       69.38       69.93       68.57       68.61           721941.24
12/01/2015       68.11       69.97       68.02       69.38          1109068.64
11/27/2015       68.57       68.57       68.11       68.11          8290362.84
11/26/2015       69.21       69.21       68.36       68.57           787563.67
11/25/2015       69.17       69.17       68.36       68.53          2103227.12
11/24/2015       68.53       68.53       68.11       68.11          2685850.72
11/23/2015       68.61       68.74       68.15       68.53          3707998.01
11/20/2015       69.29       69.29       68.11       68.61          2233869.17
11/17/2015       67.73       68.95       67.68       68.57          2652070.30
11/16/2015       67.26       67.56       66.37       66.88          3227377.57
11/13/2015       69.29       69.29       67.64       67.73          3820366.96
11/12/2015       71.49       71.91       68.28       68.28          1832948.30
11/11/2015       71.49       71.87       71.36       71.49          1978163.92
11/10/2015       72.76       72.76       71.11       71.91           285963.43
11/09/2015       73.18       73.18       71.41       72.76           697581.04
11/06/2015       71.49       73.18       71.49       73.18          1134445.32
11/05/2015       71.58       71.91       70.90       71.24          1929242.59
11/04/2015       72.13       72.76       71.03       71.49          1074283.55
11/03/2015       72.51       72.55       71.91       71.91          1985610.27
11/02/2015       72.59       72.59       71.49       72.13          2976293.78
10/30/2015       73.10       73.10       71.79       71.96          1577443.98
10/29/2015       73.61       73.61       71.07       72.25          2390928.03
10/28/2015       73.94       74.24       73.52       73.61          3163634.46
10/27/2015       72.93       74.03       72.93       73.94          4347875.76
10/26/2015       71.07       73.61       71.07       72.93          3871285.80
10/23/2015       69.80       70.98       69.80       70.43          1212206.48
10/22/2015       69.80       69.80       69.21       69.46          2730375.16
10/21/2015       70.01       70.18       69.72       69.80          2407629.13
10/20/2015       70.22       70.39       69.80       70.01          1670405.14
10/19/2015       71.07       71.87       70.35       70.52          1456907.68
10/16/2015       71.41       72.17       70.73       71.07          3322206.23
10/15/2015       68.95       71.45       68.95       71.41          1932823.93
10/14/2015       71.49       71.49       68.66       68.66          2390951.67
10/13/2015       72.59       72.59       70.39       70.98          3344769.85
10/12/2015       70.98       72.34       70.86       72.34          2564026.09
10/09/2015       71.91       71.91       70.39       70.94          4792682.82
10/08/2015       71.11       71.49       70.69       71.07          2722597.86
10/07/2015       70.56       72.51       70.39       71.07          2707787.90
10/06/2015       72.76       72.76       70.90       70.90          2562075.86
10/05/2015       68.53       71.91       68.28       71.91          3007107.48
10/02/2015       69.80       70.14       68.11       68.53          1547268.53
10/01/2015       69.12       70.18       69.12       69.63          3940477.75
09/30/2015       69.29       70.64       68.70       69.04          5511290.93
09/29/2015       68.02       68.95       67.35       68.95          1436093.37
09/28/2015       68.95       69.29       67.90       67.90          1036141.70
09/24/2015       67.73       68.95       67.73       68.95           850219.37
09/23/2015       70.73       70.73       67.73       67.73          3009825.99
09/22/2015       71.07       71.49       70.64       70.73         12011551.53
09/21/2015       71.91       71.91       71.07       71.75           311292.84
09/18/2015       71.49       72.89       71.49       71.70          2867198.86
09/17/2015       71.79       72.59       71.15       71.49          1528711.76
09/16/2015       72.76       72.84       71.75       71.79          2491087.33
09/15/2015       70.18       72.76       70.14       72.76          2431008.30
09/14/2015       68.53       70.22       68.53       69.80          1332494.56
09/11/2015       68.49       68.61       68.15       68.53          2032049.48
09/10/2015       69.21       69.21       68.28       68.49          5215729.98
09/09/2015       67.77       69.38       67.68       69.25         16048760.90
09/08/2015       69.29       69.29       67.01       67.64          2074694.60
09/07/2015       70.31       70.31       69.12       69.29          1120840.96
09/04/2015       70.56       70.73       70.39       70.52          3598595.78
09/03/2015       70.52       71.03       70.43       70.56          1606224.71
09/02/2015       69.88       70.52       68.95       70.52          3039646.84
09/01/2015       70.64       71.11       70.14       70.98          5158404.92
08/28/2015       70.73       71.62       70.18       70.86          5821035.40
08/27/2015       69.80       71.28       69.80       70.69          4339602.04
08/26/2015       68.95       69.84       67.73       69.80          4846946.61
08/25/2015       66.84       70.22       65.19       69.80          2699596.92
08/24/2015       69.80       69.80       63.45       68.36          6385705.03
08/20/2015       71.24       71.32       70.64       70.64          2236162.17
08/19/2015       70.22       71.91       70.22       71.83           735569.24
08/18/2015       71.41       71.83       69.63       69.63          1523298.38
08/17/2015       72.76       73.52       70.56       71.41          3759011.41
08/14/2015       73.61       73.90       71.91       71.91          2530375.69
08/13/2015       74.11       74.20       72.93       73.61          3324440.13
08/12/2015       73.61       74.45       73.61       74.11          2118923.55
08/11/2015       73.69       74.20       73.61       73.61          2011424.27
08/10/2015       74.45       74.66       73.69       73.69          4652750.56
08/07/2015       74.45       74.54       74.37       74.45          2773398.51
08/06/2015       74.62       76.06       74.45       74.45          3719510.30
08/05/2015       74.88       75.51       74.54       74.54          8366398.34
08/04/2015       74.45       75.13       74.41       74.88          8820471.96
08/03/2015       74.66       75.30       74.33       74.50          3362215.58
07/31/2015       75.30       75.47       74.45       74.75          8349094.44
07/30/2015       75.72       76.14       75.26       75.30          3793595.56
07/29/2015       74.83       76.06       74.83       75.13         12201988.95
07/28/2015       75.93       75.93       74.11       74.88          4089463.82
07/27/2015       76.40       76.44       76.06       76.06          3301911.97
07/24/2015       77.08       77.08       75.97       76.44           683905.77
07/23/2015       77.20       77.37       76.65       77.33          1021213.54
07/22/2015       76.74       77.92       76.57       77.41          2913177.11
07/21/2015       76.57       77.41       76.14       77.41          1646056.76
07/20/2015       77.41       77.41       76.14       76.57          2541202.44
07/16/2015       77.16       77.41       76.65       77.41          3794505.67
07/15/2015       76.65       77.41       76.40       77.16          2845474.43
07/14/2015       76.57       77.25       76.23       77.03          3810639.43
07/13/2015       76.06       77.54       74.75       76.99          1556925.15
07/10/2015       75.38       76.14       74.62       76.14          2429802.70
07/09/2015       75.30       76.44       74.03       76.14          4177295.28
07/08/2015       79.11       79.11       74.88       75.72          3863449.41
07/07/2015       78.94       79.11       78.72       79.11          2945952.86
07/06/2015       79.11       79.15       78.68       78.85          8305941.08
07/03/2015       79.02       79.87       78.77       79.11          3067848.41
07/02/2015       79.11       79.36       78.26       78.72          3802625.74
07/01/2015       78.68       79.11       78.51       79.11          2743317.62
06/30/2015       77.84       79.53       77.41       79.53          3435863.51
06/29/2015       78.68       78.68       77.84       78.22          2292541.67
06/26/2015       78.43       79.11       78.43       78.89          3337749.00
06/25/2015       78.56       78.81       76.74       78.43          4616901.71
06/24/2015       76.99       78.68       76.99       78.64          5531904.31
06/23/2015       76.82       77.41       76.82       76.99          5022644.98
06/22/2015       76.57       76.99       76.10       76.82          1817346.42
06/19/2015       76.23       76.95       75.89       76.31          1610869.81
06/18/2015       76.10       76.31       76.02       76.19          2234791.10
06/17/2015       75.30       76.14       75.30       75.76          5103668.34
06/16/2015       75.09       76.31       74.37       76.14          3776693.54
06/15/2015       75.13       75.13       73.10       74.07          2803077.52
06/11/2015       74.66       75.47       74.45       75.13         21193537.81
06/10/2015       72.84       74.45       72.76       74.45          9364268.17
06/09/2015       75.17       75.81       72.34       72.76          8209800.44
06/08/2015       76.14       76.14       75.09       75.81          5822548.31
06/05/2015       75.85       76.57       75.72       76.31          1510166.81
06/04/2015       76.02       76.10       75.30       75.89          4667690.53
06/03/2015       76.86       76.86       75.72       76.02          3851074.29
06/02/2015       76.99       77.29       76.82       76.86          2325778.39
06/01/2015       76.14       77.33       75.72       76.99          3143883.91
05/29/2015       74.88       76.44       74.88       75.72          8757343.47
05/28/2015       76.14       76.57       75.30       76.14          7008917.14
05/27/2015       77.25       77.58       75.43       76.14         11573670.77
05/26/2015       77.84       78.68       77.25       78.64          5482652.04
05/25/2015       79.23       79.23       78.34       78.68          4204208.51
05/22/2015       79.49       79.49       78.51       79.19          3384460.07
05/21/2015       79.53       79.53       78.68       79.11          2871288.44
05/20/2015       78.43       78.85       78.22       78.39          7656997.69
05/19/2015       79.53       79.53       78.72       79.02          1760163.19
05/18/2015       78.68       79.53       78.51       79.53          3052234.72
05/15/2015       79.70       79.70       78.89       79.32          3836264.33
05/14/2015       78.13       79.70       78.09       79.70          2865035.87
05/13/2015       79.11       79.32       77.67       77.84          5497024.67
05/12/2015       78.77       79.53       78.77       79.02          2830286.25
05/11/2015       78.68       80.04       78.68       79.95          2443241.58
05/08/2015       79.15       79.19       78.26       78.68          3260496.09
05/07/2015       78.77       79.53       78.77       79.15          3427684.35
05/06/2015       79.74       79.87       78.94       79.87          5833776.93
05/05/2015       78.85       79.74       78.68       79.23          4899827.50
05/04/2015       78.68       78.89       77.84       78.60          9292393.18
04/30/2015       78.26       79.19       76.74       78.68         12717051.71
04/29/2015       79.49       79.95       77.84       78.68         10571510.42
04/28/2015       82.03       82.07       79.57       80.16          9614489.13
04/27/2015       82.91       82.91       81.01       81.47          4788534.13
04/24/2015       82.83       82.83       81.64       82.24          6824484.08
04/23/2015       83.34       83.34       81.94       82.07          5242773.23
04/22/2015       81.86       83.76       81.43       83.76          2574699.19
04/21/2015       82.24       82.49       81.64       82.15          3669856.16
04/20/2015       81.22       82.24       80.38       82.24          8760664.78
04/17/2015       81.90       81.98       80.88       81.39         11509206.66
04/16/2015       81.98       82.49       80.80       81.90          7488627.47
04/15/2015       83.89       83.89       81.05       82.24          7438240.51
04/14/2015       83.63       83.93       83.46       83.76          5340615.89
04/13/2015       84.18       84.18       83.12       83.63          5479697.14
04/10/2015       82.83       84.56       82.53       84.18          7190206.18
04/08/2015       83.72       83.72       82.49       82.83          3612873.86
04/07/2015       83.97       84.61       82.53       83.76          3684926.15
04/06/2015       83.76       84.61       83.38       84.44          4447349.53
04/01/2015       82.91       84.10       82.91       83.76          4707806.26
03/31/2015       83.25       83.38       82.36       82.53          5983413.08
03/30/2015       83.00       83.59       82.91       82.91          7546862.65
03/27/2015       80.54       82.49       80.54       82.32          5171205.54
03/26/2015       82.24       82.70       82.15       82.58          4991051.18
03/25/2015       81.22       82.11       81.22       82.07          6424638.79
03/24/2015       80.84       81.81       80.84       81.52          6636268.75
03/23/2015       80.38       81.05       79.66       80.84          8158692.49
03/20/2015       79.15       80.50       78.26       80.50          3324463.77
03/19/2015       78.56       79.36       78.22       79.19          5305204.36
03/18/2015       77.84       78.60       77.62       78.60          5670619.15
03/17/2015       78.43       78.68       77.50       78.26          4003748.07
03/16/2015       78.05       78.56       77.67       78.43          3713801.44
03/13/2015       77.92       78.60       77.92       78.26          5717684.81
03/12/2015       77.02       77.43       77.02       77.26         10805949.83
03/11/2015       77.22       77.26       76.94       77.02          5689882.37
03/10/2015       77.06       77.55       76.94       77.22         12753435.48
03/09/2015       77.55       77.59       76.73       77.02         10473139.62
03/06/2015       76.07       77.55       76.07       77.55          3263336.21
03/05/2015       77.14       77.55       75.50       75.50          2062004.92
03/04/2015       77.02       77.80       76.89       77.14          1572708.59
03/03/2015       76.73       77.72       76.69       77.02          3975797.68
03/02/2015       76.32       77.14       76.28       76.81          3337204.68
02/27/2015       77.80       77.96       75.54       75.95          2964023.93
02/26/2015       78.08       78.13       77.14       77.43          2596314.46
02/25/2015       77.76       78.50       77.76       78.08          1235767.50
02/24/2015       78.45       79.19       77.72       77.72          2073922.33
02/23/2015       77.96       78.78       77.96       78.50          1911258.17
02/20/2015       77.96       78.00       77.47       77.72          2818334.16
02/18/2015       78.08       78.70       77.63       78.04           925975.69
02/17/2015       78.70       78.70       78.00       78.08          2078394.41
02/16/2015       77.06       79.19       77.06       78.70          3734342.11
02/13/2015       76.65       77.10       75.29       77.06          3621614.11
02/12/2015       75.50       75.50       74.92       75.25          4901225.02
02/11/2015       77.14       77.22       75.50       75.50          3609404.24
02/10/2015       77.59       77.63       76.73       77.14          1525233.91
02/09/2015       77.76       78.86       77.55       77.59          1702130.73
02/06/2015       78.21       78.21       77.31       77.76          2305129.90
02/05/2015       77.76       78.29       77.43       77.72          2776562.29
02/04/2015       76.40       79.03       76.32       77.72          5511730.45
02/03/2015       76.73       77.02       76.40       76.57          4284407.50
02/02/2015       78.21       78.29       76.73       76.89          4091450.20
01/30/2015       80.38       80.67       77.92       78.21          5107391.39
01/29/2015       80.38       81.33       80.01       80.38          3500758.38
01/28/2015       81.24       81.24       79.77       80.42          4020140.69
01/27/2015       78.00       81.37       77.92       80.83          6831894.68
01/26/2015       76.65       78.17       76.65       78.04          2722446.51
01/23/2015       73.82       76.53       73.78       76.53          7839890.93
01/22/2015       75.91       75.91       73.04       73.86         11129133.50
01/21/2015       74.68       76.65       74.68       76.03          9701797.85
01/20/2015       74.68       74.84       74.19       74.60         10581346.81
01/19/2015       73.86       75.01       73.86       75.01         10080328.04
01/14/2015       73.04       73.94       73.04       73.37          8367291.29
01/13/2015       72.22       72.92       72.18       72.63          3815558.43
01/12/2015       72.63       72.63       71.81       72.22          6764752.61
01/09/2015       71.52       73.12       71.52       72.63          9629428.20
01/08/2015       69.84       71.64       69.84       71.48         10338892.03
01/07/2015       68.93       69.92       68.85       69.75          5023689.23
01/06/2015       68.52       69.30       68.16       68.93          3444339.54
01/05/2015       68.11       70.17       68.07       68.93          4433009.59
