MEG  1216

12/27/2019        4.14        4.18        4.01        4.01         27824000.00
12/26/2019        4.05        4.15        4.05        4.09         16667000.00
12/23/2019        4.04        4.11        4.03        4.03         21733000.00
12/20/2019        4.13        4.13        3.97        4.00         39250000.00
12/19/2019        4.09        4.16        4.09        4.10         22182000.00
12/18/2019        4.04        4.09        4.01        4.07         30810000.00
12/17/2019        4.13        4.14        3.97        4.04         35305000.00
12/16/2019        4.32        4.36        4.11        4.11         22837000.00
12/13/2019        4.30        4.35        4.30        4.30         62501000.00
12/12/2019        4.34        4.34        4.21        4.25         15460000.00
12/11/2019        4.27        4.35        4.26        4.31         14311000.00
12/10/2019        4.18        4.26        4.18        4.25         10597000.00
12/09/2019        4.28        4.33        4.17        4.18         22215000.00
12/06/2019        4.33        4.37        4.27        4.27         25236000.00
12/05/2019        4.20        4.35        4.20        4.30         19280000.00
12/04/2019        4.35        4.40        4.18        4.18         32334000.00
12/03/2019        4.46        4.46        4.35        4.35         18564000.00
12/02/2019        4.41        4.47        4.41        4.43         19207000.00
11/29/2019        4.56        4.57        4.38        4.43         14306000.00
11/28/2019        4.61        4.61        4.48        4.55         12819000.00
11/27/2019        4.50        4.64        4.48        4.56         19933000.00
11/26/2019        4.50        4.54        4.42        4.45         37766000.00
11/25/2019        4.55        4.55        4.50        4.50         10055000.00
11/22/2019        4.57        4.57        4.51        4.55          8920000.00
11/21/2019        4.65        4.65        4.56        4.60         12937000.00
11/20/2019        4.74        4.74        4.64        4.65         12228000.00
11/19/2019        4.70        4.76        4.69        4.76         12710000.00
11/18/2019        4.78        4.79        4.67        4.70         11945000.00
11/15/2019        4.85        4.85        4.74        4.78         13691000.00
11/14/2019        4.89        4.89        4.82        4.85         13857000.00
11/13/2019        4.85        4.89        4.81        4.89         12537000.00
11/12/2019        4.89        4.90        4.83        4.85         13179000.00
11/11/2019        4.90        4.90        4.85        4.87          9505000.00
11/08/2019        4.94        4.94        4.85        4.90          8257000.00
11/07/2019        4.87        4.94        4.86        4.94         10929000.00
11/06/2019        4.98        4.98        4.86        4.86         14800000.00
11/05/2019        4.90        4.97        4.87        4.95         23534000.00
11/04/2019        4.85        4.89        4.82        4.89          5074000.00
10/31/2019        4.83        4.85        4.82        4.83          9571000.00
10/30/2019        4.84        4.84        4.80        4.82         10775000.00
10/29/2019        4.88        4.88        4.80        4.84         22179000.00
10/28/2019        4.86        4.90        4.82        4.86         13262000.00
10/25/2019        4.95        4.95        4.84        4.86         12026000.00
10/24/2019        4.89        4.90        4.82        4.90         16548000.00
10/23/2019        4.88        4.88        4.80        4.87         17525000.00
10/22/2019        4.81        4.91        4.80        4.90         18488000.00
10/21/2019        4.80        4.82        4.75        4.81          5103000.00
10/18/2019        4.80        4.84        4.76        4.80          6537000.00
10/17/2019        4.78        4.82        4.75        4.80          8513000.00
10/16/2019        4.72        4.82        4.71        4.77         45498000.00
10/15/2019        4.77        4.79        4.71        4.72         24766000.00
10/14/2019        4.66        4.77        4.66        4.76         19204000.00
10/11/2019        4.57        4.66        4.57        4.62         15916000.00
10/10/2019        4.56        4.60        4.53        4.53         19265000.00
10/09/2019        4.56        4.61        4.54        4.55         14840000.00
10/08/2019        4.63        4.68        4.49        4.53         29755000.00
10/07/2019        4.53        4.63        4.51        4.60         28300000.00
10/04/2019        4.40        4.52        4.40        4.50         55122000.00
10/03/2019        4.48        4.49        4.36        4.37         35035000.00
10/02/2019        4.45        4.53        4.40        4.45         61174000.00
10/01/2019        4.38        4.47        4.37        4.40         42013000.00
09/30/2019        4.47        4.50        4.30        4.37         46797000.00
09/27/2019        4.79        4.81        4.46        4.46         92220000.00
09/26/2019        4.74        4.87        4.70        4.79         17581000.00
09/25/2019        4.97        4.98        4.70        4.72         26913000.00
09/24/2019        4.85        4.98        4.84        4.97         16350000.00
09/23/2019        4.95        5.00        4.80        4.81         17000000.00
09/20/2019        5.01        5.05        4.92        4.92         29577000.00
09/19/2019        5.07        5.10        5.01        5.01          6375500.00
09/18/2019        5.14        5.14        5.05        5.06         12262900.00
09/17/2019        5.20        5.21        5.10        5.14          8614500.00
09/16/2019        5.16        5.18        5.09        5.18          8105400.00
09/13/2019        5.16        5.20        5.14        5.17         15791100.00
09/12/2019        5.07        5.18        5.07        5.15         18187000.00
09/11/2019        5.05        5.12        5.00        5.07         13863800.00
09/10/2019        5.17        5.18        5.03        5.03         11628800.00
09/09/2019        5.19        5.23        5.13        5.18          3397900.00
09/06/2019        5.25        5.26        5.19        5.19         20366900.00
09/05/2019        5.30        5.30        5.14        5.18         61452301.00
09/04/2019        5.10        5.10        4.90        5.02         28309199.00
09/03/2019        5.10        5.20        5.04        5.10         31125000.00
09/02/2019        5.14        5.15        5.03        5.10         25477699.00
08/30/2019        5.05        5.20        5.05        5.13         76562602.00
08/29/2019        5.06        5.09        5.01        5.01         36408801.00
08/28/2019        4.87        5.03        4.82        5.01         70198000.00
08/27/2019        4.83        4.90        4.75        4.81         79163000.00
08/23/2019        4.85        4.93        4.74        4.80         61611000.00
08/22/2019        5.15        5.15        4.80        4.84        120639906.00
08/20/2019        5.30        5.34        5.25        5.29         20392699.00
08/19/2019        5.30        5.35        5.08        5.29         38087602.00
08/16/2019        5.39        5.40        5.29        5.29         28555199.00
08/15/2019        5.20        5.39        5.00        5.39         73685695.00
08/14/2019        5.47        5.47        5.26        5.28         58171602.00
08/13/2019        5.60        5.60        5.25        5.40        114634203.00
08/09/2019        5.75        5.83        5.60        5.70         44431699.00
08/08/2019        6.14        6.14        5.75        5.75         64539699.00
08/07/2019        6.02        6.16        6.00        6.11         11605900.00
08/06/2019        5.93        6.06        5.84        5.98         39822000.00
08/05/2019        6.22        6.22        5.98        5.98         36400898.00
08/02/2019        6.14        6.24        6.06        6.24         11131900.00
08/01/2019        6.07        6.15        6.02        6.15         26771699.00
07/31/2019        6.30        6.30        6.08        6.12         17032199.00
07/30/2019        6.20        6.30        6.10        6.30         10075000.00
07/29/2019        6.24        6.24        6.12        6.20          7244300.00
07/26/2019        6.30        6.30        6.24        6.25          9146600.00
07/25/2019        6.26        6.35        6.25        6.30         17304199.00
07/24/2019        6.29        6.37        6.25        6.25         11078600.00
07/23/2019        6.35        6.45        6.33        6.36         14263700.00
07/22/2019        6.35        6.45        6.30        6.35         19147400.00
07/19/2019        6.25        6.44        6.25        6.44         22220100.00
07/18/2019        6.25        6.36        6.24        6.25          9037300.00
07/17/2019        6.29        6.40        6.25        6.25         12061000.00
07/16/2019        6.50        6.50        6.29        6.29         20410900.00
07/15/2019        6.30        6.54        6.26        6.50         36601602.00
07/12/2019        6.16        6.30        6.11        6.30         31041100.00
07/11/2019        6.10        6.18        6.04        6.07         23114000.00
07/10/2019        6.01        6.05        5.96        6.01         18330801.00
07/09/2019        6.09        6.09        5.90        6.00         23530000.00
07/08/2019        6.10        6.17        6.08        6.12          4307200.00
07/05/2019        6.16        6.18        6.09        6.10          9905000.00
07/04/2019        6.11        6.22        6.11        6.16          6264600.00
07/03/2019        6.20        6.24        6.09        6.10         12311800.00
07/02/2019        6.15        6.24        6.15        6.20         25884699.00
07/01/2019        6.10        6.20        6.07        6.17         14281900.00
06/28/2019        6.10        6.11        5.99        6.10         13297400.00
06/27/2019        6.03        6.13        6.03        6.10         11467500.00
06/26/2019        6.02        6.05        6.00        6.00         48304602.00
06/25/2019        6.10        6.15        6.00        6.01          9345200.00
06/24/2019        6.00        6.11        6.00        6.10         12159400.00
06/21/2019        5.95        6.07        5.93        6.07         27352801.00
06/20/2019        6.00        6.02        5.90        5.90         14325400.00
06/19/2019        5.95        6.08        5.94        6.02         26172400.00
06/18/2019        5.95        5.95        5.89        5.91          8147200.00
06/17/2019        5.98        6.03        5.92        5.97          9031700.00
06/14/2019        5.94        6.00        5.90        5.98         24926600.00
06/13/2019        5.92        6.03        5.92        5.95         21882801.00
06/11/2019        6.08        6.16        6.00        6.00         25248100.00
06/10/2019        6.07        6.13        5.95        6.13          7020200.00
06/07/2019        6.15        6.15        6.05        6.07         20240699.00
06/06/2019        6.15        6.16        6.10        6.15         12017400.00
06/04/2019        6.06        6.17        5.98        6.11         28659801.00
06/03/2019        5.89        6.15        5.86        6.08         34228801.00
05/31/2019        5.95        6.08        5.81        5.90         37823500.00
05/30/2019        5.67        5.92        5.67        5.92         66652000.00
05/29/2019        5.57        5.65        5.52        5.62         17769500.00
05/28/2019        5.52        5.56        5.47        5.52         54170102.00
05/27/2019        5.47        5.48        5.43        5.46         11611900.00
05/24/2019        5.45        5.47        5.37        5.44          9986900.00
05/23/2019        5.55        5.58        5.45        5.49         18765699.00
05/22/2019        5.40        5.65        5.38        5.54         26661801.00
05/21/2019        5.37        5.44        5.35        5.40         24181801.00
05/20/2019        5.43        5.49        5.33        5.37         24277801.00
05/17/2019        5.27        5.60        5.25        5.45         31926801.00
05/16/2019        5.37        5.37        5.25        5.28         26035801.00
05/15/2019        5.45        5.45        5.31        5.37         23800500.00
05/14/2019        5.33        5.44        5.15        5.44         24974400.00
05/10/2019        5.41        5.58        5.33        5.33         27318000.00
05/09/2019        5.58        5.67        5.41        5.42         25451801.00
05/08/2019        5.77        5.82        5.56        5.56         25254400.00
05/07/2019        5.68        5.77        5.62        5.77         16203300.00
05/06/2019        5.77        5.78        5.64        5.68         16547000.00
05/03/2019        5.62        5.84        5.61        5.78         68071297.00
05/02/2019        5.60        5.67        5.59        5.63         22570301.00
04/30/2019        5.65        5.65        5.58        5.60         22014400.00
04/29/2019        5.50        5.73        5.50        5.73         13719100.00
04/26/2019        5.56        5.57        5.49        5.55         29353100.00
04/25/2019        5.60        5.60        5.56        5.59         36098000.00
04/24/2019        5.53        5.75        5.51        5.60         45193801.00
04/23/2019        5.44        5.58        5.42        5.50         12461100.00
04/22/2019        5.60        5.72        5.44        5.44         17056400.00
04/17/2019        5.78        5.80        5.65        5.69         15329700.00
04/16/2019        5.72        5.82        5.72        5.80         19702000.00
04/15/2019        5.77        5.79        5.68        5.79         14391500.00
04/12/2019        5.81        5.82        5.71        5.77         10823800.00
04/11/2019        5.80        5.80        5.71        5.80         13282100.00
04/10/2019        5.80        5.84        5.77        5.82         34049500.00
04/08/2019        5.70        5.78        5.68        5.74         25092199.00
04/05/2019        5.65        5.70        5.59        5.68         13080200.00
04/04/2019        5.62        5.65        5.58        5.65         13364900.00
04/03/2019        5.73        5.73        5.65        5.69          6659900.00
04/02/2019        5.73        5.79        5.70        5.70         31582000.00
04/01/2019        5.80        5.80        5.70        5.73         12059500.00
03/29/2019        5.70        5.80        5.67        5.80         30322699.00
03/28/2019        5.75        5.76        5.60        5.70         15300800.00
03/27/2019        5.71        5.78        5.55        5.75         16039000.00
03/26/2019        5.63        5.74        5.61        5.72         19237400.00
03/25/2019        5.85        5.85        5.60        5.65         17611100.00
03/22/2019        5.74        5.89        5.70        5.81         40200102.00
03/21/2019        5.57        5.76        5.55        5.74         46443500.00
03/20/2019        5.57        5.62        5.56        5.57          7278200.00
03/19/2019        5.60        5.62        5.58        5.60         16909000.00
03/18/2019        5.62        5.62        5.52        5.60          9236800.00
03/15/2019        5.53        5.62        5.52        5.62         41896398.00
03/14/2019        5.39        5.53        5.29        5.53         23255100.00
03/13/2019        5.45        5.48        5.35        5.41         11299000.00
03/12/2019        5.52        5.53        5.39        5.49         11519700.00
03/11/2019        5.44        5.56        5.36        5.54         52207699.00
03/08/2019        5.42        5.45        5.35        5.45         15609400.00
03/07/2019        5.27        5.45        5.26        5.41         36687898.00
03/06/2019        5.31        5.32        5.21        5.26         14577600.00
03/05/2019        5.33        5.34        5.29        5.31         21770699.00
03/04/2019        5.09        5.30        4.96        5.29         20372199.00
03/01/2019        5.17        5.19        4.96        5.15         23095900.00
02/28/2019        5.16        5.20        5.11        5.17         19255500.00
02/27/2019        5.30        5.31        5.15        5.15         23802600.00
02/26/2019        5.30        5.33        5.27        5.31         23354699.00
02/22/2019        5.31        5.31        5.25        5.30         15347100.00
02/21/2019        5.34        5.34        5.27        5.31         13029400.00
02/20/2019        5.31        5.34        5.24        5.32         21608699.00
02/19/2019        5.12        5.39        5.12        5.39         47136699.00
02/18/2019        5.13        5.20        5.12        5.12          9131800.00
02/15/2019        5.15        5.20        5.13        5.13         17136801.00
02/14/2019        5.20        5.20        5.09        5.12         12244100.00
02/13/2019        5.20        5.20        5.06        5.06         10723200.00
02/12/2019        5.21        5.25        5.16        5.20          5593800.00
02/11/2019        5.29        5.29        5.23        5.23         10552600.00
02/08/2019        5.28        5.34        5.17        5.29         28551500.00
02/07/2019        5.33        5.34        5.26        5.29         21108699.00
02/06/2019        5.21        5.33        5.20        5.30         14493700.00
02/04/2019        5.26        5.27        5.21        5.22          8170200.00
02/01/2019        5.16        5.29        5.16        5.27         12712000.00
01/31/2019        5.16        5.29        5.16        5.16         21511699.00
01/30/2019        5.29        5.30        5.05        5.17         27829400.00
01/29/2019        5.29        5.35        5.25        5.29         20288100.00
01/28/2019        5.24        5.30        5.24        5.29         11068400.00
01/25/2019        5.29        5.29        5.20        5.26         10302500.00
01/24/2019        5.25        5.33        5.20        5.27         23472900.00
01/23/2019        5.25        5.27        5.22        5.25         36665699.00
01/22/2019        5.34        5.35        5.24        5.25         28509900.00
01/21/2019        5.39        5.39        5.27        5.36         18772500.00
01/18/2019        5.27        5.38        5.24        5.38         55530199.00
01/17/2019        5.08        5.31        5.08        5.27         66556500.00
01/16/2019        5.15        5.15        5.00        5.13         13143000.00
01/15/2019        5.13        5.16        5.03        5.15         24156400.00
01/14/2019        5.00        5.15        4.98        5.15         33693602.00
01/11/2019        5.05        5.05        4.96        5.00         16466100.00
01/10/2019        5.06        5.09        5.03        5.06         29959600.00
01/09/2019        4.96        5.11        4.96        5.05         44557000.00
01/08/2019        4.95        4.97        4.92        4.95         31352000.00
01/07/2019        4.83        5.02        4.83        4.90         53635000.00
01/04/2019        4.84        4.86        4.79        4.83         29781000.00
01/03/2019        4.79        4.86        4.75        4.84         39510000.00
01/02/2019        4.77        4.80        4.72        4.80          3694000.00
12/28/2018        4.70        4.78        4.69        4.75         10000000.00
12/27/2018        4.70        4.79        4.69        4.70         10864000.00
12/26/2018        4.77        4.77        4.66        4.70          6226000.00
12/21/2018        4.80        4.81        4.75        4.80         20015000.00
12/20/2018        4.81        4.82        4.78        4.80         27256000.00
12/19/2018        4.75        4.81        4.75        4.80         17877000.00
12/18/2018        4.83        4.83        4.70        4.80         19479000.00
12/17/2018        4.80        4.89        4.76        4.81         25903000.00
12/14/2018        4.80        4.81        4.79        4.80         15366000.00
12/13/2018        4.77        4.82        4.76        4.80         13471000.00
12/12/2018        4.78        4.82        4.76        4.80         15454000.00
12/11/2018        4.75        4.84        4.73        4.80         14057000.00
12/10/2018        4.78        4.78        4.70        4.71          5269000.00
12/07/2018        4.79        4.80        4.79        4.80          7783000.00
12/06/2018        4.81        4.81        4.77        4.79         14847000.00
12/05/2018        4.74        4.80        4.71        4.80         18271000.00
12/04/2018        4.75        4.82        4.73        4.82         23399000.00
12/03/2018        4.65        4.75        4.64        4.75         22580000.00
11/29/2018        4.75        4.82        4.51        4.51         41602000.00
11/28/2018        4.78        4.85        4.72        4.75         45917000.00
11/27/2018        4.77        4.77        4.72        4.76          7961000.00
11/26/2018        4.85        4.86        4.75        4.75          8503000.00
11/23/2018        4.70        4.85        4.69        4.85         12873000.00
11/22/2018        4.72        4.75        4.68        4.70          2949000.00
11/21/2018        4.75        4.75        4.65        4.74         11972000.00
11/20/2018        4.62        4.76        4.56        4.76         17401000.00
11/19/2018        4.53        4.67        4.50        4.62         19217000.00
11/16/2018        4.51        4.65        4.35        4.35         14140000.00
11/15/2018        4.50        4.54        4.49        4.51          1886000.00
11/14/2018        4.52        4.56        4.50        4.50          8515000.00
11/13/2018        4.44        4.52        4.40        4.50         18389000.00
11/12/2018        4.50        4.52        4.40        4.45         11726000.00
11/09/2018        4.46        4.50        4.40        4.50          8213000.00
11/08/2018        4.30        4.49        4.30        4.49          9940000.00
11/07/2018        4.47        4.47        4.32        4.40          9955000.00
11/06/2018        4.45        4.50        4.44        4.47          9713000.00
11/05/2018        4.47        4.47        4.36        4.44         14343000.00
10/31/2018        4.35        4.45        4.35        4.41         11617000.00
10/30/2018        4.41        4.41        4.33        4.35          2396000.00
10/29/2018        4.40        4.40        4.30        4.40          3912000.00
10/26/2018        4.30        4.42        4.27        4.41          8609000.00
10/25/2018        4.30        4.31        4.18        4.30         17374000.00
10/24/2018        4.45        4.45        4.35        4.40          8961000.00
10/23/2018        4.50        4.50        4.41        4.45          8376000.00
10/22/2018        4.43        4.50        4.35        4.50         13403000.00
10/19/2018        4.36        4.43        4.24        4.40         12040000.00
10/18/2018        4.47        4.48        4.34        4.37          8077000.00
10/17/2018        4.40        4.52        4.32        4.47         21344000.00
10/16/2018        4.20        4.41        4.13        4.41         20581000.00
10/15/2018        4.13        4.20        4.13        4.20         10884000.00
10/12/2018        4.05        4.28        4.03        4.13         21521000.00
10/11/2018        4.13        4.13        3.99        4.08         18029000.00
10/10/2018        4.17        4.19        4.14        4.15         13151000.00
10/09/2018        4.20        4.20        4.14        4.15          5818000.00
10/08/2018        4.23        4.23        4.15        4.15          4884000.00
10/05/2018        4.12        4.21        4.10        4.15          9629000.00
10/04/2018        4.16        4.25        4.10        4.10          5536000.00
10/03/2018        4.17        4.27        4.15        4.15          6134000.00
10/02/2018        4.38        4.38        4.16        4.16         13088000.00
10/01/2018        4.40        4.40        4.25        4.38          5272000.00
09/28/2018        4.44        4.44        4.37        4.40          8627000.00
09/27/2018        4.40        4.43        4.35        4.43          6177000.00
09/26/2018        4.40        4.48        4.35        4.40         14443000.00
09/25/2018        4.42        4.42        4.37        4.40          9616000.00
09/24/2018        4.42        4.42        4.36        4.40         23388000.00
09/21/2018        4.19        4.42        4.19        4.42         27714000.00
09/20/2018        4.00        4.20        4.00        4.17         14325000.00
09/19/2018        4.13        4.20        3.98        3.98         23781000.00
09/18/2018        4.30        4.30        4.12        4.13         18654000.00
09/17/2018        4.37        4.38        4.21        4.26          8351000.00
09/14/2018        4.26        4.38        4.26        4.38         13660000.00
09/13/2018        4.35        4.42        4.21        4.21         24453000.00
09/12/2018        4.33        4.38        4.30        4.33         15679000.00
09/11/2018        4.35        4.38        4.30        4.30         21429000.00
09/10/2018        4.40        4.41        4.31        4.35         27933000.00
09/07/2018        4.45        4.48        4.40        4.40         28785000.00
09/06/2018        4.51        4.51        4.42        4.43         30852000.00
09/05/2018        4.67        4.69        4.49        4.53         29555000.00
09/04/2018        4.60        4.67        4.58        4.65         11264000.00
09/03/2018        4.68        4.68        4.58        4.59          9147000.00
08/31/2018        4.69        4.72        4.52        4.59         30953000.00
08/30/2018        4.67        4.73        4.66        4.69         25344000.00
08/29/2018        4.72        4.73        4.64        4.67         19823000.00
08/28/2018        4.75        4.76        4.62        4.72         30226000.00
08/24/2018        4.94        4.94        4.68        4.68         50531000.00
08/23/2018        4.90        4.95        4.90        4.94         21696000.00
08/22/2018        4.90        4.94        4.87        4.89          7454000.00
08/20/2018        4.94        4.94        4.86        4.86          7490000.00
08/17/2018        4.98        5.06        4.91        4.94         28973000.00
08/16/2018        4.80        4.97        4.78        4.94         12534000.00
08/15/2018        4.85        4.87        4.80        4.80         10157000.00
08/14/2018        4.90        4.90        4.81        4.85         11256000.00
08/13/2018        4.98        4.98        4.86        4.90         18809000.00
08/10/2018        4.97        4.99        4.92        4.98         20118000.00
08/09/2018        4.85        4.97        4.77        4.97         74058000.00
08/08/2018        4.65        4.85        4.65        4.81         29268000.00
08/07/2018        4.71        4.72        4.65        4.65         13093000.00
08/06/2018        4.76        4.76        4.69        4.73          6388000.00
08/03/2018        4.70        4.77        4.69        4.74         13884000.00
08/02/2018        4.70        4.78        4.68        4.69          9710000.00
08/01/2018        4.65        4.71        4.64        4.70         20488000.00
07/31/2018        4.71        4.77        4.64        4.64         11106000.00
07/30/2018        4.75        4.79        4.68        4.70         10034000.00
07/27/2018        4.86        4.86        4.68        4.70         19491000.00
07/26/2018        4.80        4.86        4.73        4.86         39368000.00
07/25/2018        4.70        4.85        4.69        4.80         24641000.00
07/24/2018        4.68        4.70        4.63        4.69         20967000.00
07/23/2018        4.60        4.77        4.60        4.70         23014000.00
07/20/2018        4.58        4.60        4.55        4.60          4224000.00
07/19/2018        4.65        4.66        4.55        4.58          8835000.00
07/18/2018        4.50        4.67        4.47        4.67          5180000.00
07/17/2018        4.54        4.56        4.45        4.49          2569000.00
07/16/2018        4.67        4.67        4.49        4.54          5474000.00
07/13/2018        4.61        4.68        4.57        4.67         13820000.00
07/12/2018        4.48        4.65        4.47        4.65         13332000.00
07/11/2018        4.39        4.47        4.37        4.47          9547000.00
07/10/2018        4.41        4.42        4.38        4.41          7287000.00
07/09/2018        4.44        4.44        4.33        4.40         10646000.00
07/06/2018        4.40        4.40        4.31        4.40         10228000.00
07/05/2018        4.46        4.46        4.33        4.35         15263000.00
07/04/2018        4.40        4.47        4.39        4.45         26486000.00
07/03/2018        4.38        4.43        4.30        4.40         18805000.00
07/02/2018        4.30        4.41        4.30        4.30         15873000.00
06/29/2018        4.27        4.38        4.27        4.28         21996000.00
06/28/2018        4.39        4.39        4.25        4.25         18233000.00
06/27/2018        4.32        4.45        4.31        4.41         11399000.00
06/26/2018        4.45        4.45        4.27        4.30         18450000.00
06/25/2018        4.45        4.50        4.35        4.41         16757000.00
06/22/2018        4.50        4.52        4.26        4.45         20486000.00
06/21/2018        4.59        4.59        4.40        4.43         17406000.00
06/20/2018        4.52        4.65        4.52        4.60         18159000.00
06/19/2018        4.58        4.59        4.42        4.58         21316000.00
06/18/2018        4.47        4.63        4.44        4.63         18651000.00
06/14/2018        4.65        4.75        4.56        4.56         50217000.00
06/13/2018        4.80        4.83        4.62        4.70         29412000.00
06/11/2018        4.90        4.92        4.78        4.78          8813000.00
06/08/2018        4.89        4.94        4.85        4.90         23642000.00
06/07/2018        4.88        4.92        4.81        4.90         27939000.00
06/06/2018        4.90        4.94        4.77        4.87         24573000.00
06/05/2018        4.93        4.98        4.87        4.90         35335000.00
06/04/2018        4.91        4.92        4.85        4.92          6967000.00
06/01/2018        4.83        4.91        4.76        4.90         17742000.00
05/31/2018        4.57        4.86        4.57        4.86         48783000.00
05/30/2018        4.79        4.79        4.54        4.55         17454000.00
05/29/2018        4.75        4.81        4.73        4.80          8850000.00
05/28/2018        4.72        4.75        4.66        4.75          2364000.00
05/25/2018        4.82        4.82        4.71        4.71          5128000.00
05/24/2018        4.74        4.82        4.66        4.82         14935000.00
05/23/2018        4.71        4.77        4.62        4.74         15820000.00
05/22/2018        4.59        4.72        4.59        4.68         10701000.00
05/21/2018        4.55        4.65        4.55        4.59          5016000.00
05/18/2018        4.70        4.70        4.47        4.53         21415000.00
05/17/2018        4.75        4.82        4.66        4.66         26576000.00
05/16/2018        4.67        4.78        4.55        4.75         29512000.00
05/15/2018        4.40        4.65        4.38        4.65         33461000.00
05/11/2018        4.36        4.50        4.32        4.32         21740000.00
05/10/2018        4.29        4.38        4.27        4.27         12220000.00
05/09/2018        4.25        4.34        4.23        4.29         13926000.00
05/08/2018        4.26        4.35        4.21        4.25         10094000.00
05/07/2018        4.37        4.40        4.25        4.25          3784000.00
05/04/2018        4.46        4.46        4.25        4.31         11288000.00
05/03/2018        4.53        4.54        4.36        4.36          6687000.00
05/02/2018        4.50        4.55        4.47        4.52         17548000.00
04/30/2018        4.43        4.50        4.38        4.50          9908000.00
04/27/2018        4.32        4.50        4.32        4.38         14816000.00
04/26/2018        4.36        4.38        4.29        4.31          5201000.00
04/25/2018        4.26        4.35        4.21        4.25         29948000.00
04/24/2018        4.30        4.42        4.22        4.25          8241000.00
04/23/2018        4.40        4.43        4.28        4.30          9025000.00
04/20/2018        4.30        4.41        4.29        4.40         16092000.00
04/19/2018        4.40        4.48        4.22        4.28         53051000.00
04/18/2018        4.40        4.50        4.40        4.50         12379000.00
04/17/2018        4.64        4.66        4.34        4.40         23899000.00
04/16/2018        4.65        4.69        4.55        4.63         10318000.00
04/13/2018        4.70        4.71        4.65        4.65         13665000.00
04/12/2018        4.60        4.70        4.60        4.70         12460000.00
04/11/2018        4.59        4.61        4.56        4.60          9069000.00
04/10/2018        4.58        4.62        4.50        4.50         24469000.00
04/06/2018        4.69        4.69        4.52        4.52         14316000.00
04/05/2018        4.71        4.72        4.58        4.60          7311000.00
04/04/2018        4.69        4.74        4.63        4.65         13108000.00
04/03/2018        4.70        4.72        4.60        4.60          8940000.00
04/02/2018        4.68        4.79        4.60        4.79         11894000.00
03/28/2018        4.69        4.75        4.68        4.69         13148000.00
03/27/2018        4.61        4.68        4.61        4.63          8735000.00
03/26/2018        4.68        4.70        4.53        4.53          7600000.00
03/23/2018        4.75        4.75        4.65        4.66          7310000.00
03/22/2018        4.64        4.78        4.64        4.76         19740000.00
03/21/2018        4.75        4.80        4.61        4.64         27234000.00
03/20/2018        4.84        4.84        4.70        4.72          8001000.00
03/19/2018        4.90        4.90        4.77        4.83         55496000.00
03/16/2018        4.75        4.90        4.75        4.90         24244000.00
03/15/2018        4.75        4.80        4.74        4.75         25456000.00
03/14/2018        4.84        4.86        4.70        4.73         20344000.00
03/13/2018        4.87        4.89        4.83        4.84         11991000.00
03/12/2018        4.83        4.87        4.83        4.85         19453000.00
03/09/2018        4.83        4.83        4.76        4.80         17218000.00
03/08/2018        4.74        4.90        4.74        4.80         11363000.00
03/07/2018        4.80        4.80        4.72        4.74         28337000.00
03/06/2018        4.83        4.83        4.79        4.80         36560000.00
03/05/2018        4.80        4.83        4.78        4.83          6489000.00
03/02/2018        4.80        4.85        4.76        4.83         10261000.00
03/01/2018        4.84        4.88        4.77        4.85         22457000.00
02/28/2018        4.80        4.85        4.68        4.85         29465000.00
02/27/2018        4.61        4.80        4.61        4.80         19622000.00
02/26/2018        4.75        4.75        4.50        4.60         29953000.00
02/23/2018        4.75        4.76        4.71        4.75         26554000.00
02/22/2018        4.72        4.76        4.72        4.75         18506000.00
02/21/2018        4.86        4.88        4.71        4.72         39157000.00
02/20/2018        4.85        4.88        4.80        4.88         16469000.00
02/19/2018        4.81        4.88        4.79        4.85         13320000.00
02/15/2018        4.89        4.89        4.77        4.80         19454000.00
02/14/2018        4.90        4.91        4.85        4.90         39144000.00
02/13/2018        4.92        4.95        4.89        4.91         40751000.00
02/12/2018        4.90        4.93        4.88        4.89         27552000.00
02/09/2018        4.94        4.95        4.81        4.90         33732898.00
02/08/2018        5.00        5.02        4.89        5.00         32417000.00
02/07/2018        4.95        5.01        4.95        4.99         27501000.00
02/06/2018        4.79        4.95        4.70        4.95         21292000.00
02/05/2018        4.94        4.94        4.72        4.85         30407000.00
02/02/2018        4.90        4.98        4.90        4.96         50066000.00
02/01/2018        4.95        5.00        4.90        4.90         14921000.00
01/31/2018        4.88        4.97        4.83        4.95         25856000.00
01/30/2018        5.05        5.05        4.96        4.96         45209102.00
01/29/2018        5.08        5.08        5.00        5.06         37181602.00
01/26/2018        5.10        5.11        5.04        5.05         45321801.00
01/25/2018        5.04        5.13        5.04        5.08         36014301.00
01/24/2018        5.00        5.06        4.99        5.04         16426000.00
01/23/2018        5.01        5.06        4.92        4.99         27501100.00
01/22/2018        5.13        5.13        4.97        5.00         15821200.00
01/19/2018        4.97        5.13        4.95        5.13         35320000.00
01/18/2018        4.83        4.96        4.83        4.95         53722000.00
01/17/2018        5.01        5.02        4.80        4.80         47532898.00
01/16/2018        4.91        5.04        4.89        5.00         47959000.00
01/15/2018        5.10        5.11        4.87        4.88         90536492.00
01/12/2018        5.14        5.14        5.02        5.10         36556199.00
01/11/2018        5.20        5.22        5.05        5.14         37180398.00
01/10/2018        5.25        5.25        5.18        5.20         17974600.00
01/09/2018        5.24        5.32        5.20        5.26         18092900.00
01/08/2018        5.30        5.30        5.17        5.22         19697699.00
01/05/2018        5.24        5.34        5.21        5.30         37104500.00
01/04/2018        5.28        5.32        5.21        5.25         20271801.00
01/03/2018        5.19        5.33        5.16        5.28         33917398.00
12/29/2017        5.20        5.20        5.15        5.16         82907695.00
12/28/2017        5.15        5.19        5.13        5.15         33768602.00
12/27/2017        5.13        5.16        5.13        5.15         10255100.00
12/22/2017        5.16        5.16        5.10        5.11         10686700.00
12/21/2017        5.13        5.17        5.11        5.16         22794600.00
12/20/2017        5.15        5.15        5.08        5.10         17005301.00
12/19/2017        5.19        5.20        5.11        5.15         18968000.00
12/18/2017        5.19        5.20        5.15        5.19         13365300.00
12/15/2017        5.25        5.25        5.15        5.19         40946102.00
12/14/2017        5.22        5.28        5.20        5.25         21116801.00
12/13/2017        5.18        5.22        5.15        5.21         23077500.00
12/12/2017        5.22        5.25        5.15        5.18         35477301.00
12/11/2017        5.22        5.26        5.21        5.22         18610699.00
12/08/2017        5.15        5.24        5.14        5.20         36091102.00
12/07/2017        5.13        5.21        5.11        5.15         20577100.00
12/06/2017        5.10        5.24        5.07        5.13         37069699.00
12/05/2017        5.14        5.15        5.08        5.10         25613100.00
12/04/2017        5.15        5.18        5.05        5.15         44421199.00
12/01/2017        5.35        5.36        5.15        5.19         61858398.00
11/29/2017        5.41        5.42        5.33        5.34         28523500.00
11/28/2017        5.48        5.48        5.28        5.41         29316100.00
11/27/2017        5.60        5.60        5.46        5.50         11785300.00
11/24/2017        5.62        5.62        5.48        5.60         25502199.00
11/23/2017        5.60        5.66        5.52        5.66         12416100.00
11/22/2017        5.60        5.67        5.50        5.55         20005000.00
11/21/2017        5.49        5.60        5.44        5.60         19681199.00
11/20/2017        5.44        5.50        5.44        5.49         12770700.00
11/17/2017        5.35        5.46        5.35        5.42         34294801.00
11/16/2017        5.32        5.44        5.25        5.35         36824102.00
11/15/2017        5.51        5.60        5.32        5.32         29497801.00
11/14/2017        5.50        5.55        5.47        5.49         20224000.00
11/13/2017        5.61        5.63        5.50        5.50         19716699.00
11/10/2017        5.69        5.69        5.61        5.62         12583200.00
11/09/2017        5.84        5.85        5.65        5.69         40768699.00
11/08/2017        5.70        5.85        5.68        5.84         54531500.00
11/07/2017        5.70        5.72        5.61        5.69         18875000.00
11/06/2017        5.64        5.73        5.60        5.70         33313199.00
11/03/2017        5.69        5.76        5.58        5.64         73401797.00
11/02/2017        5.34        5.70        5.33        5.70         75365602.00
10/30/2017        5.27        5.34        5.27        5.33         13194900.00
10/27/2017        5.29        5.32        5.25        5.32         12118400.00
10/26/2017        5.34        5.35        5.25        5.29         14399000.00
10/25/2017        5.37        5.37        5.24        5.28         39635000.00
10/24/2017        5.29        5.37        5.28        5.34         17839400.00
10/23/2017        5.30        5.35        5.20        5.28         27499000.00
10/20/2017        5.40        5.42        5.30        5.30         11729100.00
10/19/2017        5.40        5.41        5.34        5.39         14454700.00
10/18/2017        5.45        5.46        5.34        5.40         34052602.00
10/17/2017        5.47        5.50        5.35        5.46         60336102.00
10/13/2017        5.44        5.48        5.40        5.45         26089301.00
10/12/2017        5.39        5.44        5.32        5.43         23446801.00
10/11/2017        5.29        5.39        5.27        5.39         35427500.00
10/10/2017        5.27        5.29        5.23        5.29         11332200.00
10/09/2017        5.28        5.30        5.25        5.28         10626100.00
10/06/2017        5.34        5.34        5.26        5.28         22985900.00
10/05/2017        5.31        5.35        5.27        5.30          7829500.00
10/04/2017        5.33        5.35        5.31        5.31         22992400.00
10/03/2017        5.30        5.35        5.27        5.33         28866500.00
10/02/2017        5.25        5.34        5.25        5.32         18840600.00
09/29/2017        5.16        5.35        5.13        5.23         58883398.00
09/28/2017        5.19        5.26        5.14        5.17         36281801.00
09/27/2017        5.10        5.22        5.10        5.18         32618100.00
09/26/2017        5.23        5.25        5.06        5.10         54601898.00
09/25/2017        5.30        5.30        5.23        5.26         19836301.00
09/22/2017        5.35        5.35        5.26        5.30         32530000.00
09/21/2017        5.31        5.37        5.26        5.35         54054301.00
09/20/2017        5.21        5.34        5.21        5.31         38206602.00
09/19/2017        5.49        5.50        5.20        5.20         95912797.00
09/18/2017        5.38        5.50        5.37        5.48         47965000.00
09/15/2017        5.39        5.40        5.36        5.37         55074898.00
09/14/2017        5.27        5.39        5.27        5.35         62032000.00
09/13/2017        5.30        5.30        5.25        5.27         20787199.00
09/11/2017        5.27        5.30        5.21        5.30         15041500.00
09/08/2017        5.33        5.34        5.21        5.27         38163801.00
09/07/2017        5.15        5.33        5.15        5.30         52872398.00
09/06/2017        5.07        5.18        5.02        5.18         57415602.00
09/05/2017        5.00        5.06        4.98        5.06         53484000.00
09/04/2017        4.96        5.03        4.93        4.96         51997000.00
08/31/2017        4.91        4.97        4.86        4.94         26087000.00
08/30/2017        4.87        4.90        4.86        4.90         15324000.00
08/29/2017        4.92        4.92        4.86        4.87         21011000.00
08/25/2017        4.90        4.95        4.86        4.94         30723000.00
08/24/2017        4.92        4.94        4.86        4.90         20556000.00
08/23/2017        4.88        4.98        4.88        4.92         18717000.00
08/22/2017        4.91        4.91        4.82        4.85         31157000.00
08/18/2017        4.98        5.00        4.90        4.92         10547500.00
08/17/2017        5.00        5.05        4.95        5.00         36392000.00
08/16/2017        4.92        5.03        4.89        4.98         57713000.00
08/15/2017        4.85        4.97        4.85        4.90         63373000.00
08/14/2017        4.78        4.90        4.77        4.83         45850000.00
08/11/2017        4.80        4.82        4.73        4.78         44324000.00
08/10/2017        4.88        4.95        4.84        4.90         23750000.00
08/09/2017        4.81        4.95        4.78        4.88         50657000.00
08/08/2017        4.85        4.85        4.78        4.83         49090000.00
08/07/2017        4.78        4.90        4.78        4.82         35985000.00
08/04/2017        4.77        4.85        4.75        4.81         43329000.00
08/03/2017        4.71        4.85        4.71        4.79         59935000.00
08/02/2017        4.85        4.97        4.71        4.71         67073000.00
08/01/2017        4.82        4.95        4.79        4.85         75563000.00
07/31/2017        4.93        5.07        4.80        4.80         60330000.00
07/28/2017        4.94        5.05        4.94        4.94         30372000.00
07/27/2017        4.98        5.05        4.96        4.99         68328000.00
07/26/2017        4.75        4.99        4.73        4.98         98247000.00
07/25/2017        4.72        4.80        4.66        4.72         32097000.00
07/24/2017        4.70        4.72        4.64        4.72         16448000.00
07/21/2017        4.73        4.74        4.60        4.70         30626000.00
07/20/2017        4.76        4.81        4.70        4.73         48985000.00
07/19/2017        4.71        4.85        4.71        4.75         49359000.00
07/18/2017        4.71        4.77        4.70        4.71         17359000.00
07/17/2017        4.63        4.73        4.62        4.71         18870000.00
07/14/2017        4.73        4.76        4.62        4.62         15554000.00
07/13/2017        4.80        4.82        4.68        4.72         33577000.00
07/12/2017        4.54        4.77        4.54        4.77         79381000.00
07/11/2017        4.52        4.59        4.50        4.53         11941000.00
07/10/2017        4.60        4.62        4.50        4.52         11704000.00
07/07/2017        4.66        4.66        4.57        4.59         20805000.00
07/06/2017        4.52        4.68        4.52        4.66         43939000.00
07/05/2017        4.60        4.62        4.46        4.55         19649000.00
07/04/2017        4.50        4.62        4.45        4.60         24549000.00
07/03/2017        4.32        4.50        4.32        4.50         31264000.00
06/30/2017        4.39        4.41        4.25        4.30         70776000.00
06/29/2017        4.46        4.46        4.32        4.40         48517000.00
06/28/2017        4.54        4.55        4.43        4.45         20279000.00
06/27/2017        4.54        4.62        4.53        4.56         11431000.00
06/23/2017        4.61        4.61        4.53        4.54         15817000.00
06/22/2017        4.55        4.72        4.55        4.61         52597000.00
06/21/2017        4.60        4.60        4.51        4.54         18430000.00
06/20/2017        4.52        4.60        4.50        4.60         10863000.00
06/19/2017        4.47        4.60        4.47        4.51         22624000.00
06/16/2017        4.58        4.64        4.41        4.41         17132000.00
06/15/2017        4.44        4.65        4.44        4.55         41315000.00
06/14/2017        4.46        4.52        4.42        4.42         30696000.00
06/13/2017        4.68        4.70        4.35        4.35         57440000.00
06/09/2017        4.73        4.82        4.68        4.68         31065000.00
06/08/2017        4.70        4.85        4.67        4.69         31209000.00
06/07/2017        4.69        4.71        4.62        4.70         26055000.00
06/06/2017        4.59        4.70        4.58        4.63         29833000.00
06/05/2017        4.50        4.64        4.50        4.58         23762000.00
06/02/2017        4.62        4.80        4.53        4.54         52678000.00
06/01/2017        4.70        4.74        4.67        4.69         44901000.00
05/31/2017        4.62        4.70        4.51        4.70         66967000.00
05/30/2017        4.72        4.72        4.61        4.63         32144000.00
05/29/2017        4.62        4.82        4.62        4.71         79018000.00
05/26/2017        4.48        4.64        4.48        4.62         95084000.00
05/25/2017        4.45        4.50        4.43        4.48         22878000.00
05/24/2017        4.40        4.50        4.35        4.48         39120000.00
05/23/2017        4.36        4.49        4.35        4.45        126212000.00
05/22/2017        4.24        4.42        4.23        4.35         89055000.00
05/19/2017        4.22        4.24        4.18        4.24         11236000.00
05/18/2017        4.26        4.26        4.15        4.22         25611000.00
05/17/2017        4.26        4.30        4.20        4.27         38004000.00
05/16/2017        4.20        4.26        4.19        4.24         22730000.00
05/15/2017        4.13        4.22        4.11        4.16         21772000.00
05/12/2017        4.21        4.21        4.08        4.12         37877000.00
05/11/2017        4.21        4.27        4.15        4.18         43298000.00
05/10/2017        4.37        4.37        4.21        4.21         45310000.00
05/09/2017        4.38        4.48        4.35        4.37         36225000.00
05/08/2017        4.23        4.43        4.23        4.38         78078000.00
05/05/2017        4.17        4.28        4.17        4.20         44691000.00
05/04/2017        4.14        4.19        4.10        4.15         33648000.00
05/03/2017        4.11        4.17        4.11        4.14         22618000.00
05/02/2017        4.06        4.13        4.06        4.10         24063000.00
04/27/2017        4.15        4.15        4.06        4.06         18598000.00
04/26/2017        4.18        4.19        4.10        4.15         24655000.00
04/25/2017        4.19        4.22        4.16        4.17         30710000.00
04/24/2017        4.10        4.19        4.10        4.18         44961000.00
04/21/2017        4.11        4.14        4.08        4.10         36422000.00
04/20/2017        4.00        4.13        3.99        4.07        104411000.00
04/19/2017        4.01        4.04        3.93        4.00         24926000.00
04/18/2017        3.94        4.02        3.94        3.99         25093000.00
04/17/2017        4.04        4.04        3.91        3.93         26848000.00
04/12/2017        3.96        4.05        3.88        4.05         42299000.00
04/11/2017        4.04        4.10        3.92        3.96         54188000.00
04/10/2017        4.00        4.11        3.97        4.04         84617000.00
04/07/2017        3.71        3.97        3.71        3.94        128837000.00
04/06/2017        3.70        3.77        3.65        3.71         42626000.00
04/05/2017        3.59        3.78        3.58        3.70         66229000.00
04/04/2017        3.43        3.65        3.42        3.55         31986000.00
04/03/2017        3.40        3.45        3.38        3.44         28119000.00
03/31/2017        3.41        3.47        3.38        3.38         16676000.00
03/30/2017        3.52        3.55        3.39        3.39         32107000.00
03/29/2017        3.49        3.55        3.47        3.51         33612000.00
03/28/2017        3.46        3.51        3.46        3.48         37412000.00
03/27/2017        3.48        3.51        3.45        3.45         10213000.00
03/24/2017        3.58        3.58        3.48        3.48         14815000.00
03/23/2017        3.50        3.60        3.50        3.58          5655000.00
03/22/2017        3.58        3.59        3.50        3.50         28089000.00
03/21/2017        3.59        3.64        3.58        3.58         21651000.00
03/20/2017        3.60        3.63        3.58        3.59         13935000.00
03/17/2017        3.64        3.67        3.59        3.59         53403000.00
03/16/2017        3.64        3.72        3.60        3.61         11218000.00
03/15/2017        3.64        3.68        3.60        3.64         40892000.00
03/14/2017        3.65        3.69        3.62        3.64         30019000.00
03/13/2017        3.69        3.71        3.60        3.63         19967000.00
03/10/2017        3.68        3.75        3.68        3.68          8106000.00
03/09/2017        3.76        3.77        3.68        3.68         19700000.00
03/08/2017        3.75        3.78        3.71        3.76         10914000.00
03/07/2017        3.76        3.77        3.73        3.74          9618000.00
03/06/2017        3.71        3.76        3.65        3.76         12714000.00
03/03/2017        3.74        3.76        3.70        3.71         10180000.00
03/02/2017        3.75        3.75        3.65        3.74         12696000.00
03/01/2017        3.64        3.74        3.63        3.73         15609000.00
02/28/2017        3.70        3.70        3.62        3.64         15336000.00
02/27/2017        3.70        3.71        3.67        3.70         12698000.00
02/24/2017        3.65        3.71        3.65        3.70         17694000.00
02/23/2017        3.67        3.71        3.66        3.68         20347000.00
02/22/2017        3.72        3.75        3.65        3.65         22434000.00
02/21/2017        3.72        3.75        3.71        3.72         20098000.00
02/20/2017        3.73        3.76        3.71        3.71         27758000.00
02/17/2017        3.77        3.77        3.71        3.73         45868000.00
02/16/2017        3.70        3.80        3.70        3.72         21714000.00
02/15/2017        3.75        3.75        3.68        3.70         16443000.00
02/14/2017        3.76        3.76        3.73        3.75          8944000.00
02/13/2017        3.72        3.76        3.71        3.76         18879000.00
02/10/2017        3.84        3.85        3.69        3.71         31067000.00
02/09/2017        3.89        3.89        3.80        3.84         11896000.00
02/08/2017        3.85        3.92        3.78        3.89         40617000.00
02/07/2017        3.83        3.90        3.83        3.86         23657000.00
02/06/2017        3.66        3.83        3.65        3.82         50520000.00
02/03/2017        3.66        3.67        3.62        3.64         27487000.00
02/02/2017        3.63        3.71        3.63        3.65         25000000.00
02/01/2017        3.67        3.67        3.61        3.62         18123000.00
01/31/2017        3.71        3.71        3.61        3.67         25227000.00
01/30/2017        3.64        3.72        3.64        3.70         10910000.00
01/27/2017        3.65        3.69        3.63        3.64         29074000.00
01/26/2017        3.64        3.70        3.63        3.64         27479000.00
01/25/2017        3.71        3.73        3.61        3.61         38253000.00
01/24/2017        3.76        3.76        3.66        3.70         44362000.00
01/23/2017        3.73        3.80        3.73        3.73         35496000.00
01/20/2017        3.70        3.73        3.63        3.73          9940000.00
01/19/2017        3.66        3.72        3.65        3.69         41440000.00
01/18/2017        3.59        3.66        3.56        3.61         27382000.00
01/17/2017        3.78        3.80        3.53        3.55        124754000.00
01/16/2017        3.78        3.83        3.77        3.78         13986000.00
01/13/2017        3.87        3.91        3.78        3.78         31673000.00
01/12/2017        3.99        4.00        3.86        3.87         33073000.00
01/11/2017        3.97        4.03        3.87        3.95         35904000.00
01/10/2017        3.75        3.98        3.75        3.92         71877000.00
01/09/2017        3.78        3.78        3.72        3.75         15702000.00
01/06/2017        3.77        3.84        3.73        3.75         41765000.00
01/05/2017        3.70        3.80        3.68        3.72         56166000.00
01/04/2017        3.56        3.74        3.54        3.67         77251000.00
01/03/2017        3.57        3.58        3.51        3.54         16189000.00
12/29/2016        3.53        3.64        3.51        3.57         27628000.00
12/28/2016        3.56        3.60        3.48        3.48         23005000.00
12/27/2016        3.52        3.56        3.51        3.51         28363000.00
12/23/2016        3.58        3.60        3.48        3.53         10642000.00
12/22/2016        3.64        3.65        3.53        3.57         31718000.00
12/21/2016        3.46        3.64        3.43        3.64         36980000.00
12/20/2016        3.30        3.45        3.21        3.45         47473000.00
12/19/2016        3.47        3.50        3.30        3.30         30360000.00
12/16/2016        3.55        3.55        3.47        3.47         27176000.00
12/15/2016        3.51        3.56        3.48        3.50         35120000.00
12/14/2016        3.60        3.61        3.55        3.57         16346000.00
12/13/2016        3.58        3.60        3.48        3.60         49862000.00
12/12/2016        3.72        3.72        3.51        3.58         36368000.00
12/09/2016        3.71        3.76        3.65        3.68         30868000.00
12/08/2016        3.65        3.78        3.64        3.68         74321000.00
12/07/2016        3.59        3.64        3.59        3.62          8791000.00
12/06/2016        3.64        3.69        3.55        3.58         31618000.00
12/05/2016        3.70        3.70        3.53        3.64         66001000.00
12/02/2016        3.75        3.76        3.65        3.70         24250000.00
12/01/2016        3.79        3.83        3.71        3.71         29692000.00
11/29/2016        3.80        3.81        3.65        3.68         47242000.00
11/28/2016        3.88        3.91        3.77        3.80         28472000.00
11/25/2016        3.86        3.91        3.76        3.88         22450000.00
11/24/2016        3.70        3.89        3.70        3.85         57844000.00
11/23/2016        3.72        3.74        3.61        3.71         46461000.00
11/22/2016        3.80        3.80        3.60        3.60         44722000.00
11/21/2016        3.85        3.95        3.77        3.77         13053000.00
11/18/2016        3.78        3.87        3.76        3.85         14156000.00
11/17/2016        3.76        3.87        3.74        3.74         24264000.00
11/16/2016        3.80        3.96        3.75        3.75         38564000.00
11/15/2016        3.72        3.84        3.70        3.80         43537000.00
11/14/2016        3.75        3.90        3.68        3.70         52968000.00
11/11/2016        3.98        3.99        3.78        3.78         70022000.00
11/10/2016        4.10        4.10        3.95        3.95         37583000.00
11/09/2016        4.19        4.19        3.77        3.98         64131000.00
11/08/2016        4.10        4.19        4.03        4.15         40620000.00
11/07/2016        4.02        4.08        3.96        4.02         39170000.00
11/04/2016        3.90        4.06        3.90        4.02         40917000.00
11/03/2016        3.85        3.94        3.69        3.88         86163000.00
11/02/2016        4.03        4.05        3.80        3.90         55752000.00
10/28/2016        4.10        4.12        4.02        4.02         39219000.00
10/27/2016        4.16        4.19        4.05        4.09         26602000.00
10/26/2016        4.22        4.22        4.06        4.16         33936000.00
10/25/2016        4.29        4.35        4.22        4.22         18992000.00
10/24/2016        4.29        4.29        4.19        4.29         37178000.00
10/21/2016        4.32        4.34        4.26        4.28         31992000.00
10/20/2016        4.30        4.40        4.25        4.34         54865000.00
10/19/2016        4.31        4.38        4.29        4.29         51247000.00
10/18/2016        4.24        4.32        4.18        4.28         40598000.00
10/17/2016        4.17        4.30        4.16        4.25         50489000.00
10/14/2016        4.13        4.22        4.08        4.14         58779000.00
10/13/2016        4.36        4.39        4.09        4.11         99974000.00
10/12/2016        4.54        4.54        4.30        4.35         54636000.00
10/11/2016        4.52        4.57        4.52        4.57         11634000.00
10/10/2016        4.44        4.58        4.44        4.52         24671000.00
10/07/2016        4.65        4.66        4.44        4.50         75772000.00
10/06/2016        4.66        4.72        4.66        4.67         41609000.00
10/05/2016        4.80        4.80        4.65        4.65         14650000.00
10/04/2016        4.80        4.82        4.77        4.81         23035000.00
10/03/2016        4.73        4.88        4.72        4.80         40465000.00
09/30/2016        4.84        4.84        4.72        4.72         31317000.00
09/29/2016        4.63        4.89        4.63        4.89         87472000.00
09/28/2016        4.55        4.70        4.55        4.63         20210000.00
09/27/2016        4.62        4.62        4.52        4.55         26547000.00
09/26/2016        4.77        4.77        4.63        4.63         16810000.00
09/23/2016        4.72        4.80        4.70        4.79         35112000.00
09/22/2016        4.70        4.74        4.61        4.70         35244000.00
09/21/2016        4.66        4.71        4.56        4.60         35620000.00
09/20/2016        4.60        4.75        4.60        4.66         31254000.00
09/19/2016        4.58        4.64        4.50        4.63         17931000.00
09/16/2016        4.70        4.71        4.55        4.55         27344000.00
09/15/2016        4.60        4.70        4.52        4.70         28877000.00
09/14/2016        4.47        4.66        4.36        4.60         64985000.00
09/13/2016        4.53        4.58        4.50        4.50         38628000.00
09/09/2016        4.60        4.66        4.55        4.55         39661000.00
09/08/2016        4.54        4.74        4.50        4.60         68307000.00
09/07/2016        4.72        4.75        4.49        4.57        115653000.00
09/06/2016        4.80        4.87        4.73        4.75         32598000.00
09/05/2016        4.90        4.95        4.78        4.78         24067000.00
09/02/2016        4.84        4.99        4.84        4.92         32721000.00
09/01/2016        4.75        4.84        4.66        4.84         44870000.00
08/31/2016        4.71        4.79        4.71        4.71         48427000.00
08/30/2016        4.94        4.95        4.70        4.70         89673000.00
08/26/2016        4.90        4.94        4.85        4.94         46679000.00
08/25/2016        4.86        4.92        4.84        4.86         61310000.00
08/24/2016        5.02        5.06        4.83        4.83         68612094.00
08/23/2016        5.04        5.05        4.93        5.00         23739400.00
08/22/2016        4.89        5.05        4.89        5.04         52252000.00
08/19/2016        4.97        4.98        4.85        4.88         56123000.00
08/18/2016        4.95        5.07        4.88        4.89         48500000.00
08/17/2016        5.08        5.09        4.91        4.92         68616305.00
08/16/2016        5.06        5.15        5.06        5.08         35749602.00
08/15/2016        5.12        5.15        5.02        5.05         58275000.00
08/12/2016        5.19        5.24        5.08        5.15         30939500.00
08/11/2016        5.47        5.48        5.09        5.17         85304602.00
08/10/2016        5.41        5.51        5.40        5.47         39678301.00
08/09/2016        5.38        5.42        5.25        5.42         46327699.00
08/08/2016        5.19        5.39        5.18        5.38         61229500.00
08/05/2016        5.10        5.21        5.09        5.19         27263000.00
08/04/2016        5.06        5.15        5.04        5.06         22504500.00
08/03/2016        5.10        5.10        5.04        5.06         41147699.00
08/02/2016        5.08        5.16        5.07        5.10         38721500.00
08/01/2016        5.03        5.08        5.02        5.08         21047000.00
07/29/2016        5.12        5.12        5.03        5.03         43084602.00
07/28/2016        5.10        5.15        5.05        5.12         37260199.00
07/27/2016        5.05        5.12        5.05        5.10         31924000.00
07/26/2016        5.17        5.18        5.05        5.05         52021500.00
07/25/2016        5.17        5.24        5.17        5.18         56998301.00
07/22/2016        5.20        5.21        5.13        5.13         18322600.00
07/21/2016        5.08        5.21        5.05        5.21         50921398.00
07/20/2016        5.00        5.11        5.00        5.11         19958100.00
07/19/2016        5.03        5.06        5.00        5.06         15362000.00
07/18/2016        5.14        5.14        4.99        4.99         23273100.00
07/15/2016        5.07        5.15        5.03        5.14         43693102.00
07/14/2016        5.00        5.07        4.93        5.07         37597602.00
07/13/2016        5.00        5.15        5.00        5.00        102735906.00
07/12/2016        4.89        5.00        4.88        5.00        110947000.00
07/11/2016        4.70        4.89        4.68        4.85         64857000.00
07/08/2016        4.65        4.71        4.64        4.65         79847000.00
07/07/2016        4.74        4.75        4.64        4.65         22249000.00
07/05/2016        4.70        4.84        4.69        4.74         94116000.00
07/04/2016        4.65        4.75        4.62        4.65         33595000.00
07/01/2016        4.65        4.75        4.58        4.60         42009000.00
06/30/2016        4.60        4.78        4.60        4.65         97735000.00
06/29/2016        4.51        4.59        4.51        4.56         33781000.00
06/28/2016        4.49        4.51        4.46        4.47         17494000.00
06/27/2016        4.43        4.55        4.35        4.49         60736000.00
06/24/2016        4.60        4.78        4.36        4.50         85762000.00
06/23/2016        4.59        4.69        4.58        4.67         54161000.00
06/22/2016        4.59        4.60        4.50        4.57         20532000.00
06/21/2016        4.42        4.65        4.42        4.51         68023000.00
06/20/2016        4.42        4.45        4.37        4.40         30131000.00
06/17/2016        4.42        4.46        4.39        4.41         33444000.00
06/16/2016        4.38        4.40        4.36        4.39         14460000.00
06/15/2016        4.31        4.38        4.31        4.32         30792000.00
06/14/2016        4.37        4.38        4.26        4.28         24565000.00
06/13/2016        4.40        4.41        4.24        4.40         72230000.00
06/10/2016        4.50        4.53        4.38        4.40         38056000.00
06/09/2016        4.48        4.56        4.40        4.50         38994000.00
06/08/2016        4.61        4.61        4.42        4.45         58620000.00
06/07/2016        4.56        4.65        4.48        4.61         58729000.00
06/06/2016        4.43        4.55        4.41        4.55         47764000.00
06/03/2016        4.40        4.50        4.40        4.41         19360000.00
06/02/2016        4.38        4.55        4.35        4.40         47063000.00
06/01/2016        4.40        4.43        4.31        4.40         25387000.00
05/31/2016        4.34        4.50        4.25        4.50        104227000.00
05/30/2016        4.40        4.42        4.30        4.34         16680000.00
05/27/2016        4.35        4.47        4.34        4.40         42479000.00
05/26/2016        4.40        4.41        4.27        4.35         29764000.00
05/25/2016        4.26        4.42        4.26        4.35         64113000.00
05/24/2016        4.24        4.25        4.16        4.22         17210000.00
05/23/2016        4.11        4.25        4.11        4.24         14459000.00
05/20/2016        4.25        4.30        4.11        4.11         38147000.00
05/19/2016        4.29        4.30        4.23        4.25         38417000.00
05/18/2016        4.37        4.37        4.25        4.28         62754000.00
05/17/2016        4.37        4.49        4.36        4.38         55304000.00
05/16/2016        4.25        4.40        4.25        4.36         70543000.00
05/13/2016        4.13        4.43        4.12        4.25         92576000.00
05/12/2016        4.07        4.16        3.99        4.12         91536000.00
05/11/2016        3.90        4.11        3.89        4.05         88572000.00
05/10/2016        3.66        3.89        3.57        3.85         95297000.00
05/06/2016        3.58        3.70        3.51        3.70         76209000.00
05/05/2016        3.70        3.70        3.55        3.57         46365000.00
05/04/2016        3.67        3.72        3.64        3.72         15780000.00
05/03/2016        3.66        3.80        3.66        3.71         33035000.00
05/02/2016        3.78        3.80        3.55        3.64         49186000.00
04/29/2016        3.75        3.81        3.72        3.77         28212000.00
04/28/2016        3.84        3.88        3.71        3.75         43484000.00
04/27/2016        3.96        3.99        3.75        3.80         59202000.00
04/26/2016        4.02        4.02        3.92        3.95         31134000.00
04/25/2016        4.10        4.11        4.02        4.02         16367000.00
04/22/2016        4.10        4.14        4.08        4.10         23855000.00
04/21/2016        3.97        4.14        3.97        4.09         32182000.00
04/20/2016        3.99        4.06        3.98        4.03         19041000.00
04/19/2016        4.01        4.06        3.96        4.01         24551000.00
04/18/2016        4.03        4.04        3.97        4.01         12074000.00
04/15/2016        4.13        4.14        3.99        4.02         25397000.00
04/14/2016        4.12        4.19        4.12        4.13         64036000.00
04/13/2016        3.99        4.13        3.99        4.08         49204000.00
04/12/2016        3.99        4.05        3.97        3.97         50333000.00
04/11/2016        3.95        4.00        3.95        3.98         17027000.00
04/08/2016        3.98        4.04        3.92        3.95         28198000.00
04/07/2016        4.08        4.08        3.97        3.99         18070000.00
04/06/2016        3.97        4.03        3.94        3.99         60107000.00
04/05/2016        4.04        4.07        3.95        3.96         23684000.00
04/04/2016        4.11        4.15        4.03        4.03         23952000.00
04/01/2016        4.15        4.17        4.09        4.11         17434000.00
03/31/2016        4.15        4.25        4.10        4.15         42642000.00
03/30/2016        4.11        4.24        4.11        4.13         54810000.00
03/29/2016        4.13        4.14        4.08        4.10         21583000.00
03/28/2016        4.12        4.17        4.09        4.13         21268000.00
03/23/2016        4.12        4.12        4.06        4.11         20729000.00
03/22/2016        4.12        4.19        4.02        4.12         36908000.00
03/21/2016        4.05        4.16        4.05        4.11         29330000.00
03/18/2016        4.12        4.20        4.05        4.05         37558000.00
03/17/2016        4.00        4.10        4.00        4.05         42842000.00
03/16/2016        4.13        4.13        3.94        3.95         33230000.00
03/15/2016        4.15        4.20        4.09        4.13         27573000.00
03/14/2016        4.17        4.22        4.10        4.14         39230000.00
03/11/2016        4.09        4.15        4.07        4.14         44575000.00
03/10/2016        4.10        4.14        4.04        4.09         26383000.00
03/09/2016        3.87        4.11        3.81        4.07         69719000.00
03/08/2016        3.85        3.91        3.81        3.87         13872000.00
03/07/2016        3.83        3.90        3.79        3.85         27627000.00
03/04/2016        3.90        3.92        3.79        3.82         23729000.00
03/03/2016        3.70        3.89        3.69        3.88         70688000.00
03/02/2016        3.58        3.68        3.56        3.68         79408000.00
03/01/2016        3.50        3.57        3.49        3.53         19515000.00
02/29/2016        3.49        3.60        3.38        3.60        100896000.00
02/26/2016        3.48        3.52        3.46        3.49          9165000.00
02/24/2016        3.54        3.55        3.45        3.47         30877000.00
02/23/2016        3.54        3.57        3.53        3.55         33167000.00
02/22/2016        3.46        3.55        3.46        3.49         12670000.00
02/19/2016        3.50        3.50        3.42        3.46         26767000.00
02/18/2016        3.47        3.53        3.46        3.50         49723000.00
02/17/2016        3.47        3.47        3.41        3.47         30094000.00
02/16/2016        3.38        3.50        3.38        3.46         93293000.00
02/15/2016        3.40        3.45        3.33        3.33         31011000.00
02/12/2016        3.35        3.36        3.27        3.32         31518000.00
02/11/2016        3.45        3.50        3.40        3.40         27318000.00
02/10/2016        3.44        3.50        3.38        3.44         17876000.00
02/09/2016        3.50        3.52        3.41        3.44         35075000.00
02/05/2016        3.48        3.63        3.48        3.60         85601000.00
02/04/2016        3.35        3.48        3.35        3.47         64382000.00
02/03/2016        3.42        3.42        3.26        3.27         49290000.00
02/02/2016        3.49        3.51        3.41        3.43         14497000.00
02/01/2016        3.54        3.63        3.43        3.47         60393000.00
01/29/2016        3.48        3.63        3.47        3.57         86812000.00
01/28/2016        3.34        3.53        3.32        3.42         48774000.00
01/27/2016        3.31        3.41        3.31        3.39         48611000.00
01/26/2016        3.20        3.32        3.16        3.24         57055000.00
01/25/2016        3.39        3.41        3.28        3.36         88907000.00
01/22/2016        3.17        3.33        3.00        3.27        191548000.00
01/21/2016        3.18        3.23        3.07        3.10        121239000.00
01/20/2016        3.53        3.53        3.11        3.17        137500984.00
01/19/2016        3.53        3.57        3.47        3.53         52097000.00
01/18/2016        3.56        3.56        3.41        3.50         57004000.00
01/15/2016        3.80        3.88        3.65        3.65         27685000.00
01/14/2016        3.69        3.76        3.66        3.72         44822000.00
01/13/2016        3.64        3.88        3.63        3.88         81908000.00
01/12/2016        3.64        3.68        3.57        3.58         59604000.00
01/11/2016        3.81        3.82        3.51        3.52         80177000.00
01/08/2016        3.94        3.99        3.84        3.88         45059000.00
01/07/2016        4.15        4.15        3.91        3.94         56153000.00
01/06/2016        4.12        4.17        4.12        4.17         23921000.00
01/05/2016        4.16        4.20        4.12        4.12         27032000.00
01/04/2016        4.25        4.30        4.08        4.13         26225000.00
12/29/2015        4.27        4.32        4.23        4.25         12456000.00
12/28/2015        4.33        4.33        4.25        4.30         29411000.00
12/23/2015        4.30        4.35        4.26        4.31          8195000.00
12/22/2015        4.36        4.36        4.27        4.29         17310000.00
12/21/2015        4.29        4.38        4.23        4.35         10937000.00
12/18/2015        4.30        4.30        4.24        4.29         23351000.00
12/17/2015        4.32        4.37        4.27        4.33         23739000.00
12/16/2015        4.22        4.29        4.19        4.27         43606000.00
12/15/2015        4.20        4.29        4.15        4.15         12346000.00
12/14/2015        4.19        4.20        4.03        4.20         20287000.00
12/11/2015        4.37        4.41        4.18        4.20         29598000.00
12/10/2015        4.50        4.50        4.31        4.34         35206000.00
12/09/2015        4.51        4.54        4.47        4.47         11964000.00
12/08/2015        4.56        4.56        4.50        4.51         10721000.00
12/07/2015        4.64        4.69        4.56        4.59         21957000.00
12/04/2015        4.57        4.61        4.51        4.54         22017000.00
12/03/2015        4.60        4.61        4.49        4.61         16463000.00
12/02/2015        4.65        4.65        4.50        4.62         14153000.00
12/01/2015        4.41        4.70        4.41        4.65         51754000.00
11/27/2015        4.57        4.57        4.44        4.44         35846000.00
11/26/2015        4.63        4.63        4.55        4.57         17545000.00
11/25/2015        4.51        4.64        4.46        4.56         31394000.00
11/24/2015        4.61        4.65        4.45        4.45         19471000.00
11/23/2015        4.55        4.68        4.48        4.61         30530000.00
11/20/2015        4.41        4.53        4.39        4.49         22214000.00
11/17/2015        4.40        4.49        4.36        4.36         16479000.00
11/16/2015        4.37        4.40        4.33        4.37         15041000.00
11/13/2015        4.44        4.51        4.37        4.37         16708000.00
11/12/2015        4.42        4.52        4.42        4.42         30140000.00
11/11/2015        4.52        4.54        4.42        4.42         23816000.00
11/10/2015        4.53        4.57        4.50        4.52         12551000.00
11/09/2015        4.67        4.67        4.52        4.53         15825000.00
11/06/2015        4.66        4.71        4.65        4.65         18561000.00
11/05/2015        4.82        4.82        4.63        4.66         25661000.00
11/04/2015        4.80        4.84        4.74        4.83         25743000.00
11/03/2015        4.77        4.83        4.74        4.77          6006000.00
11/02/2015        4.70        4.85        4.67        4.76         25376000.00
10/30/2015        4.81        4.82        4.69        4.69         19710000.00
10/29/2015        4.84        4.94        4.80        4.80         40234000.00
10/28/2015        4.79        4.87        4.77        4.80         16361000.00
10/27/2015        4.80        4.80        4.75        4.79         30450000.00
10/26/2015        4.74        4.85        4.74        4.79         49068000.00
10/23/2015        4.65        4.73        4.65        4.73         29629000.00
10/22/2015        4.51        4.63        4.42        4.60         49063000.00
10/21/2015        4.37        4.49        4.37        4.44         14407000.00
10/20/2015        4.40        4.42        4.32        4.32         27540000.00
10/19/2015        4.47        4.50        4.38        4.40          9233000.00
10/16/2015        4.59        4.60        4.41        4.41         30846000.00
10/15/2015        4.45        4.56        4.45        4.51         29780000.00
10/14/2015        4.50        4.52        4.43        4.43         27011000.00
10/13/2015        4.70        4.70        4.47        4.47         31506000.00
10/12/2015        4.79        4.85        4.58        4.60         24785000.00
10/09/2015        4.70        4.80        4.68        4.75         22813000.00
10/08/2015        4.68        4.75        4.65        4.69         35182000.00
10/07/2015        4.65        4.68        4.53        4.68         38497000.00
10/06/2015        4.46        4.68        4.46        4.57         34710000.00
10/05/2015        4.40        4.50        4.40        4.46         14508000.00
10/02/2015        4.40        4.44        4.35        4.40          8808000.00
10/01/2015        4.39        4.50        4.37        4.37         28008000.00
09/30/2015        4.37        4.39        4.30        4.37         15372000.00
09/29/2015        4.28        4.38        4.25        4.35         22179000.00
09/28/2015        4.30        4.35        4.27        4.34         29657000.00
09/24/2015        4.30        4.30        4.21        4.25         21257000.00
09/23/2015        4.27        4.32        4.23        4.25         17759000.00
09/22/2015        4.45        4.45        4.20        4.25         47016000.00
09/21/2015        4.55        4.55        4.43        4.45         13891000.00
09/18/2015        4.52        4.68        4.50        4.50         44004000.00
09/17/2015        4.50        4.54        4.48        4.50         36736000.00
09/16/2015        4.48        4.56        4.47        4.49         40206000.00
09/15/2015        4.25        4.50        4.25        4.42         54602000.00
09/14/2015        4.26        4.32        4.25        4.25         29235000.00
09/11/2015        4.36        4.36        4.22        4.23         25840000.00
09/10/2015        4.34        4.40        4.27        4.30         29828000.00
09/09/2015        4.25        4.32        4.21        4.31         36346000.00
09/08/2015        4.22        4.30        4.19        4.20         19570000.00
09/07/2015        4.18        4.24        4.15        4.22         11756000.00
09/04/2015        4.31        4.37        4.18        4.18         19475000.00
09/03/2015        4.35        4.36        4.28        4.34         17978000.00
09/02/2015        4.26        4.30        4.10        4.30         23563000.00
09/01/2015        4.32        4.37        4.25        4.29         28517000.00
08/28/2015        4.36        4.38        4.29        4.33         29789000.00
08/27/2015        4.30        4.41        4.23        4.30         84318000.00
08/26/2015        4.12        4.26        4.10        4.22         72719000.00
08/25/2015        3.77        4.13        3.76        4.12         63880000.00
08/24/2015        4.10        4.10        3.80        3.80         79402000.00
08/20/2015        4.35        4.40        4.25        4.29         21171000.00
08/19/2015        4.30        4.38        4.20        4.35         56249000.00
08/18/2015        4.45        4.47        4.27        4.28         30480000.00
08/17/2015        4.62        4.66        4.39        4.49         38611000.00
08/14/2015        4.56        4.61        4.56        4.60         30808000.00
08/13/2015        4.55        4.62        4.50        4.55         31808000.00
08/12/2015        4.68        4.68        4.50        4.52         53145000.00
08/11/2015        4.75        4.75        4.66        4.68         17854000.00
08/10/2015        4.68        4.76        4.59        4.75         22417000.00
08/07/2015        4.77        4.77        4.64        4.65         33630000.00
08/06/2015        4.84        4.86        4.76        4.77         19747000.00
08/05/2015        4.92        4.96        4.82        4.85         42237000.00
08/04/2015        4.80        4.95        4.80        4.92         80635000.00
08/03/2015        4.75        4.80        4.69        4.80         13572000.00
07/31/2015        4.68        4.74        4.64        4.74         15758000.00
07/30/2015        4.59        4.68        4.55        4.64         25636000.00
07/29/2015        4.60        4.72        4.55        4.55         19859000.00
07/28/2015        4.67        4.69        4.57        4.60         35794000.00
07/27/2015        4.83        4.83        4.62        4.62         24439000.00
07/24/2015        4.85        4.92        4.83        4.84         17467000.00
07/23/2015        4.89        4.90        4.84        4.85          9053000.00
07/22/2015        4.92        4.92        4.83        4.83         10290000.00
07/21/2015        4.88        4.96        4.84        4.92         15031000.00
07/20/2015        4.90        4.93        4.82        4.88          5611000.00
07/16/2015        4.81        4.93        4.81        4.88         25990000.00
07/15/2015        4.80        4.90        4.80        4.81         17838000.00
07/14/2015        4.92        4.95        4.79        4.80         18451000.00
07/13/2015        4.75        4.91        4.72        4.90         32702000.00
07/10/2015        4.65        4.75        4.64        4.75         27879000.00
07/09/2015        4.63        4.70        4.48        4.63         27520000.00
07/08/2015        4.66        4.74        4.52        4.62         74974000.00
07/07/2015        4.81        4.85        4.67        4.67         21361000.00
07/06/2015        4.87        4.90        4.78        4.82         11078000.00
07/03/2015        4.98        5.05        4.87        4.87         14773000.00
07/02/2015        4.88        5.05        4.88        4.99         21269000.00
07/01/2015        4.76        4.92        4.76        4.88         22745000.00
06/30/2015        4.75        4.81        4.75        4.76         74428000.00
06/29/2015        4.91        4.91        4.71        4.81         24579000.00
06/26/2015        5.01        5.01        4.92        4.92         28589699.00
06/25/2015        5.13        5.13        5.01        5.01         42593102.00
06/24/2015        5.07        5.15        5.05        5.13         37517398.00
06/23/2015        5.00        5.10        4.94        5.07         29988801.00
06/22/2015        4.98        5.04        4.91        5.04         44609000.00
06/19/2015        4.98        5.06        4.94        4.99         37451000.00
06/18/2015        4.81        5.00        4.81        4.99         45186000.00
06/17/2015        4.73        4.95        4.69        4.82         44230000.00
06/16/2015        4.73        4.75        4.70        4.72         21494000.00
06/15/2015        4.69        4.75        4.67        4.71         34195000.00
06/11/2015        4.64        4.77        4.64        4.71         31067000.00
06/10/2015        4.53        4.64        4.53        4.62         21953000.00
06/09/2015        4.64        4.64        4.46        4.50         33751000.00
06/08/2015        4.78        4.79        4.58        4.64         20508000.00
06/05/2015        4.75        4.80        4.73        4.77         55383000.00
06/04/2015        4.68        4.75        4.65        4.75         24598000.00
06/03/2015        4.66        4.72        4.58        4.67         37862000.00
06/02/2015        4.75        4.75        4.65        4.65         21957000.00
06/01/2015        4.82        4.82        4.64        4.80         21200000.00
05/29/2015        4.61        4.82        4.61        4.75         86390000.00
05/28/2015        4.71        4.75        4.52        4.58        117209000.00
05/27/2015        4.80        4.82        4.70        4.70         61954000.00
05/26/2015        5.01        5.01        4.68        4.81        120314000.00
05/25/2015        5.19        5.19        5.00        5.00         58032500.00
05/22/2015        5.20        5.26        5.16        5.19         36092699.00
05/21/2015        5.34        5.34        5.20        5.20         21144699.00
05/20/2015        5.33        5.36        5.31        5.34         28643301.00
05/19/2015        5.37        5.39        5.32        5.33         68186898.00
05/18/2015        5.28        5.44        5.27        5.37         22189500.00
05/15/2015        5.29        5.38        5.23        5.25         19416699.00
05/14/2015        5.39        5.40        5.25        5.28         27362100.00
05/13/2015        5.35        5.45        5.35        5.39          9498300.00
05/12/2015        5.32        5.38        5.30        5.33         16555199.00
05/11/2015        5.40        5.42        5.31        5.37          7268800.00
05/08/2015        5.40        5.44        5.36        5.41         14866700.00
05/07/2015        5.37        5.43        5.35        5.42         22547600.00
05/06/2015        5.42        5.45        5.33        5.45         11209100.00
05/05/2015        5.37        5.47        5.37        5.42         35891199.00
05/04/2015        5.25        5.36        5.20        5.36         44163301.00
04/30/2015        5.29        5.34        5.12        5.30         90808797.00
04/29/2015        5.34        5.37        5.28        5.29         43744699.00
04/28/2015        5.39        5.45        5.31        5.33         31580000.00
04/27/2015        5.49        5.49        5.33        5.38         27373699.00
04/24/2015        5.60        5.60        5.44        5.50         24715500.00
04/23/2015        5.49        5.61        5.43        5.60         44787602.00
04/22/2015        5.27        5.49        5.27        5.49         52347602.00
04/21/2015        5.37        5.42        5.27        5.30         22872400.00
04/20/2015        5.46        5.46        5.28        5.33         39859199.00
04/17/2015        5.51        5.60        5.41        5.49         23813900.00
04/16/2015        5.33        5.50        5.18        5.50         77754398.00
04/15/2015        5.50        5.52        5.25        5.33        128647906.00
04/14/2015        5.71        5.77        5.47        5.50         80473102.00
04/13/2015        5.84        5.92        5.68        5.70         30022500.00
04/10/2015        5.72        5.94        5.72        5.88         51554398.00
04/08/2015        5.67        5.80        5.61        5.76         39554398.00
04/07/2015        5.59        5.75        5.59        5.66         46216801.00
04/06/2015        5.57        5.65        5.53        5.59         27492100.00
04/01/2015        5.43        5.54        5.43        5.52         15010400.00
03/31/2015        5.56        5.57        5.42        5.43         25301699.00
03/30/2015        5.52        5.59        5.50        5.50         36775301.00
03/27/2015        5.53        5.53        5.46        5.52         22978900.00
03/26/2015        5.53        5.53        5.50        5.53         23090900.00
03/25/2015        5.50        5.54        5.48        5.53         30694600.00
03/24/2015        5.40        5.49        5.37        5.49         21808500.00
03/23/2015        5.48        5.51        5.30        5.40         72372203.00
03/20/2015        5.50        5.61        5.46        5.46        202116094.00
03/19/2015        5.50        5.54        5.45        5.50         27678000.00
03/18/2015        5.52        5.55        5.42        5.46         81521797.00
03/17/2015        5.47        5.55        5.47        5.54         46252500.00
03/16/2015        5.61        5.61        5.45        5.45         57747801.00
03/13/2015        5.63        5.73        5.54        5.63         41670398.00
03/12/2015        5.50        5.65        5.46        5.63         49454199.00
03/11/2015        5.50        5.54        5.44        5.50         35979898.00
03/10/2015        5.52        5.65        5.50        5.52         42374500.00
03/09/2015        5.53        5.55        5.43        5.52         29737199.00
03/06/2015        5.61        5.63        5.49        5.56         45838398.00
03/05/2015        5.60        5.65        5.56        5.60        114749203.00
03/04/2015        5.44        5.55        5.43        5.45         49704500.00
03/03/2015        5.55        5.60        5.48        5.54         40822398.00
03/02/2015        5.47        5.56        5.44        5.56         42115199.00
02/27/2015        5.40        5.47        5.36        5.47         71108305.00
02/26/2015        5.40        5.43        5.34        5.37         30198600.00
02/25/2015        5.35        5.43        5.33        5.40         44734602.00
02/24/2015        5.31        5.36        5.29        5.34         22647400.00
02/23/2015        5.32        5.33        5.29        5.32         20853801.00
02/20/2015        5.30        5.40        5.30        5.32         14700200.00
02/18/2015        5.40        5.40        5.30        5.30         30028600.00
02/17/2015        5.30        5.44        5.30        5.36         48236301.00
02/16/2015        5.20        5.35        5.19        5.33         64486801.00
02/13/2015        5.12        5.21        5.10        5.20         49987801.00
02/12/2015        5.06        5.12        5.04        5.09         51973602.00
02/11/2015        5.16        5.16        5.09        5.09         24980400.00
02/10/2015        5.14        5.17        5.10        5.11         36493102.00
02/09/2015        5.10        5.12        5.08        5.11         49871699.00
02/06/2015        5.09        5.12        5.07        5.09         53107000.00
02/05/2015        5.20        5.20        5.05        5.07         53625500.00
02/04/2015        5.19        5.26        5.18        5.20        132051000.00
02/03/2015        5.13        5.18        5.08        5.18         43893699.00
02/02/2015        5.20        5.20        5.07        5.13         53906000.00
01/30/2015        5.14        5.21        5.14        5.20         31248100.00
01/29/2015        5.18        5.30        5.08        5.14         70787398.00
01/28/2015        5.14        5.18        5.10        5.17         42291699.00
01/27/2015        5.20        5.29        5.14        5.16         40710000.00
01/26/2015        5.20        5.21        5.08        5.20         49070398.00
01/23/2015        5.24        5.28        5.18        5.20         43801000.00
01/22/2015        5.30        5.30        5.18        5.21         48120301.00
01/21/2015        5.36        5.36        5.24        5.30         32208000.00
01/20/2015        5.30        5.40        5.26        5.30         34191699.00
01/19/2015        5.40        5.43        5.23        5.28         37411301.00
01/14/2015        5.16        5.43        5.16        5.39        113312492.00
01/13/2015        5.18        5.23        5.15        5.18         28822699.00
01/12/2015        5.18        5.23        5.10        5.19         36995301.00
01/09/2015        5.20        5.28        5.15        5.18         66351398.00
01/08/2015        5.10        5.19        5.06        5.18         43800398.00
01/07/2015        4.99        5.15        4.93        5.09         64245801.00
01/06/2015        4.78        5.02        4.75        5.00         97820000.00
01/05/2015        4.70        4.84        4.70        4.81         19715000.00
