MER  1216

12/27/2019      305.00      317.00      304.00      317.00           190120.00
12/26/2019      300.00      310.00      300.00      305.00            75490.00
12/23/2019      290.40      300.00      290.40      299.80           395320.00
12/20/2019      311.80      313.00      286.20      286.20          1037720.00
12/19/2019      311.00      315.80      308.20      311.40           272710.00
12/18/2019      308.00      320.00      306.00      320.00           117830.00
12/17/2019      304.20      317.80      296.40      317.80           275710.00
12/16/2019      318.00      318.00      299.40      303.00           375070.00
12/13/2019      317.00      322.20      315.00      318.00           207240.00
12/12/2019      324.00      324.00      310.00      310.00           234100.00
12/11/2019      322.00      325.00      321.60      323.40            64420.00
12/10/2019      326.00      326.00      321.00      321.00            68650.00
12/09/2019      326.40      327.00      321.20      326.00            74890.00
12/06/2019      320.00      326.00      318.00      326.00            99740.00
12/05/2019      322.00      322.00      320.00      320.00            97200.00
12/04/2019      324.60      324.60      320.00      321.20           318600.00
12/03/2019      321.00      324.80      321.00      322.40            66490.00
12/02/2019      321.80      322.00      320.00      322.00            82720.00
11/29/2019      315.00      319.80      315.00      319.00            67140.00
11/28/2019      322.60      322.60      315.00      315.00           185420.00
11/27/2019      325.00      325.00      317.20      319.00           262400.00
11/26/2019      320.00      325.00      313.20      319.00           793090.00
11/25/2019      324.00      326.00      320.00      320.00           344000.00
11/22/2019      317.00      331.00      317.00      330.00           123340.00
11/21/2019      327.00      327.00      316.00      319.00           224290.00
11/20/2019      330.60      331.20      322.20      323.60           148900.00
11/19/2019      335.00      335.00      330.20      330.20            77440.00
11/18/2019      337.00      337.20      334.60      335.00           195290.00
11/15/2019      337.00      340.00      335.80      338.00           195350.00
11/14/2019      342.40      343.00      335.40      335.40           178270.00
11/13/2019      347.20      347.20      341.20      347.00            86500.00
11/12/2019      345.40      347.00      341.20      347.00            95900.00
11/11/2019      349.80      350.00      340.20      340.20           125780.00
11/08/2019      346.20      349.80      342.00      349.80           150820.00
11/07/2019      345.20      346.00      343.60      346.00           134720.00
11/06/2019      350.00      350.00      343.40      344.00           156830.00
11/05/2019      350.00      350.40      347.00      349.00           445310.00
11/04/2019      347.00      348.00      345.00      347.00           163590.00
10/31/2019      347.00      348.60      338.40      338.40           144710.00
10/30/2019      350.00      350.00      346.00      346.00           136490.00
10/29/2019      358.00      362.60      344.00      346.00           504760.00
10/28/2019      363.00      363.00      355.80      355.80           228730.00
10/25/2019      363.80      363.80      356.20      356.20           249900.00
10/24/2019      361.60      364.40      360.40      360.40           175400.00
10/23/2019      364.00      364.80      362.80      364.00           101210.00
10/22/2019      364.60      366.60      362.60      364.00           108910.00
10/21/2019      368.00      368.00      361.20      365.00           105960.00
10/18/2019      366.20      369.20      360.20      360.60           533130.00
10/17/2019      367.00      369.00      363.20      369.00           112880.00
10/16/2019      367.00      367.00      362.20      367.00           123730.00
10/15/2019      365.00      367.00      362.60      367.00           108570.00
10/14/2019      365.00      365.20      362.20      365.00            39930.00
10/11/2019      365.00      365.20      359.00      365.20            83270.00
10/10/2019      366.00      366.00      359.60      365.00           124930.00
10/09/2019      363.00      363.20      360.00      360.00            66020.00
10/08/2019      362.00      364.00      362.00      363.00            87890.00
10/07/2019      367.00      367.00      360.20      362.00            54500.00
10/04/2019      360.00      367.00      359.00      367.00            46500.00
10/03/2019      365.00      365.00      357.20      360.00           101010.00
10/02/2019      369.80      369.80      357.00      357.00           192150.00
10/01/2019      365.00      369.00      363.60      369.00           181040.00
09/30/2019      363.40      370.80      363.40      370.00           356520.00
09/27/2019      368.60      368.60      363.00      363.00           110350.00
09/26/2019      362.00      369.40      362.00      369.00           159830.00
09/25/2019      368.00      370.00      365.00      370.00           224150.00
09/24/2019      368.00      370.00      367.00      368.00           206980.00
09/23/2019      371.00      371.00      368.00      368.00            53160.00
09/20/2019      369.00      372.00      369.00      371.00           606900.00
09/19/2019      372.00      372.00      367.80      371.40            74880.00
09/18/2019      370.00      374.00      367.60      374.00            77680.00
09/17/2019      372.00      372.00      367.80      372.00            95760.00
09/16/2019      366.00      374.00      363.20      374.00           208780.00
09/13/2019      360.00      367.60      360.00      366.40           309520.00
09/12/2019      361.00      362.00      359.20      360.00            93020.00
09/11/2019      359.20      363.60      357.20      363.60           139700.00
09/10/2019      361.00      362.00      357.20      357.20           239200.00
09/09/2019      358.00      361.00      358.00      361.00           106030.00
09/06/2019      363.00      363.00      358.00      358.00            91760.00
09/05/2019      359.60      362.60      358.20      360.00           166330.00
09/04/2019      362.40      363.00      359.80      359.80           165830.00
09/03/2019      362.20      364.40      362.20      363.00           134310.00
09/02/2019      365.00      365.00      361.60      362.00           147150.00
08/30/2019      369.80      369.80      363.20      365.00           286700.00
08/29/2019      362.00      369.80      360.00      369.80           180450.00
08/28/2019      367.00      367.40      360.00      362.00           276510.00
08/27/2019      362.00      367.40      358.20      367.40           472130.00
08/23/2019      357.00      366.00      357.00      362.00           194890.00
08/22/2019      361.00      365.80      355.00      365.80           248000.00
08/20/2019      365.00      365.00      360.00      361.00            82340.00
08/19/2019      363.00      366.00      357.00      366.00           165300.00
08/16/2019      360.60      360.60      353.00      353.00           152510.00
08/15/2019      356.60      364.60      353.60      360.60           178510.00
08/14/2019      369.00      369.00      356.40      356.40           127160.00
08/13/2019      360.60      369.80      350.00      369.80           269440.00
08/09/2019      368.40      368.40      360.00      360.00           157810.00
08/08/2019      365.00      368.00      359.60      368.00           149790.00
08/07/2019      363.80      365.00      359.00      360.00           219290.00
08/06/2019      363.60      363.60      358.00      358.00           214600.00
08/05/2019      372.60      372.60      363.60      363.60           219550.00
08/02/2019      370.00      372.60      367.20      372.60            86690.00
08/01/2019      365.40      374.80      365.00      373.80           146710.00
07/31/2019      368.80      375.00      365.00      365.00           228280.00
07/30/2019      372.00      373.00      367.40      367.40           216260.00
07/29/2019      375.00      379.40      370.60      372.00           176260.00
07/26/2019      380.00      381.20      375.00      375.00           208040.00
07/25/2019      379.00      384.20      378.00      384.20           111150.00
07/24/2019      381.40      384.00      378.00      378.00           143880.00
07/23/2019      382.00      384.00      380.00      384.00           127860.00
07/22/2019      378.20      383.80      378.20      382.00            85740.00
07/19/2019      381.00      383.00      380.00      383.00           127800.00
07/18/2019      378.60      383.00      378.60      379.00            99270.00
07/17/2019      381.00      382.40      378.60      378.60           199910.00
07/16/2019      385.00      388.80      380.40      380.40           118450.00
07/15/2019      381.80      390.00      381.20      390.00           135600.00
07/12/2019      385.40      385.40      381.40      381.40           151320.00
07/11/2019      385.80      385.80      383.40      385.00            47600.00
07/10/2019      387.00      387.00      383.00      383.00            88440.00
07/09/2019      384.00      387.00      384.00      387.00            85820.00
07/08/2019      383.00      386.00      382.20      383.00           127350.00
07/05/2019      381.20      386.00      381.20      386.00            54790.00
07/04/2019      385.20      387.00      381.00      381.00           193530.00
07/03/2019      387.80      387.80      385.40      387.00           116490.00
07/02/2019      379.60      387.80      379.60      387.80           111550.00
07/01/2019      384.20      385.00      378.60      384.60            60540.00
06/28/2019      386.00      387.00      382.20      387.00           195550.00
06/27/2019      381.00      387.00      381.00      387.00           230560.00
06/26/2019      380.00      381.20      378.00      381.00           202520.00
06/25/2019      382.00      386.00      376.80      376.80           171850.00
06/24/2019      378.00      384.00      378.00      382.00           139390.00
06/21/2019      383.20      383.20      380.00      380.00           493910.00
06/20/2019      385.00      385.00      380.00      383.00           302250.00
06/19/2019      382.00      385.00      377.00      384.00           297810.00
06/18/2019      382.00      382.00      376.20      382.00           171360.00
06/17/2019      381.80      383.80      380.00      380.00           256880.00
06/14/2019      385.00      385.80      382.20      382.20           115290.00
06/13/2019      385.00      391.00      384.00      385.00           474660.00
06/11/2019      385.20      389.80      384.40      387.60           328710.00
06/10/2019      388.00      388.00      384.40      387.60           156760.00
06/07/2019      389.00      389.80      382.60      388.80            90570.00
06/06/2019      390.00      390.20      386.40      389.00           110010.00
06/04/2019      389.20      390.80      387.00      390.80           268030.00
06/03/2019      384.00      389.60      375.00      389.20           247180.00
05/31/2019      378.80      385.00      375.40      385.00           154820.00
05/30/2019      378.20      381.00      377.80      379.00           255190.00
05/29/2019      372.00      378.80      371.60      378.80           234810.00
05/28/2019      370.00      375.00      368.00      372.40           805540.00
05/27/2019      378.00      378.80      367.00      367.00           115890.00
05/24/2019      378.80      379.00      369.00      378.00           140010.00
05/23/2019      377.00      378.80      371.60      378.80           150040.00
05/22/2019      373.60      375.00      370.40      375.00           102760.00
05/21/2019      360.00      374.00      356.40      374.00           221820.00
05/20/2019      360.00      360.20      356.00      356.20           109170.00
05/17/2019      355.60      364.00      355.60      360.00           295200.00
05/16/2019      361.00      362.60      355.80      356.00           258930.00
05/15/2019      372.00      372.00      359.00      359.00           376900.00
05/14/2019      377.00      377.00      364.00      364.20           312990.00
05/10/2019      373.20      379.80      371.20      371.20           171460.00
05/09/2019      378.00      379.80      373.00      373.00           336990.00
05/08/2019      381.80      381.80      377.20      380.00           252450.00
05/07/2019      381.00      382.60      379.00      381.80           135320.00
05/06/2019      386.00      386.00      381.40      382.60           147260.00
05/03/2019      387.00      390.20      385.00      385.60           267390.00
05/02/2019      385.00      387.40      383.00      387.00           498570.00
04/30/2019      383.00      385.00      383.00      385.00           199420.00
04/29/2019      384.00      384.00      380.60      383.00           100960.00
04/26/2019      384.00      384.00      380.20      384.00            96360.00
04/25/2019      382.00      385.00      377.20      385.00           186240.00
04/24/2019      382.60      383.00      377.60      382.80           122360.00
04/23/2019      378.00      382.60      378.00      382.60           193140.00
04/22/2019      376.20      381.00      376.20      380.00           121980.00
04/17/2019      378.00      379.00      375.20      379.00           132640.00
04/16/2019      380.00      381.60      373.60      373.60           189260.00
04/15/2019      378.40      384.80      378.20      380.00           121770.00
04/12/2019      382.00      382.80      378.40      378.40           363840.00
04/11/2019      385.00      385.00      380.00      381.40           114010.00
04/10/2019      380.00      386.00      378.20      385.00           357830.00
04/08/2019      379.20      380.60      374.00      374.00           152080.00
04/05/2019      379.80      379.80      377.00      378.80           206890.00
04/04/2019      380.00      380.00      375.20      376.00            86050.00
04/03/2019      385.00      385.00      375.20      375.20           216500.00
04/02/2019      380.20      384.80      380.20      381.20           188780.00
04/01/2019      380.00      385.00      375.00      385.00           243600.00
03/29/2019      375.20      383.40      375.00      380.00           321580.00
03/28/2019      375.60      378.60      375.00      378.60           228000.00
03/27/2019      375.20      378.40      375.00      376.00           226730.00
03/26/2019      378.20      382.00      375.00      378.00           117780.00
03/25/2019      389.40      389.40      377.00      378.00           194390.00
03/22/2019      379.00      387.00      375.00      387.00           311360.00
03/21/2019      377.80      379.80      373.40      379.40           223010.00
03/20/2019      374.20      377.80      373.80      374.00           365860.00
03/19/2019      375.00      376.00      372.00      375.00           293870.00
03/18/2019      371.20      380.00      371.20      379.60           111520.00
03/15/2019      380.00      380.00      370.00      370.00           341040.00
03/14/2019      378.00      380.00      373.60      380.00           137560.00
03/13/2019      375.60      378.20      371.00      378.20           102590.00
03/12/2019      372.00      376.00      370.60      376.00           125820.00
03/11/2019      370.00      372.60      367.00      370.00           189280.00
03/08/2019      378.60      378.60      376.00      376.00            80930.00
03/07/2019      377.80      377.80      370.80      376.00            80610.00
03/06/2019      370.00      377.80      367.00      377.80           119080.00
03/05/2019      370.00      370.20      367.40      368.20           170690.00
03/04/2019      370.00      371.40      367.00      370.20           205890.00
03/01/2019      369.00      376.00      367.00      367.00           262960.00
02/28/2019      379.00      380.40      367.60      367.60           614820.00
02/27/2019      375.60      379.00      371.00      379.00           132180.00
02/26/2019      375.00      375.60      369.00      375.60           236590.00
02/22/2019      374.40      375.00      368.20      375.00           169610.00
02/21/2019      374.40      374.40      371.00      374.00           198970.00
02/20/2019      359.40      373.00      359.20      372.00           290100.00
02/19/2019      358.00      360.00      356.00      359.00           233250.00
02/18/2019      361.80      361.80      355.00      358.00            90680.00
02/15/2019      362.00      369.60      355.00      355.00           224800.00
02/14/2019      364.00      365.00      360.00      360.20           198280.00
02/13/2019      365.60      366.00      359.40      360.00           425320.00
02/12/2019      360.00      364.40      360.00      360.40           347660.00
02/11/2019      367.20      367.60      360.00      360.00           191920.00
02/08/2019      370.80      371.20      367.20      367.20           222890.00
02/07/2019      369.00      371.20      368.00      371.00            61070.00
02/06/2019      371.00      374.00      367.20      367.20           214580.00
02/04/2019      370.60      370.80      364.00      364.00            78810.00
02/01/2019      373.00      373.00      365.80      370.60           300930.00
01/31/2019      371.00      374.40      365.60      365.80           454250.00
01/30/2019      375.80      375.80      363.00      371.00           323590.00
01/29/2019      377.00      377.00      369.60      373.60           276560.00
01/28/2019      372.60      378.40      372.60      375.00           226730.00
01/25/2019      380.00      380.00      370.20      372.00           219380.00
01/24/2019      376.00      380.00      376.00      380.00           243480.00
01/23/2019      371.80      375.20      368.00      375.00           176420.00
01/22/2019      363.00      371.40      363.00      371.40           273840.00
01/21/2019      370.00      377.60      362.80      362.80           427120.00
01/18/2019      380.00      380.00      369.00      369.20           673240.00
01/17/2019      390.80      393.00      376.00      378.00           421830.00
01/16/2019      396.00      396.00      386.20      387.00           283030.00
01/15/2019      397.80      397.80      392.00      396.00           182100.00
01/14/2019      389.80      398.00      387.00      398.00           420560.00
01/11/2019      393.40      393.80      387.00      387.00           183580.00
01/10/2019      390.00      393.40      386.20      393.40           333520.00
01/09/2019      386.00      390.00      384.40      390.00           295770.00
01/08/2019      388.00      388.00      382.00      382.00           142450.00
01/07/2019      394.60      395.00      380.80      380.80           320370.00
01/04/2019      390.00      394.00      388.00      394.00           156370.00
01/03/2019      385.20      392.00      383.40      390.00           314170.00
01/02/2019      382.00      389.00      382.00      384.60           103240.00
12/28/2018      394.40      394.40      380.00      380.00           280020.00
12/27/2018      389.40      394.80      386.00      394.80           254420.00
12/26/2018      385.40      389.60      380.00      389.60            97320.00
12/21/2018      390.00      391.00      385.40      390.00           313870.00
12/20/2018      389.00      390.00      386.00      390.00           186580.00
12/19/2018      389.00      389.80      387.20      389.40           221670.00
12/18/2018      389.00      389.00      386.20      389.00           222960.00
12/17/2018      387.20      390.00      380.00      386.00           135170.00
12/14/2018      375.20      389.80      373.20      389.80           280430.00
12/13/2018      386.20      387.40      375.00      375.00           414550.00
12/12/2018      377.00      382.40      373.00      382.40           192640.00
12/11/2018      373.00      378.40      369.00      377.00           346680.00
12/10/2018      375.40      375.40      366.20      366.20           160030.00
12/07/2018      380.00      381.00      375.40      376.00           154800.00
12/06/2018      385.20      386.00      380.00      380.00           239940.00
12/05/2018      385.80      387.80      380.20      385.20           187010.00
12/04/2018      388.00      392.80      385.00      388.00           388770.00
12/03/2018      385.80      388.00      385.20      388.00           466230.00
11/29/2018      387.60      387.60      383.20      384.20          1693130.00
11/28/2018      387.40      390.00      384.00      387.60           279880.00
11/27/2018      388.20      390.00      385.80      388.00           319670.00
11/26/2018      390.00      390.60      386.20      388.00           218230.00
11/23/2018      388.00      390.00      384.00      390.00           307750.00
11/22/2018      388.00      390.00      387.00      388.00           232750.00
11/21/2018      382.00      388.80      381.00      388.80           312500.00
11/20/2018      384.00      387.00      378.00      383.80            97770.00
11/19/2018      383.00      387.00      376.60      384.00           184710.00
11/16/2018      381.60      388.00      376.60      376.60           306890.00
11/15/2018      382.00      382.00      379.60      379.60           111320.00
11/14/2018      378.00      382.00      374.60      382.00           351820.00
11/13/2018      378.00      380.00      374.60      378.60           173590.00
11/12/2018      380.00      380.40      372.80      380.00           213220.00
11/09/2018      377.00      380.80      373.40      380.80           172690.00
11/08/2018      365.00      377.20      361.00      377.20           206220.00
11/07/2018      365.20      365.20      362.00      363.00           193020.00
11/06/2018      367.60      369.00      365.00      365.20           102370.00
11/05/2018      371.00      371.00      363.60      367.60           291410.00
10/31/2018      356.00      367.80      355.00      367.80           363350.00
10/30/2018      359.00      359.80      354.00      354.00           117950.00
10/29/2018      358.00      361.60      355.00      360.00           223310.00
10/26/2018      352.00      361.00      347.00      360.40           217620.00
10/25/2018      351.00      353.00      346.80      352.00           135980.00
10/24/2018      351.60      353.00      347.40      353.00           150960.00
10/23/2018      353.00      353.00      349.00      351.00           179840.00
10/22/2018      346.80      351.80      346.80      351.80            86540.00
10/19/2018      352.60      358.80      341.60      346.80           787880.00
10/18/2018      350.00      354.40      350.00      352.60           182710.00
10/17/2018      358.00      359.20      353.00      359.20           125880.00
10/16/2018      348.00      359.00      347.00      359.00           169960.00
10/15/2018      352.00      352.40      348.00      348.00           101560.00
10/12/2018      355.00      357.60      349.00      351.80           149520.00
10/11/2018      351.00      357.00      345.00      357.00           182910.00
10/10/2018      350.80      357.20      348.80      357.20           252300.00
10/09/2018      342.20      354.00      342.20      343.00           143330.00
10/08/2018      355.00      355.00      341.60      341.60            94220.00
10/05/2018      354.00      359.00      350.00      356.00           238180.00
10/04/2018      358.80      359.00      350.00      355.00           104300.00
10/03/2018      341.80      358.80      341.40      358.80           260500.00
10/02/2018      331.80      345.00      330.00      342.00           247850.00
10/01/2018      337.60      338.60      329.40      331.80           273720.00
09/28/2018      346.80      346.80      340.00      340.00           529600.00
09/27/2018      353.00      353.00      336.00      346.00           596960.00
09/26/2018      358.00      358.00      348.00      348.00           254510.00
09/25/2018      361.00      361.00      356.40      358.00           155780.00
09/24/2018      364.00      364.00      356.80      360.00            72260.00
09/21/2018      350.00      367.00      350.00      365.00           566000.00
09/20/2018      361.00      361.60      351.00      351.00           111370.00
09/19/2018      365.00      365.60      360.00      361.00           175730.00
09/18/2018      369.00      371.80      362.00      365.60           201850.00
09/17/2018      368.00      372.80      368.00      369.00            82850.00
09/14/2018      383.80      383.80      368.00      368.00           297700.00
09/13/2018      384.80      384.80      378.20      382.00           185100.00
09/12/2018      378.00      385.00      377.00      385.00           304060.00
09/11/2018      379.20      380.00      375.00      380.00           199780.00
09/10/2018      380.00      380.00      373.00      379.00           112010.00
09/07/2018      376.00      380.00      370.20      380.00           272660.00
09/06/2018      374.00      379.00      366.20      379.00           414820.00
09/05/2018      372.00      372.20      368.00      371.00           206220.00
09/04/2018      368.00      372.00      366.60      372.00           129910.00
09/03/2018      375.00      375.00      367.00      367.00            62170.00
08/31/2018      372.00      373.40      366.40      373.40           547750.00
08/30/2018      372.00      375.00      366.00      374.00           383430.00
08/29/2018      380.00      380.00      370.00      371.20           197020.00
08/28/2018      366.00      381.60      366.00      380.00           375970.00
08/24/2018      365.00      369.60      361.00      366.00           169730.00
08/23/2018      363.00      370.00      360.00      370.00           279860.00
08/22/2018      351.40      364.40      351.40      363.00           195730.00
08/20/2018      362.80      362.80      350.20      350.20           182100.00
08/17/2018      352.00      363.00      351.00      363.00           193020.00
08/16/2018      360.00      361.00      351.20      351.20           189170.00
08/15/2018      355.00      360.00      354.80      358.00            88880.00
08/14/2018      355.00      355.20      354.20      354.40           107800.00
08/13/2018      366.20      366.20      355.40      355.40           276120.00
08/10/2018      370.00      370.00      366.00      368.20           207190.00
08/09/2018      375.80      376.00      368.00      370.00           173720.00
08/08/2018      370.00      378.00      367.20      375.00           146130.00
08/07/2018      371.20      375.60      369.20      370.00           139600.00
08/06/2018      377.00      377.00      368.80      371.20           280830.00
08/03/2018      380.00      381.20      368.00      370.00           334340.00
08/02/2018      394.80      395.00      377.00      380.00           233180.00
08/01/2018      379.60      395.00      379.00      395.00           343510.00
07/31/2018      379.00      379.60      375.00      379.60           503300.00
07/30/2018      375.00      380.00      370.00      380.00           215330.00
07/27/2018      378.00      378.00      369.00      378.00           189720.00
07/26/2018      375.00      379.00      375.00      378.80           277700.00
07/25/2018      370.00      375.20      369.60      373.00           401250.00
07/24/2018      358.00      370.00      356.40      370.00           581310.00
07/23/2018      356.40      359.00      356.00      358.00           112950.00
07/20/2018      354.00      358.00      354.00      357.20            77020.00
07/19/2018      358.60      358.60      355.00      358.00           185530.00
07/18/2018      359.00      359.40      353.20      356.00           124870.00
07/17/2018      359.00      359.00      352.00      357.00            89130.00
07/16/2018      356.00      358.60      353.40      358.60            49920.00
07/13/2018      355.60      359.00      354.00      356.00           206640.00
07/12/2018      357.00      357.00      355.00      355.60            92980.00
07/11/2018      353.00      357.80      353.00      357.80           126900.00
07/10/2018      354.00      354.80      351.00      354.00           200180.00
07/09/2018      357.00      357.80      353.00      354.00            39980.00
07/06/2018      357.00      358.00      351.00      358.00           346650.00
07/05/2018      355.00      357.00      350.00      350.00            92730.00
07/04/2018      354.00      358.00      350.00      358.00           381680.00
07/03/2018      355.00      356.00      353.20      355.00           265810.00
07/02/2018      352.00      355.00      350.80      353.00           315720.00
06/29/2018      344.40      355.60      344.40      355.60          1045850.00
06/28/2018      344.00      344.80      341.00      344.20           341730.00
06/27/2018      326.40      344.80      326.40      344.80           428970.00
06/26/2018      340.00      341.00      335.00      340.40           358220.00
06/25/2018      344.80      344.80      336.60      336.60           370360.00
06/22/2018      337.00      337.00      329.00      334.80           757390.00
06/21/2018      341.00      341.00      331.40      337.00           322910.00
06/20/2018      342.60      342.60      338.20      341.00           348460.00
06/19/2018      337.20      344.80      337.00      342.00           503450.00
06/18/2018      338.20      345.20      336.00      343.00           426140.00
06/14/2018      334.00      345.00      331.20      345.00          1348830.00
06/13/2018      337.00      337.00      333.00      334.20           668200.00
06/11/2018      338.60      339.00      336.60      339.00           281980.00
06/08/2018      339.80      339.80      332.40      338.00           262400.00
06/07/2018      338.00      339.60      335.00      338.40           405010.00
06/06/2018      337.20      337.40      334.40      337.40           317290.00
06/05/2018      333.80      337.60      331.20      337.60           292690.00
06/04/2018      334.60      334.60      333.00      334.00           333520.00
06/01/2018      322.80      335.00      322.80      334.80           263960.00
05/31/2018      327.80      334.00      322.20      322.80          1854430.00
05/30/2018      335.80      335.80      327.20      327.80           384030.00
05/29/2018      334.00      335.80      334.00      335.80           310220.00
05/28/2018      334.00      335.00      330.60      333.80           211570.00
05/25/2018      334.00      335.00      333.00      335.00           609290.00
05/24/2018      329.00      330.00      327.80      330.00           310530.00
05/23/2018      328.80      329.00      326.40      328.00           339190.00
05/22/2018      326.00      328.40      321.80      328.40           402290.00
05/21/2018      320.00      324.20      320.00      321.00           101440.00
05/18/2018      320.00      327.00      319.80      322.00           196400.00
05/17/2018      325.00      325.60      319.20      319.40           252900.00
05/16/2018      322.40      326.80      321.60      324.40           194460.00
05/15/2018      326.00      329.00      322.40      322.40           225090.00
05/11/2018      328.00      329.60      328.00      328.00           109940.00
05/10/2018      327.00      330.20      327.00      328.00           368560.00
05/09/2018      324.20      329.40      324.00      328.00           309540.00
05/08/2018      325.00      328.80      323.20      326.00           217400.00
05/07/2018      323.60      329.80      323.60      329.00           317360.00
05/04/2018      323.00      327.00      317.00      327.00           151020.00
05/03/2018      329.00      329.80      323.20      323.40           353860.00
05/02/2018      320.00      329.80      319.40      329.80           489800.00
04/30/2018      314.40      322.00      310.80      322.00           397050.00
04/27/2018      298.80      314.40      296.20      314.20           493190.00
04/26/2018      307.00      307.40      291.40      295.80           456310.00
04/25/2018      317.00      320.20      307.00      307.00           441670.00
04/24/2018      322.80      322.80      316.60      319.40           131690.00
04/23/2018      321.60      323.60      321.20      323.00           100760.00
04/20/2018      321.60      324.00      320.00      321.60           113760.00
04/19/2018      321.00      327.00      317.60      319.80           561860.00
04/18/2018      326.80      327.80      325.40      327.60           242160.00
04/17/2018      322.20      325.00      320.60      324.00           181850.00
04/16/2018      323.00      326.80      322.00      325.00           270970.00
04/13/2018      325.00      327.80      320.80      321.80           359130.00
04/12/2018      328.00      328.00      324.00      325.00           228230.00
04/11/2018      325.00      328.00      325.00      328.00           161740.00
04/10/2018      318.00      326.00      318.00      323.60           380220.00
04/06/2018      323.40      323.80      320.80      322.60           124060.00
04/05/2018      324.00      324.00      322.00      323.40           102680.00
04/04/2018      324.00      324.80      322.40      324.20            97520.00
04/03/2018      325.00      325.00      321.60      324.00            91640.00
04/02/2018      320.00      326.00      320.00      326.00           151980.00
03/28/2018      327.80      327.80      318.00      318.00           350150.00
03/27/2018      320.00      328.00      320.00      328.00           197040.00
03/26/2018      325.00      325.00      317.40      320.00           297420.00
03/23/2018      320.00      325.00      311.20      325.00           359030.00
03/22/2018      326.00      330.60      325.60      330.00           627810.00
03/21/2018      326.00      330.00      324.00      325.40           253300.00
03/20/2018      329.00      329.40      325.80      326.00           456420.00
03/19/2018      332.40      332.40      328.80      329.00           145640.00
03/16/2018      329.80      335.00      326.00      335.00           837210.00
03/15/2018      333.80      333.80      329.00      330.00           386270.00
03/14/2018      332.00      334.00      329.00      334.00           181570.00
03/13/2018      328.80      334.00      328.80      334.00           242330.00
03/12/2018      328.00      330.60      328.00      330.00           190520.00
03/09/2018      330.00      330.40      325.00      327.20           223200.00
03/08/2018      330.00      333.00      328.00      331.00           227730.00
03/07/2018      334.00      334.00      328.00      333.00           234040.00
03/06/2018      326.00      334.00      326.00      334.00           253050.00
03/05/2018      332.60      332.60      325.00      325.00           371640.00
03/02/2018      327.20      334.40      326.00      334.40           161310.00
03/01/2018      336.60      336.60      326.00      329.00           426320.00
02/28/2018      327.00      336.60      322.00      336.60           537470.00
02/27/2018      321.00      327.00      321.00      327.00           291360.00
02/26/2018      319.40      321.00      319.20      320.00           263340.00
02/23/2018      319.00      324.00      319.00      319.20           279080.00
02/22/2018      329.80      329.80      320.20      320.20           256020.00
02/21/2018      330.00      330.80      327.00      330.00           185930.00
02/20/2018      330.00      330.60      323.20      330.60           166400.00
02/19/2018      323.00      330.00      323.00      330.00           189670.00
02/15/2018      320.20      322.00      319.00      322.00            67130.00
02/14/2018      320.00      323.00      320.00      323.00           273180.00
02/13/2018      318.80      323.00      318.80      323.00           185210.00
02/12/2018      318.00      321.00      317.80      318.00           200000.00
02/09/2018      320.00      320.60      316.40      318.00           275280.00
02/08/2018      327.20      327.20      320.40      322.00           251320.00
02/07/2018      319.00      329.80      319.00      327.00           308060.00
02/06/2018      324.60      324.60      316.60      318.00           461420.00
02/05/2018      331.20      331.40      324.80      327.00           359020.00
02/02/2018      333.00      336.20      332.00      336.20           301540.00
02/01/2018      338.60      338.60      330.60      333.00           332140.00
01/31/2018      334.00      338.60      333.00      338.60           376550.00
01/30/2018      336.00      337.80      333.00      337.80           295240.00
01/29/2018      332.00      337.80      332.00      337.80           270600.00
01/26/2018      337.60      337.60      332.00      335.00           120030.00
01/25/2018      332.80      337.60      332.80      337.60           241300.00
01/24/2018      335.00      335.00      331.40      333.80           211790.00
01/23/2018      331.80      336.00      331.00      336.00           237600.00
01/22/2018      329.00      334.40      329.00      331.80           192620.00
01/19/2018      330.40      332.40      326.80      330.00           180950.00
01/18/2018      330.60      330.80      325.60      326.40           376350.00
01/17/2018      336.80      336.80      330.00      330.80           377770.00
01/16/2018      333.60      336.80      330.00      336.80           287470.00
01/15/2018      329.00      334.00      329.00      333.80           159270.00
01/12/2018      325.20      331.00      325.20      331.00           287790.00
01/11/2018      334.00      334.00      325.00      325.00           213050.00
01/10/2018      329.60      334.00      329.60      334.00           846630.00
01/09/2018      328.00      330.00      325.00      328.20           280170.00
01/08/2018      329.00      329.60      327.00      328.00           205820.00
01/05/2018      327.00      329.20      325.00      329.20           368560.00
01/04/2018      330.80      331.20      327.00      327.00           446310.00
01/03/2018      328.60      330.00      328.20      330.00           597570.00
12/29/2017      324.60      328.60      324.00      328.60          1159480.00
12/28/2017      322.80      324.80      321.20      324.00           267700.00
12/27/2017      319.20      323.20      319.20      322.80           114940.00
12/22/2017      325.00      325.00      319.00      320.80           404640.00
12/21/2017      324.20      325.00      322.00      325.00           135970.00
12/20/2017      326.00      326.80      323.80      325.00           148420.00
12/19/2017      324.20      326.60      322.20      326.60           812100.00
12/18/2017      325.20      325.20      322.00      324.20           139940.00
12/15/2017      323.40      325.00      319.00      325.00           923380.00
12/14/2017      320.00      324.40      320.00      324.40           864060.00
12/13/2017      319.80      322.00      318.60      322.00           361200.00
12/12/2017      318.40      319.00      316.80      318.00           472510.00
12/11/2017      320.00      320.80      316.20      318.40           507470.00
12/08/2017      319.00      323.40      317.00      323.40           915410.00
12/07/2017      308.20      319.00      308.00      319.00          1663240.00
12/06/2017      304.00      309.00      302.00      308.00           822790.00
12/05/2017      300.00      303.80      300.00      302.00           482010.00
12/04/2017      302.00      305.00      296.00      305.00           739480.00
12/01/2017      317.60      317.60      301.00      305.40          1975390.00
11/29/2017      316.00      318.20      313.00      315.00         19039590.00
11/28/2017      317.00      317.00      310.80      313.00          1551710.00
11/27/2017      318.20      322.80      315.40      317.00          1901990.00
11/24/2017      323.80      323.80      316.00      319.00          1117910.00
11/23/2017      323.40      323.80      322.40      323.00           222810.00
11/22/2017      323.00      324.00      322.80      323.80           616610.00
11/21/2017      321.80      324.00      321.60      323.00          1029090.00
11/20/2017      322.00      324.80      322.00      322.00          1028740.00
11/17/2017      318.60      324.00      318.20      322.00          1533970.00
11/16/2017      319.00      320.80      316.00      318.60           506080.00
11/15/2017      321.80      321.80      318.00      319.00           947800.00
11/14/2017      315.60      325.00      314.20      322.00          3866300.00
11/13/2017      296.60      307.40      296.60      305.80          2320720.00
11/10/2017      300.00      300.00      293.00      295.00           682170.00
11/09/2017      295.60      303.60      295.60      297.00          3537320.00
11/08/2017      294.60      296.20      293.80      295.60           521100.00
11/07/2017      295.60      295.60      292.00      294.60           389970.00
11/06/2017      295.00      297.00      293.40      295.60          1067250.00
11/03/2017      292.00      296.00      290.20      290.20           847110.00
11/02/2017      291.80      293.00      291.60      292.00           651990.00
10/30/2017      290.00      292.60      289.40      291.80           805980.00
10/27/2017      285.00      290.00      281.60      290.00           471210.00
10/26/2017      282.40      285.40      282.40      285.40           241420.00
10/25/2017      287.60      287.60      280.40      282.40           376740.00
10/24/2017      288.60      288.60      286.00      287.60          1114880.00
10/23/2017      290.00      290.80      287.60      288.00           373650.00
10/20/2017      287.80      292.40      286.00      290.60          1274530.00
10/19/2017      289.00      290.80      286.00      287.80           309330.00
10/18/2017      286.00      289.00      285.00      288.00           261720.00
10/17/2017      290.80      292.00      285.00      285.00           390220.00
10/13/2017      292.00      292.00      289.40      289.60           224320.00
10/12/2017      286.20      294.60      286.20      292.00          1008960.00
10/11/2017      286.00      289.20      286.00      286.00           422860.00
10/10/2017      287.00      288.20      285.60      286.00           394770.00
10/09/2017      286.00      287.00      285.00      285.00          1421080.00
10/06/2017      285.00      288.20      284.00      285.20           808130.00
10/05/2017      285.20      286.00      282.00      284.00           576280.00
10/04/2017      284.00      285.40      283.60      285.40           337410.00
10/03/2017      284.00      284.80      283.60      284.00           239030.00
10/02/2017      283.00      285.00      282.00      285.00           542340.00
09/29/2017      277.00      283.00      277.00      283.00           606210.00
09/28/2017      280.00      280.00      276.60      277.00           475010.00
09/27/2017      277.80      280.00      275.60      280.00           509310.00
09/26/2017      276.80      279.20      276.00      276.40           226170.00
09/25/2017      279.80      280.00      276.80      276.80           232830.00
09/22/2017      279.80      280.00      278.00      279.80           178300.00
09/21/2017      272.00      280.00      272.00      279.80           731630.00
09/20/2017      272.00      274.00      270.40      270.60           326970.00
09/19/2017      273.00      273.00      270.60      270.60           315430.00
09/18/2017      275.00      275.00      271.80      273.00           314440.00
09/15/2017      269.60      276.00      269.20      276.00           727510.00
09/14/2017      269.60      269.80      269.20      269.60           296920.00
09/13/2017      271.60      272.00      268.80      269.40           367550.00
09/11/2017      270.00      271.80      270.00      271.60           208710.00
09/08/2017      269.60      269.60      268.80      269.60           457190.00
09/07/2017      269.60      270.00      269.00      269.60           436280.00
09/06/2017      269.40      269.60      269.00      269.60           210130.00
09/05/2017      270.00      270.40      269.00      270.00           271210.00
09/04/2017      271.00      271.60      269.20      269.40           269410.00
08/31/2017      271.80      271.80      270.60      271.00           161150.00
08/30/2017      268.60      271.80      268.60      270.80           426370.00
08/29/2017      270.60      270.60      269.20      269.60           323310.00
08/25/2017      270.00      270.80      269.00      270.60           259290.00
08/24/2017      271.40      271.80      268.40      268.40           530610.00
08/23/2017      277.00      279.00      276.60      277.00           686750.00
08/22/2017      277.80      278.40      276.80      277.00           587470.00
08/18/2017      277.40      277.80      276.80      277.40           378180.00
08/17/2017      277.40      278.20      277.00      277.00           235100.00
08/16/2017      278.00      278.80      277.20      277.40           352740.00
08/15/2017      278.80      279.60      277.80      278.00           189340.00
08/14/2017      277.80      279.00      277.00      278.80           137970.00
08/11/2017      277.00      277.00      274.00      277.00           136810.00
08/10/2017      278.60      279.60      276.40      277.00           245880.00
08/09/2017      275.20      279.00      275.20      276.40           154730.00
08/08/2017      280.00      280.60      275.00      275.20           408300.00
08/07/2017      280.00      280.80      279.20      280.00           171770.00
08/04/2017      280.00      280.40      279.20      280.00           664960.00
08/03/2017      274.00      279.60      274.00      279.60           658630.00
08/02/2017      278.00      278.40      272.40      273.60           312440.00
08/01/2017      279.00      279.00      276.20      278.00           110960.00
07/31/2017      282.80      282.80      277.80      279.00           162610.00
07/28/2017      283.00      283.80      277.00      280.00           639520.00
07/27/2017      283.80      284.60      281.80      282.80           266290.00
07/26/2017      281.80      285.00      281.40      283.60           366620.00
07/25/2017      280.00      281.80      279.80      281.80           648080.00
07/24/2017      277.00      280.00      276.00      279.80           599630.00
07/21/2017      272.00      277.00      271.20      277.00           605050.00
07/20/2017      274.60      275.00      271.00      271.00           596900.00
07/19/2017      274.60      274.60      273.00      273.20           347000.00
07/18/2017      274.60      275.20      274.00      274.60           664250.00
07/17/2017      270.00      274.00      269.00      274.00           664230.00
07/14/2017      269.00      269.80      267.20      269.80           579820.00
07/13/2017      268.00      271.00      267.00      268.00           413040.00
07/12/2017      266.80      268.20      266.00      267.60          1376860.00
07/11/2017      266.80      267.00      266.00      266.80           546160.00
07/10/2017      266.60      267.20      266.00      266.00           423700.00
07/07/2017      267.60      267.60      265.60      266.60           479090.00
07/06/2017      267.40      267.60      266.40      267.00           876660.00
07/05/2017      267.40      267.60      265.40      267.20           568140.00
07/04/2017      263.00      268.00      263.00      267.40          1137860.00
07/03/2017      261.80      265.00      261.00      263.00           713420.00
06/30/2017      260.00      261.00      259.40      260.80           529590.00
06/29/2017      263.00      264.00      259.00      259.40          1202920.00
06/28/2017      263.00      264.00      261.40      262.20           490060.00
06/27/2017      263.00      265.00      261.00      262.80           744010.00
06/23/2017      261.00      263.00      261.00      261.00          1572160.00
06/22/2017      262.80      263.40      260.60      261.00           842540.00
06/21/2017      265.00      265.00      262.40      262.80           307180.00
06/20/2017      264.60      266.00      264.00      265.00          1631970.00
06/19/2017      263.00      265.00      262.20      263.80          1748540.00
06/16/2017      261.80      264.60      261.80      262.60          1480480.00
06/15/2017      258.40      262.00      256.40      261.80          2432760.00
06/14/2017      256.60      263.20      254.00      257.80          5660220.00
06/13/2017      266.00      268.80      265.80      267.40           539420.00
06/09/2017      269.60      269.60      265.80      266.00           900140.00
06/08/2017      272.00      272.00      266.20      267.00           886830.00
06/07/2017      274.00      274.00      270.20      270.20           321270.00
06/06/2017      273.00      273.80      271.40      271.60           315980.00
06/05/2017      275.00      275.60      271.00      271.00           287880.00
06/02/2017      274.20      275.00      271.00      271.00           195720.00
06/01/2017      274.00      275.00      273.40      274.20           141680.00
05/31/2017      275.00      275.00      272.80      274.00           124300.00
05/30/2017      275.00      275.20      272.80      274.80           108550.00
05/29/2017      272.00      275.00      272.00      272.80           102500.00
05/26/2017      275.00      275.00      269.00      270.20           446970.00
05/25/2017      277.00      277.00      274.00      274.00           168860.00
05/24/2017      276.00      281.20      275.00      277.00           831480.00
05/23/2017      277.60      277.80      276.00      276.20           162500.00
05/22/2017      278.00      278.00      277.20      277.40           110080.00
05/19/2017      275.20      279.00      275.20      278.80           104860.00
05/18/2017      279.00      279.00      275.00      275.00           200970.00
05/17/2017      274.60      279.00      274.60      279.00           108560.00
05/16/2017      274.00      275.00      273.00      274.20           103390.00
05/15/2017      275.00      276.00      273.00      274.00           107710.00
05/12/2017      272.00      275.00      271.00      275.00           326780.00
05/11/2017      271.00      272.60      271.00      271.00           394930.00
05/10/2017      276.00      276.00      270.00      270.40           462140.00
05/09/2017      275.40      277.60      271.80      272.40           433610.00
05/08/2017      277.80      277.80      274.60      274.60           410860.00
05/05/2017      276.20      278.60      275.00      275.00           529400.00
05/04/2017      279.20      280.00      276.00      276.00           421040.00
05/03/2017      279.40      281.80      279.00      279.00           208550.00
05/02/2017      280.00      282.80      278.80      279.00           255050.00
04/27/2017      283.20      284.00      280.00      280.00           214620.00
04/26/2017      282.20      284.00      282.20      283.00           120960.00
04/25/2017      281.40      284.00      280.60      282.00           126830.00
04/24/2017      281.40      284.00      280.60      280.60            53040.00
04/21/2017      281.00      284.00      280.40      281.00           247460.00
04/20/2017      282.20      282.20      279.60      280.20           174680.00
04/19/2017      283.00      284.00      281.60      282.00           222150.00
04/18/2017      283.00      284.00      283.00      283.00            46750.00
04/17/2017      284.00      284.40      283.00      283.00            78510.00
04/12/2017      282.80      284.60      282.40      284.00           125150.00
04/11/2017      279.80      284.60      279.00      282.80           247470.00
04/10/2017      279.00      282.00      278.20      278.20            99030.00
04/07/2017      277.40      283.20      277.40      278.00           307460.00
04/06/2017      275.00      277.40      273.60      277.40           126570.00
04/05/2017      276.80      278.00      272.80      272.80           381440.00
04/04/2017      277.00      277.20      272.40      274.80           184880.00
04/03/2017      274.00      277.00      274.00      276.00            81540.00
03/31/2017      274.60      274.60      272.00      274.00            61370.00
03/30/2017      272.00      277.00      271.80      274.80           211650.00
03/29/2017      276.00      276.40      271.00      271.00           183780.00
03/28/2017      276.40      277.00      275.20      275.20           235830.00
03/27/2017      278.00      278.00      276.20      276.40           167430.00
03/24/2017      276.80      281.80      276.60      277.80           371940.00
03/23/2017      283.80      283.80      276.40      276.60           243530.00
03/22/2017      282.00      283.00      280.00      282.80           296080.00
03/21/2017      291.00      291.00      288.40      289.60           614290.00
03/20/2017      290.00      292.00      290.00      291.00           157060.00
03/17/2017      293.20      293.20      289.80      290.00           395770.00
03/16/2017      292.00      293.60      289.80      290.60           133610.00
03/15/2017      290.40      292.00      290.00      291.00           245090.00
03/14/2017      290.00      293.20      289.80      290.00           235810.00
03/13/2017      295.00      297.00      289.00      290.20           193590.00
03/10/2017      293.80      297.40      293.40      294.40           174660.00
03/09/2017      294.00      294.20      293.40      293.40           101960.00
03/08/2017      293.80      294.20      293.20      293.80           146680.00
03/07/2017      293.60      294.00      292.20      293.80           115930.00
03/06/2017      293.80      295.40      292.40      293.60           231320.00
03/03/2017      293.00      293.60      291.80      293.60            38620.00
03/02/2017      293.00      293.00      291.20      292.00            30540.00
03/01/2017      292.00      293.80      291.00      291.00            98370.00
02/28/2017      293.00      293.00      290.00      291.80           182050.00
02/27/2017      290.00      294.40      290.00      293.00           109620.00
02/24/2017      293.00      293.00      288.40      290.00           364390.00
02/23/2017      290.00      293.80      290.00      293.00           242870.00
02/22/2017      288.80      292.00      287.80      289.00           415100.00
02/21/2017      286.60      289.40      285.40      287.20           222610.00
02/20/2017      287.60      288.80      286.60      286.60           282110.00
02/17/2017      289.00      289.20      286.00      287.40           259290.00
02/16/2017      290.00      291.00      289.00      289.00           284850.00
02/15/2017      295.00      295.00      290.00      290.00           167160.00
02/14/2017      295.20      295.60      293.00      295.00           176590.00
02/13/2017      290.20      296.80      289.40      295.20           419750.00
02/10/2017      290.00      293.00      290.00      290.00           301200.00
02/09/2017      288.00      289.20      286.40      289.20           189060.00
02/08/2017      288.00      290.00      285.40      288.60           222700.00
02/07/2017      286.00      288.60      285.80      286.00           101350.00
02/06/2017      289.20      289.40      285.20      285.40           188480.00
02/03/2017      285.00      289.60      284.00      289.60           248380.00
02/02/2017      285.00      286.00      284.00      284.00            83160.00
02/01/2017      285.00      285.60      284.00      285.00            39320.00
01/31/2017      286.20      287.00      282.00      284.80            38590.00
01/30/2017      285.00      287.00      285.00      286.20            28880.00
01/27/2017      288.00      288.00      283.00      285.00           140680.00
01/26/2017      290.00      290.00      285.00      285.00           167880.00
01/25/2017      286.20      291.00      286.00      289.00           426710.00
01/24/2017      287.00      288.00      285.00      286.20           194880.00
01/23/2017      284.40      287.80      284.40      287.00           287380.00
01/20/2017      284.00      285.00      283.80      284.40           114500.00
01/19/2017      279.40      285.00      279.40      284.00           352180.00
01/18/2017      272.40      279.20      272.40      278.80           267780.00
01/17/2017      277.00      277.80      269.60      272.00           582140.00
01/16/2017      281.60      281.60      276.60      276.80           304950.00
01/13/2017      278.80      283.40      276.80      278.00           218570.00
01/12/2017      282.80      284.00      278.20      278.80           239220.00
01/11/2017      288.00      290.00      281.00      282.80           195870.00
01/10/2017      279.60      288.00      278.00      288.00           365100.00
01/09/2017      277.60      280.00      277.40      277.80            98770.00
01/06/2017      279.40      280.00      277.00      277.60           439750.00
01/05/2017      277.20      282.00      277.20      279.40           662620.00
01/04/2017      270.00      277.00      270.00      277.00           542540.00
01/03/2017      265.20      270.60      265.00      270.00           133560.00
12/29/2016      269.00      269.00      263.20      265.00           152480.00
12/28/2016      266.60      269.80      266.60      266.60           151850.00
12/27/2016      261.00      266.00      261.00      265.40           222690.00
12/23/2016      259.00      260.00      257.40      258.80           244220.00
12/22/2016      260.00      260.00      258.40      259.00            74570.00
12/21/2016      260.00      260.40      257.00      259.20           223120.00
12/20/2016      259.20      259.80      255.20      257.00           429990.00
12/19/2016      260.00      262.00      258.80      259.20           412330.00
12/16/2016      260.40      262.00      257.40      257.40          2987620.00
12/15/2016      262.80      262.80      258.00      258.00           261370.00
12/14/2016      258.40      263.20      258.40      261.80           144230.00
12/13/2016      268.00      268.00      258.00      258.00           225640.00
12/12/2016      265.40      270.00      259.80      260.00           274610.00
12/09/2016      261.80      265.40      261.60      263.00           330660.00
12/08/2016      261.00      263.20      260.00      260.80           296660.00
12/07/2016      258.00      261.00      257.20      257.60            95130.00
12/06/2016      258.60      261.80      256.60      256.80           147500.00
12/05/2016      259.00      261.80      257.40      258.00           111180.00
12/02/2016      260.00      262.40      257.80      258.00           225940.00
12/01/2016      265.40      271.60      257.00      257.00           778110.00
11/29/2016      265.00      270.00      265.00      265.00           120450.00
11/28/2016      268.00      270.00      265.00      265.00           192280.00
11/25/2016      268.20      272.60      265.40      266.00           186340.00
11/24/2016      269.00      273.40      268.00      268.00           143900.00
11/23/2016      274.00      274.00      267.60      268.00           485120.00
11/22/2016      282.20      282.20      273.00      273.20           355600.00
11/21/2016      284.00      284.00      281.00      281.60            84300.00
11/18/2016      282.00      283.80      280.80      283.80            78240.00
11/17/2016      282.00      283.00      278.60      281.00           184290.00
11/16/2016      275.60      282.00      275.40      282.00            87540.00
11/15/2016      277.00      278.00      275.00      275.60            99250.00
11/14/2016      278.00      278.00      275.80      275.80           123810.00
11/11/2016      278.40      278.40      275.40      278.40           177540.00
11/10/2016      281.00      283.00      277.00      278.00           211110.00
11/09/2016      281.40      282.00      275.20      281.00           240950.00
11/08/2016      281.80      283.00      278.60      281.40           111480.00
11/07/2016      281.80      285.00      277.40      281.60           222040.00
11/04/2016      279.00      284.60      279.00      281.00           203170.00
11/03/2016      275.00      279.80      275.00      279.00           147040.00
11/02/2016      277.00      280.40      273.40      275.00           128550.00
10/28/2016      279.60      279.60      275.00      276.00           337680.00
10/27/2016      285.00      285.00      273.00      277.00           378900.00
10/26/2016      288.00      289.80      284.60      285.00           111750.00
10/25/2016      290.00      290.60      288.00      288.00            72780.00
10/24/2016      291.20      291.20      289.40      289.80           115350.00
10/21/2016      290.60      291.20      288.00      291.20           244130.00
10/20/2016      286.80      291.80      286.80      290.80           530520.00
10/19/2016      287.00      288.40      284.80      285.00           871250.00
10/18/2016      288.60      288.60      283.00      284.00           820290.00
10/17/2016      298.00      298.00      283.20      283.20           540130.00
10/14/2016      288.00      297.00      288.00      290.40           280470.00
10/13/2016      294.00      300.00      287.20      288.00           490250.00
10/12/2016      302.00      304.80      291.00      291.00           492010.00
10/11/2016      309.20      309.80      301.80      302.00           256410.00
10/10/2016      309.00      309.00      307.00      307.80            38670.00
10/07/2016      309.60      309.60      308.40      308.60           176350.00
10/06/2016      309.40      310.00      307.80      309.00           114300.00
10/05/2016      308.20      310.00      307.80      308.00            73720.00
10/04/2016      309.80      310.00      308.20      308.20            88750.00
10/03/2016      310.40      310.80      309.60      309.80            33790.00
09/30/2016      311.80      311.80      310.00      310.40           182870.00
09/29/2016      309.20      311.80      309.20      310.00            90560.00
09/28/2016      309.80      313.00      309.20      309.40            66760.00
09/27/2016      313.80      313.80      308.60      309.80            91480.00
09/26/2016      314.00      314.00      312.60      313.00            49210.00
09/23/2016      316.80      317.00      313.20      314.00           175030.00
09/22/2016      315.00      316.80      315.00      315.20           131290.00
09/21/2016      313.00      315.00      312.60      315.00           179240.00
09/20/2016      312.20      313.20      311.80      312.60            53450.00
09/19/2016      311.80      311.80      309.00      311.80           226750.00
09/16/2016      311.80      313.00      311.20      311.80           207310.00
09/15/2016      311.80      311.80      308.80      311.80           149670.00
09/14/2016      309.00      312.00      306.60      311.80           305990.00
09/13/2016      310.80      310.80      309.00      309.60           102270.00
09/09/2016      310.00      312.80      307.00      307.00           154360.00
09/08/2016      311.80      311.80      310.00      310.00           171910.00
09/07/2016      313.00      313.00      311.00      311.80           112670.00
09/06/2016      312.00      313.60      310.80      313.00           271860.00
09/05/2016      312.00      312.80      311.40      311.60            28870.00
09/02/2016      310.60      313.00      310.60      312.00           148670.00
09/01/2016      312.80      312.80      310.20      311.00           122050.00
08/31/2016      310.20      313.00      310.20      311.00            77360.00
08/30/2016      313.00      313.40      311.00      312.00           239300.00
08/26/2016      312.60      313.00      312.00      313.00            88040.00
08/25/2016      312.00      312.80      311.80      312.80            48630.00
08/24/2016      312.00      313.00      312.00      313.00           125240.00
08/23/2016      313.00      313.00      311.20      312.60           176790.00
08/22/2016      313.80      313.80      312.00      313.00            96160.00
08/19/2016      314.60      314.60      310.00      313.00           374480.00
08/18/2016      326.20      326.80      324.40      325.00           355420.00
08/17/2016      326.00      326.40      325.60      326.00           139340.00
08/16/2016      325.00      326.60      325.00      325.40           230140.00
08/15/2016      325.80      327.00      324.80      326.00           356620.00
08/12/2016      324.80      325.40      324.80      325.00           120680.00
08/11/2016      325.00      325.00      323.60      324.80            91220.00
08/10/2016      324.00      324.20      323.80      324.00           237810.00
08/09/2016      324.00      324.60      323.80      324.00           165030.00
08/08/2016      324.80      325.00      323.80      324.40           315290.00
08/05/2016      324.60      325.60      324.40      324.80           113020.00
08/04/2016      325.00      326.00      323.80      324.20           111540.00
08/03/2016      323.40      324.00      320.80      324.00            92710.00
08/02/2016      323.40      324.60      322.80      323.80            69890.00
08/01/2016      323.00      325.00      323.00      323.80            78640.00
07/29/2016      323.60      325.00      323.60      324.00           350100.00
07/28/2016      325.20      325.20      323.00      324.60           275100.00
07/27/2016      320.00      326.20      320.00      325.20           398240.00
07/26/2016      322.40      322.40      319.00      321.60           283450.00
07/25/2016      313.00      322.00      311.00      317.00           635450.00
07/22/2016      310.00      314.00      309.00      313.00           271200.00
07/21/2016      308.80      311.40      307.80      309.00           346620.00
07/20/2016      310.00      311.00      308.60      308.60           282570.00
07/19/2016      308.60      310.40      308.60      309.00            93460.00
07/18/2016      311.00      311.60      308.20      308.20           171440.00
07/15/2016      310.60      312.80      309.40      311.00           528920.00
07/14/2016      309.00      312.20      309.00      309.40           230390.00
07/13/2016      311.00      311.60      308.40      309.00           375100.00
07/12/2016      313.00      313.20      311.00      311.00           177720.00
07/11/2016      312.40      316.00      312.00      312.00           142840.00
07/08/2016      312.20      314.80      311.00      311.40           202760.00
07/07/2016      313.00      314.00      311.40      312.40            89960.00
07/05/2016      315.00      315.00      311.40      313.00           511000.00
07/04/2016      315.80      319.00      315.00      315.00            75750.00
07/01/2016      312.20      318.80      312.20      315.80           580060.00
06/30/2016      318.80      321.00      310.00      310.00           376900.00
06/29/2016      316.80      320.00      316.60      318.80           237470.00
06/28/2016      320.00      320.00      315.00      317.00           110350.00
06/27/2016      312.20      320.00      311.40      320.00           165850.00
06/24/2016      316.20      316.20      309.00      312.20           250080.00
06/23/2016      318.00      319.20      315.60      316.20           212710.00
06/22/2016      320.00      322.60      315.60      318.00           188660.00
06/21/2016      322.80      324.80      322.80      322.80           190530.00
06/20/2016      325.00      325.00      320.20      322.80           111810.00
06/17/2016      325.00      325.00      320.00      325.00           155400.00
06/16/2016      315.00      325.00      315.00      325.00           469590.00
06/15/2016      308.00      315.00      306.80      315.00           730660.00
06/14/2016      305.00      308.00      304.00      307.40           132350.00
06/13/2016      309.40      309.40      304.00      305.00           250940.00
06/10/2016      313.80      314.80      308.00      309.80           199530.00
06/09/2016      314.60      315.00      310.60      311.40           132000.00
06/08/2016      315.20      317.00      314.00      314.60           244050.00
06/07/2016      313.80      317.20      313.00      315.00           348420.00
06/06/2016      315.00      315.00      311.20      312.00           120500.00
06/03/2016      315.00      316.00      308.60      316.00           260940.00
06/02/2016      316.00      317.40      311.00      311.00           154820.00
06/01/2016      303.80      316.00      303.80      315.00           353730.00
05/31/2016      301.40      309.40      301.40      303.40           493400.00
05/30/2016      302.80      307.00      300.20      301.00           699050.00
05/27/2016      316.40      322.60      300.40      301.80          1247660.00
05/26/2016      323.40      323.40      316.00      316.00           238200.00
05/25/2016      320.20      322.00      316.00      316.00           471920.00
05/24/2016      326.00      326.20      319.40      320.00           369110.00
05/23/2016      324.00      324.00      319.20      322.00           193000.00
05/20/2016      325.00      325.20      318.60      321.60           441120.00
05/19/2016      332.40      335.00      323.00      325.20           885550.00
05/18/2016      338.00      338.00      332.00      333.00           199670.00
05/17/2016      339.60      341.00      337.00      338.00           601450.00
05/16/2016      339.00      340.40      339.00      339.60           367430.00
05/13/2016      347.00      347.00      337.00      340.40           302190.00
05/12/2016      349.00      349.00      344.00      344.40           212230.00
05/11/2016      343.00      349.00      342.60      349.00           216740.00
05/10/2016      336.00      343.60      335.00      342.80           131610.00
05/06/2016      338.00      338.00      335.00      336.60           193720.00
05/05/2016      337.00      339.00      336.00      338.20           158820.00
05/04/2016      337.00      339.00      333.40      338.80           192260.00
05/03/2016      339.00      339.80      337.40      338.60           116290.00
05/02/2016      342.00      342.00      338.00      339.00           177400.00
04/29/2016      340.20      345.00      340.00      343.00           117680.00
04/28/2016      344.60      344.60      340.20      340.20           182630.00
04/27/2016      345.00      350.00      340.00      344.60           107290.00
04/26/2016      343.00      355.00      342.00      345.00           784440.00
04/25/2016      338.00      345.00      335.00      343.00           419620.00
04/22/2016      339.00      339.00      335.00      337.00           155010.00
04/21/2016      335.00      343.00      335.00      340.00           283350.00
04/20/2016      330.00      340.00      330.00      336.00           447430.00
04/19/2016      326.80      331.00      326.00      330.00            92660.00
04/18/2016      330.00      330.00      326.60      326.80            48360.00
04/15/2016      332.00      335.00      329.40      330.00            48820.00
04/14/2016      328.80      335.00      328.00      332.00           504220.00
04/13/2016      326.40      332.20      326.40      328.80           439270.00
04/12/2016      326.00      328.60      325.20      326.40            64070.00
04/11/2016      327.00      328.80      325.00      327.00           213210.00
04/08/2016      326.00      328.80      323.00      327.00           258620.00
04/07/2016      329.00      329.00      325.00      329.00            49030.00
04/06/2016      323.00      329.00      323.00      329.00           199220.00
04/05/2016      322.40      324.00      320.00      323.00           145580.00
04/04/2016      322.00      324.40      322.00      322.60           126080.00
04/01/2016      323.00      324.20      320.80      322.00            78680.00
03/31/2016      325.00      327.60      322.40      323.00           426060.00
03/30/2016      326.00      327.00      324.00      325.00           399160.00
03/29/2016      320.00      326.00      320.00      326.00           231950.00
03/28/2016      320.00      320.60      319.60      320.00            59440.00
03/23/2016      320.00      322.00      318.40      320.00            90440.00
03/22/2016      321.00      325.00      318.00      318.00           250740.00
03/21/2016      315.20      324.00      315.20      321.20           400470.00
03/18/2016      324.00      324.00      315.00      315.00           901130.00
03/17/2016      326.60      329.00      326.40      326.40           285350.00
03/16/2016      329.00      329.00      324.40      325.20           182930.00
03/15/2016      330.00      332.00      328.00      329.00           303180.00
03/14/2016      327.20      330.80      327.20      329.80           217940.00
03/11/2016      328.00      329.80      326.20      326.40           222380.00
03/10/2016      327.00      329.20      326.20      327.00           117340.00
03/09/2016      329.00      329.20      325.20      327.00           124420.00
03/08/2016      325.20      329.00      323.80      329.00           152760.00
03/07/2016      327.00      330.00      325.60      327.00           116450.00
03/04/2016      329.00      329.00      326.00      327.00            92190.00
03/03/2016      330.00      330.00      328.00      328.80           108170.00
03/02/2016      332.20      337.80      331.00      331.00           392030.00
03/01/2016      325.00      332.00      325.00      332.00           628950.00
02/29/2016      330.20      331.00      325.00      325.00           206340.00
02/26/2016      320.00      332.00      320.00      330.20           730350.00
02/24/2016      319.00      319.20      316.00      319.00            80660.00
02/23/2016      320.60      321.00      319.00      319.00           139030.00
02/22/2016      319.80      323.60      319.80      320.40           203540.00
02/19/2016      321.00      322.00      320.00      320.20           106780.00
02/18/2016      321.80      322.00      320.40      322.00            66020.00
02/17/2016      322.00      323.00      319.40      322.00           159710.00
02/16/2016      319.00      325.00      319.00      322.00           297020.00
02/15/2016      319.00      325.00      318.00      319.60           131400.00
02/12/2016      315.00      320.00      313.80      317.20           210200.00
02/11/2016      312.20      318.40      312.20      317.20           171890.00
02/10/2016      314.00      315.00      311.00      312.20            49220.00
02/09/2016      313.00      316.00      312.40      315.00           191450.00
02/05/2016      309.80      315.00      307.00      312.80           205240.00
02/04/2016      305.40      308.00      305.40      306.80            53860.00
02/03/2016      305.00      308.00      305.00      305.40           406980.00
02/02/2016      310.00      310.00      304.80      305.00           147030.00
02/01/2016      310.60      312.00      303.40      310.00           450460.00
01/29/2016      306.80      311.20      306.80      310.00           140900.00
01/28/2016      308.00      311.00      306.60      309.20           121340.00
01/27/2016      307.00      310.00      307.00      307.20           130750.00
01/26/2016      309.00      309.00      302.20      306.00           127670.00
01/25/2016      309.80      313.80      309.80      313.80           170460.00
01/22/2016      302.00      308.00      301.20      307.00           208590.00
01/21/2016      302.00      305.00      301.00      301.60           239780.00
01/20/2016      309.00      310.00      303.00      305.00           247660.00
01/19/2016      309.80      311.00      308.00      309.00           143920.00
01/18/2016      310.00      311.00      307.00      310.00           116200.00
01/15/2016      310.40      316.00      310.40      315.00           199460.00
01/14/2016      307.60      311.00      302.00      310.20           153940.00
01/13/2016      304.40      310.00      304.40      308.60            58040.00
01/12/2016      301.20      306.80      301.20      304.80           213640.00
01/11/2016      309.20      309.20      301.00      301.00           301690.00
01/08/2016      312.00      315.60      309.00      310.00           336740.00
01/07/2016      316.40      316.40      310.00      312.00           128820.00
01/06/2016      315.40      318.60      315.00      318.00           179430.00
01/05/2016      316.00      316.00      313.00      315.40            58750.00
01/04/2016      317.00      320.00      312.40      316.00            29120.00
12/29/2015      321.80      321.80      316.00      320.00            72710.00
12/28/2015      312.00      322.00      311.00      322.00            53960.00
12/23/2015      315.80      315.80      312.00      312.00            99490.00
12/22/2015      316.00      317.40      314.20      315.80            95220.00
12/21/2015      317.00      320.00      315.00      317.00            84930.00
12/18/2015      319.00      319.00      315.20      317.00           182970.00
12/17/2015      323.60      324.00      315.40      319.00           115200.00
12/16/2015      316.00      323.60      316.00      323.60           122350.00
12/15/2015      316.00      316.80      314.00      316.00           131200.00
12/14/2015      318.00      318.00      315.00      316.80           155840.00
12/11/2015      321.00      323.00      317.40      318.00           311630.00
12/10/2015      316.00      322.00      315.40      320.60           468530.00
12/09/2015      314.00      316.00      312.60      315.20           196450.00
12/08/2015      309.00      315.00      309.00      314.00           277810.00
12/07/2015      313.00      316.00      312.00      315.20           164840.00
12/04/2015      312.20      313.00      310.00      312.20            90900.00
12/03/2015      305.40      314.00      305.40      312.20           454270.00
12/02/2015      303.40      315.00      303.00      312.20           495560.00
12/01/2015      305.40      307.00      302.00      306.20           261840.00
11/27/2015      305.20      305.80      301.20      305.80           207920.00
11/26/2015      303.00      305.00      300.60      305.00           530110.00
11/25/2015      303.00      303.00      301.20      302.60           134770.00
11/24/2015      305.00      305.00      301.00      303.00           172470.00
11/23/2015      298.60      305.00      297.80      303.80           624480.00
11/20/2015      299.00      300.00      295.60      297.80           549810.00
11/17/2015      296.80      299.60      295.60      296.20           606460.00
11/16/2015      296.60      300.00      293.00      296.00           712790.00
11/13/2015      310.00      310.00      291.40      300.00          4460530.00
11/12/2015      342.40      343.20      319.00      325.00           773790.00
11/11/2015      339.00      343.80      339.00      343.80           818530.00
11/10/2015      330.00      339.40      326.40      337.00          1198880.00
11/09/2015      326.00      331.00      326.00      329.60           532450.00
11/06/2015      324.20      327.00      323.00      326.00           389840.00
11/05/2015      328.20      328.20      323.00      325.00           312620.00
11/04/2015      330.00      331.00      327.00      328.20           215920.00
11/03/2015      321.00      329.80      321.00      329.00           598540.00
11/02/2015      325.00      325.00      319.40      321.00           505580.00
10/30/2015      324.00      329.00      324.00      325.00           521350.00
10/29/2015      328.80      328.80      323.20      324.00           432680.00
10/28/2015      318.00      331.00      318.00      328.80          1511180.00
10/27/2015      313.00      319.20      309.80      318.00           629260.00
10/26/2015      320.00      323.00      313.00      313.00           726870.00
10/23/2015      317.80      324.00      317.80      320.00           799330.00
10/22/2015      314.00      317.80      313.20      317.80           521020.00
10/21/2015      311.00      314.60      310.80      311.80           317650.00
10/20/2015      309.20      315.00      309.20      311.80           573820.00
10/19/2015      309.80      310.00      308.40      310.00           378930.00
10/16/2015      308.20      310.00      308.00      309.80           573630.00
10/15/2015      305.00      308.80      304.00      308.00           817640.00
10/14/2015      304.00      305.00      302.40      305.00           167360.00
10/13/2015      303.00      304.80      302.80      304.00           419370.00
10/12/2015      302.00      305.00      302.00      303.00           372630.00
10/09/2015      303.00      303.20      300.40      301.20            45940.00
10/08/2015      304.80      304.80      302.40      303.20           215050.00
10/07/2015      305.00      305.80      302.00      303.00           516530.00
10/06/2015      302.00      307.00      300.40      300.40           711280.00
10/05/2015      298.00      302.00      296.80      301.00          1235800.00
10/02/2015      296.00      298.00      295.20      297.60           424780.00
10/01/2015      296.40      297.60      295.00      296.60           129570.00
09/30/2015      295.00      297.80      295.00      296.40           324930.00
09/29/2015      295.00      298.80      289.40      298.00           357520.00
09/28/2015      295.00      299.00      290.00      290.00           536260.00
09/24/2015      290.00      294.00      290.00      293.00           359550.00
09/23/2015      294.00      294.00      288.00      293.00           397310.00
09/22/2015      295.60      296.00      293.40      295.00           299780.00
09/21/2015      298.20      298.40      294.60      295.60           170000.00
09/18/2015      297.00      298.80      296.00      298.40           425330.00
09/17/2015      299.00      300.00      297.20      299.20           709550.00
09/16/2015      294.20      299.60      294.00      298.80          1121270.00
09/15/2015      286.80      293.60      286.80      293.00           376800.00
09/14/2015      285.60      294.20      285.60      286.80           664030.00
09/11/2015      285.00      287.80      284.40      285.40           490820.00
09/10/2015      278.00      285.80      277.00      283.00           510330.00
09/09/2015      280.00      281.00      276.60      276.80           378940.00
09/08/2015      280.00      280.00      276.60      277.00           258490.00
09/07/2015      279.00      282.80      278.00      278.00            62660.00
09/04/2015      281.80      289.00      278.80      279.00           311190.00
09/03/2015      282.00      288.00      281.60      281.60           633050.00
09/02/2015      276.00      280.00      270.00      279.20           328400.00
09/01/2015      283.40      284.00      275.00      281.00           301770.00
08/28/2015      283.00      287.60      283.00      284.00           889390.00
08/27/2015      282.00      288.20      282.00      283.00          2379900.00
08/26/2015      270.00      278.60      269.60      278.60           743080.00
08/25/2015      267.00      271.00      265.20      270.00           842350.00
08/24/2015      278.00      278.00      267.00      268.00          1734410.00
08/20/2015      290.00      290.00      280.00      282.00           686910.00
08/19/2015      288.60      293.00      288.60      291.40           542720.00
08/18/2015      290.00      292.60      287.20      288.60           405940.00
08/17/2015      297.00      297.00      290.00      290.00           319070.00
08/14/2015      299.00      299.00      295.40      297.40           156220.00
08/13/2015      300.00      304.00      295.00      299.00           682160.00
08/12/2015      305.00      306.00      300.00      300.00          1344400.00
08/11/2015      306.00      309.60      304.80      306.40           128160.00
08/10/2015      302.20      308.00      302.20      306.00           269130.00
08/07/2015      303.20      304.00      301.40      302.00           424660.00
08/06/2015      308.00      308.00      303.00      303.20           913870.00
08/05/2015      309.00      310.00      303.00      308.00           839480.00
08/04/2015      299.80      310.00      299.80      308.00          1293810.00
08/03/2015      299.00      301.00      297.60      299.80           436320.00
07/31/2015      298.00      302.00      297.00      299.00           818950.00
07/30/2015      298.60      299.00      297.40      298.20           449570.00
07/29/2015      296.20      298.80      296.20      298.00           542780.00
07/28/2015      298.00      298.60      293.00      296.20           465280.00
07/27/2015      293.00      299.00      292.60      298.00          1028120.00
07/24/2015      294.80      294.80      292.00      294.80           224030.00
07/23/2015      294.40      296.00      292.20      294.80           322080.00
07/22/2015      294.20      294.60      291.20      294.60           295940.00
07/21/2015      290.20      294.80      290.00      294.20           180780.00
07/20/2015      293.20      293.60      290.20      290.60           125010.00
07/16/2015      294.00      295.40      292.80      295.00           451240.00
07/15/2015      291.40      295.00      291.00      295.00           288950.00
07/14/2015      292.80      295.00      289.80      292.80           304410.00
07/13/2015      289.00      293.80      287.00      293.40           373460.00
07/10/2015      290.60      294.00      285.20      294.00           591120.00
07/09/2015      285.60      294.80      282.00      294.20          1012950.00
07/08/2015      292.20      292.20      287.00      290.00           928490.00
07/07/2015      290.00      294.60      290.00      292.40           284980.00
07/06/2015      292.20      294.00      290.00      291.00           219110.00
07/03/2015      293.80      298.00      293.80      296.00           247010.00
07/02/2015      292.00      298.00      290.40      298.00           692410.00
07/01/2015      291.20      292.00      288.00      292.00            78190.00
06/30/2015      289.00      291.20      287.00      291.20           569020.00
06/29/2015      288.00      292.00      285.80      290.00           306690.00
06/26/2015      288.00      291.00      287.00      291.00           453680.00
06/25/2015      290.00      290.00      288.00      289.00           524960.00
06/24/2015      290.00      294.00      290.00      292.80           335170.00
06/23/2015      290.00      294.00      287.00      294.00           775420.00
06/22/2015      284.00      290.20      284.00      290.00          1039960.00
06/19/2015      283.00      285.00      281.80      285.00           285080.00
06/18/2015      282.80      286.00      282.00      282.00           265160.00
06/17/2015      282.80      284.60      281.00      282.00           377430.00
06/16/2015      283.00      285.00      279.60      285.00           310980.00
06/15/2015      284.00      284.00      278.20      279.80           390190.00
06/11/2015      280.00      285.20      278.40      284.00           489340.00
06/10/2015      278.00      280.00      276.00      279.20           233980.00
06/09/2015      284.00      284.00      276.00      277.80           677280.00
06/08/2015      284.80      285.20      281.80      284.00           161970.00
06/05/2015      286.80      287.00      283.80      284.80           197510.00
06/04/2015      280.00      288.60      280.00      286.80          1318300.00
06/03/2015      280.00      280.20      276.00      279.80           233190.00
06/02/2015      282.60      282.80      280.00      280.00           196050.00
06/01/2015      280.00      283.40      276.00      282.60           633440.00
05/29/2015      271.00      283.00      270.00      281.20          1573450.00
05/28/2015      271.80      272.00      269.00      271.00           402400.00
05/27/2015      272.80      273.00      270.80      271.80           560680.00
05/26/2015      272.80      273.00      270.00      272.80           674360.00
05/25/2015      273.40      274.00      272.80      273.00           745440.00
05/22/2015      274.60      274.80      270.40      273.20           237250.00
05/21/2015      275.40      275.40      273.20      274.00           524200.00
05/20/2015      273.80      275.00      272.20      275.00           273210.00
05/19/2015      275.00      275.00      273.80      274.00           481610.00
05/18/2015      273.00      276.00      272.00      275.00           437820.00
05/15/2015      268.60      273.00      267.00      273.00           347860.00
05/14/2015      263.40      268.80      263.00      268.80           311070.00
05/13/2015      262.80      264.00      262.00      263.20           327070.00
05/12/2015      263.80      264.60      262.40      262.60           191200.00
05/11/2015      265.00      266.60      262.80      263.80           142360.00
05/08/2015      264.00      265.00      262.80      265.00            59900.00
05/07/2015      264.00      264.00      262.00      262.60           326950.00
05/06/2015      263.80      264.00      262.00      263.00           295730.00
05/05/2015      262.60      263.80      262.60      263.60           128510.00
05/04/2015      261.80      262.80      261.00      262.60           486460.00
04/30/2015      263.00      264.00      260.40      260.40           491010.00
04/29/2015      264.20      265.00      261.80      261.80           506940.00
04/28/2015      267.00      267.00      263.80      263.80           395850.00
04/27/2015      265.20      265.80      263.80      265.00            83170.00
04/24/2015      265.00      266.00      264.40      265.00           223000.00
04/23/2015      265.00      265.00      264.40      264.40           256800.00
04/22/2015      265.00      265.00      263.20      265.00           204230.00
04/21/2015      264.00      266.80      262.80      264.80            92000.00
04/20/2015      265.40      265.80      263.00      265.00           249160.00
04/17/2015      264.60      267.80      264.40      265.40           110590.00
04/16/2015      263.00      270.00      262.40      264.00           237960.00
04/15/2015      262.00      262.80      261.00      262.40           487460.00
04/14/2015      263.80      264.40      263.60      263.80           127190.00
04/13/2015      262.00      265.00      262.00      263.80           355620.00
04/10/2015      263.00      265.00      262.00      262.00           658440.00
04/08/2015      265.80      265.80      262.00      263.00           505680.00
04/07/2015      266.20      266.80      264.40      265.00           628910.00
04/06/2015      264.20      267.20      264.20      266.00           215040.00
04/01/2015      268.60      268.60      262.20      264.00           428380.00
03/31/2015      271.00      272.00      266.80      267.00           488860.00
03/30/2015      269.20      274.40      269.20      271.00           453600.00
03/27/2015      272.00      272.00      268.40      269.00           141320.00
03/26/2015      270.00      273.60      269.60      270.20           190340.00
03/25/2015      269.00      271.80      268.00      268.20           222910.00
03/24/2015      272.00      272.00      269.00      269.00           120280.00
03/23/2015      272.00      272.00      269.40      270.00           248480.00
03/20/2015      268.60      272.00      268.00      271.00           382100.00
03/19/2015      268.80      270.00      267.80      269.00           320160.00
03/18/2015      272.00      272.00      265.00      268.00           235530.00
03/17/2015      276.40      278.00      275.80      276.00           513170.00
03/16/2015      280.00      280.00      275.00      275.40           112370.00
03/13/2015      275.40      280.00      275.20      280.00           283130.00
03/12/2015      276.00      276.20      275.00      275.20           195090.00
03/11/2015      275.80      275.80      274.20      275.00           111450.00
03/10/2015      275.00      277.00      274.80      275.00           234160.00
03/09/2015      274.40      278.80      274.40      275.00            90570.00
03/06/2015      274.20      278.00      274.00      274.40           422370.00
03/05/2015      278.20      279.00      274.80      275.00           541450.00
03/04/2015      278.20      279.60      277.60      278.80           294330.00
03/03/2015      280.00      281.00      277.60      278.20           398160.00
03/02/2015      280.00      280.20      277.60      280.00           191140.00
02/27/2015      280.00      283.80      280.00      280.00           422710.00
02/26/2015      281.60      282.00      279.00      280.00           340790.00
02/25/2015      282.40      282.60      279.80      281.40           194640.00
02/24/2015      281.80      284.60      281.00      282.00           578120.00
02/23/2015      277.00      281.00      276.80      279.00           286300.00
02/20/2015      275.00      277.00      275.00      277.00            73270.00
02/18/2015      276.20      277.40      274.20      274.20           341310.00
02/17/2015      279.00      280.00      275.40      276.00           412000.00
02/16/2015      279.00      280.00      278.00      278.00           175300.00
02/13/2015      276.20      279.60      276.00      278.60           304410.00
02/12/2015      271.00      275.00      271.00      274.80            72480.00
02/11/2015      277.00      277.00      270.00      270.80           409980.00
02/10/2015      279.00      281.00      272.80      277.00           339430.00
02/09/2015      273.00      282.00      273.00      280.00           638390.00
02/06/2015      270.40      276.00      270.40      271.40            86310.00
02/05/2015      273.80      273.80      270.20      270.20           285830.00
02/04/2015      271.20      280.20      271.20      274.00           488230.00
02/03/2015      272.00      272.00      269.00      269.40           150960.00
02/02/2015      274.00      274.00      268.00      273.00           347330.00
01/30/2015      274.00      277.00      274.00      274.40           195920.00
01/29/2015      281.00      283.40      274.00      274.00           348690.00
01/28/2015      278.60      285.20      277.80      282.60           716520.00
01/27/2015      274.80      279.40      274.80      278.40          1020780.00
01/26/2015      277.00      277.00      270.00      270.40           220920.00
01/23/2015      271.00      277.60      271.00      276.80           741140.00
01/22/2015      273.00      274.00      267.00      271.00           225130.00
01/21/2015      272.00      274.00      270.00      271.00           271030.00
01/20/2015      274.20      274.60      270.20      271.00           350250.00
01/19/2015      268.00      274.00      267.20      274.00           379240.00
01/14/2015      263.20      267.00      263.00      267.00          1213390.00
01/13/2015      262.60      264.00      261.80      263.00          2440740.00
01/12/2015      262.80      263.00      261.60      261.80            94650.00
01/09/2015      265.00      265.00      261.40      262.00            73950.00
01/08/2015      264.00      265.00      263.00      265.00           616980.00
01/07/2015      263.20      264.60      263.00      264.00           870600.00
01/06/2015      257.00      264.00      256.80      262.80          1230360.00
01/05/2015      255.00      256.60      254.60      256.60            64490.00
