PGOLD  1216

12/27/2019       40.30       40.30       39.75       39.75          1336600.00
12/26/2019       39.85       40.40       39.80       40.40          1015700.00
12/23/2019       39.50       39.95       39.00       39.95           586200.00
12/20/2019       40.40       40.40       39.00       39.95          3306400.00
12/19/2019       40.15       40.40       39.90       40.40          1328800.00
12/18/2019       40.45       40.45       39.50       40.35           129900.00
12/17/2019       38.70       40.00       38.70       39.50          1363300.00
12/16/2019       40.50       40.50       39.50       40.25           116600.00
12/13/2019       39.35       40.50       39.25       40.50          1222300.00
12/12/2019       39.50       39.50       39.00       39.45           926900.00
12/11/2019       38.90       39.60       38.80       39.50           449000.00
12/10/2019       39.60       39.60       38.60       38.80          2462200.00
12/09/2019       39.00       39.60       38.90       39.60          1355000.00
12/06/2019       39.00       39.10       38.50       38.90          1262200.00
12/05/2019       39.80       40.15       38.80       39.10           350600.00
12/04/2019       40.10       40.10       39.70       39.85           228400.00
12/03/2019       40.10       40.10       39.60       39.70           463900.00
12/02/2019       40.15       40.15       39.90       40.05           173800.00
11/29/2019       40.50       40.50       40.10       40.15            98200.00
11/28/2019       40.00       40.00       39.65       39.95           100200.00
11/27/2019       40.15       40.25       39.45       40.05           753400.00
11/26/2019       40.00       40.40       40.00       40.00          1321200.00
11/25/2019       40.00       40.50       40.00       40.00          1709300.00
11/22/2019       40.00       40.00       39.85       39.95          3006000.00
11/21/2019       39.90       40.00       39.50       40.00           998500.00
11/20/2019       39.90       40.00       39.65       39.90           679700.00
11/19/2019       40.00       40.00       38.90       39.95           764800.00
11/18/2019       39.60       40.00       39.00       39.50           437500.00
11/15/2019       39.50       40.00       39.00       40.00           138700.00
11/14/2019       38.90       39.85       38.70       39.15           689200.00
11/13/2019       38.40       40.00       38.30       38.50           789400.00
11/12/2019       39.25       39.70       38.40       38.40           185200.00
11/11/2019       39.70       39.85       39.05       39.05          1544000.00
11/08/2019       40.00       40.40       39.50       39.70          6118400.00
11/07/2019       40.40       40.40       39.30       39.90          2044200.00
11/06/2019       40.50       40.80       39.70       40.00          1840800.00
11/05/2019       40.55       41.00       40.25       40.25           942400.00
11/04/2019       40.55       40.90       40.55       40.70            75800.00
10/31/2019       40.05       40.85       40.00       40.85           370800.00
10/30/2019       40.95       40.95       39.60       40.00          1340900.00
10/29/2019       40.95       41.00       40.00       40.10           193500.00
10/28/2019       40.00       41.30       40.00       40.00           225600.00
10/25/2019       40.40       40.40       39.40       40.00           367700.00
10/24/2019       40.30       40.45       39.10       40.00          2183600.00
10/23/2019       41.20       41.20       40.30       40.30           116600.00
10/22/2019       40.05       41.10       40.05       41.00           510500.00
10/21/2019       41.25       41.25       40.95       41.00           101900.00
10/18/2019       40.20       41.30       40.10       41.30          2433400.00
10/17/2019       39.80       40.00       39.75       40.00          2426000.00
10/16/2019       40.55       40.80       39.60       39.90          2715100.00
10/15/2019       40.55       40.85       40.40       40.55           655300.00
10/14/2019       41.20       41.20       40.50       40.55           405100.00
10/11/2019       40.70       40.70       40.45       40.60           367000.00
10/10/2019       40.35       41.00       40.30       40.70           566100.00
10/09/2019       40.10       40.10       39.95       40.00          2112800.00
10/08/2019       39.20       40.35       39.20       40.00          1255500.00
10/07/2019       38.50       39.45       38.50       39.10          1456800.00
10/04/2019       38.00       38.50       38.00       38.40           871700.00
10/03/2019       38.20       38.80       37.95       38.00          4255600.00
10/02/2019       37.95       38.80       37.80       38.20          2630700.00
10/01/2019       39.00       39.00       36.30       38.00          2673900.00
09/30/2019       40.40       40.40       38.95       39.05          1860600.00
09/27/2019       41.60       42.65       40.25       40.40           148800.00
09/26/2019       40.95       41.55       40.60       40.95           380300.00
09/25/2019       40.50       41.35       40.20       40.30           292200.00
09/24/2019       41.50       41.50       40.40       40.40          1023100.00
09/23/2019       42.00       42.10       41.20       41.50           677900.00
09/20/2019       42.30       42.40       41.95       42.00          1901600.00
09/19/2019       42.55       42.55       42.10       42.30           162300.00
09/18/2019       42.50       42.55       42.40       42.50           289600.00
09/17/2019       42.80       42.80       42.30       42.50           663200.00
09/16/2019       42.80       42.85       42.45       42.70          1521500.00
09/13/2019       43.15       43.15       42.75       42.80          1427200.00
09/12/2019       42.85       43.05       42.85       43.00           911400.00
09/11/2019       44.00       44.25       42.50       42.70          2410800.00
09/10/2019       44.00       44.00       43.75       44.00           302000.00
09/09/2019       44.00       44.00       43.80       43.90           398100.00
09/06/2019       44.00       44.10       43.80       44.00           645700.00
09/05/2019       43.75       43.90       43.70       43.80           820100.00
09/04/2019       43.75       43.90       43.75       43.90           712800.00
09/03/2019       43.75       44.15       43.75       43.80          1340800.00
09/02/2019       44.30       44.95       43.50       43.90           849800.00
08/30/2019       43.80       44.35       43.80       43.90          1697600.00
08/29/2019       44.30       44.90       43.75       43.75           316800.00
08/28/2019       44.00       44.95       43.95       44.95           210300.00
08/27/2019       44.00       44.10       43.95       44.00          1601100.00
08/23/2019       44.30       44.30       43.50       44.00          1513400.00
08/22/2019       45.50       45.50       44.00       44.30          1464400.00
08/20/2019       45.05       45.50       44.80       45.20           623700.00
08/19/2019       44.45       45.15       44.45       45.05           209100.00
08/16/2019       44.20       44.75       43.95       44.45          1826700.00
08/15/2019       44.50       45.70       43.40       45.70          1303000.00
08/14/2019       45.00       45.00       44.30       44.75           486300.00
08/13/2019       44.75       44.75       43.65       44.50          1262300.00
08/09/2019       45.00       45.00       44.25       44.75           192500.00
08/08/2019       44.10       44.80       44.05       44.80           119400.00
08/07/2019       44.10       45.10       44.05       44.05           667400.00
08/06/2019       44.20       44.20       43.50       44.00           897700.00
08/05/2019       44.85       45.40       44.10       44.15           788200.00
08/02/2019       44.80       45.40       44.60       44.85           266100.00
08/01/2019       45.20       45.20       44.70       44.70           430100.00
07/31/2019       45.50       45.55       45.00       45.50           563400.00
07/30/2019       46.00       46.00       45.20       45.50           584100.00
07/29/2019       46.00       46.40       45.25       46.00           504400.00
07/26/2019       46.00       46.00       45.25       45.60           240100.00
07/25/2019       45.45       46.00       45.30       46.00           236900.00
07/24/2019       46.00       46.50       45.40       45.70          1048200.00
07/23/2019       46.00       46.30       45.50       46.00           842700.00
07/22/2019       45.90       46.30       45.50       45.80           464600.00
07/19/2019       45.35       46.20       45.30       45.90          1435600.00
07/18/2019       45.55       46.00       45.25       45.30          1681000.00
07/17/2019       46.00       46.10       45.50       45.50           863700.00
07/16/2019       46.10       47.00       44.70       44.70          1290300.00
07/15/2019       45.90       46.25       45.90       46.10           398500.00
07/12/2019       45.60       46.15       45.60       45.90          2220500.00
07/11/2019       45.50       45.80       45.20       45.80          1293000.00
07/10/2019       44.95       45.50       44.50       45.50           632100.00
07/09/2019       44.00       44.80       43.85       44.80            88000.00
07/08/2019       43.80       44.20       43.70       43.85          1318100.00
07/05/2019       44.00       44.15       43.80       43.80          1375700.00
07/04/2019       44.60       44.60       44.00       44.00          1290400.00
07/03/2019       44.75       44.90       44.00       44.00           539100.00
07/02/2019       44.80       44.95       44.75       44.75           131200.00
07/01/2019       45.00       45.00       44.70       44.80           180000.00
06/28/2019       45.00       45.00       44.25       44.95           152300.00
06/27/2019       44.30       45.00       44.30       44.35           577000.00
06/26/2019       44.50       45.00       44.35       44.65           640700.00
06/25/2019       45.10       45.10       44.35       44.50           439700.00
06/24/2019       45.25       45.25       44.60       45.00           914300.00
06/21/2019       44.90       44.90       44.20       44.55           375100.00
06/20/2019       44.95       45.20       44.00       44.60           914200.00
06/19/2019       45.10       45.70       44.55       44.55          2587400.00
06/18/2019       45.45       45.50       44.90       45.00           504900.00
06/17/2019       45.20       45.85       44.20       45.45          1162800.00
06/14/2019       45.00       45.10       44.50       45.10           199600.00
06/13/2019       45.00       45.50       44.60       44.65           744600.00
06/11/2019       45.50       46.25       45.00       45.00           848200.00
06/10/2019       46.35       46.35       45.50       45.50           212700.00
06/07/2019       46.00       46.35       45.45       46.35           297500.00
06/06/2019       45.50       45.80       44.95       45.80          1310100.00
06/04/2019       45.00       46.00       44.60       44.90           837500.00
06/03/2019       44.20       46.00       44.20       44.55          1002000.00
05/31/2019       44.20       45.30       44.20       44.60           837900.00
05/30/2019       45.80       46.20       43.40       43.40           461900.00
05/29/2019       46.10       46.45       45.00       45.60           436900.00
05/28/2019       45.10       46.40       44.95       46.00          1192900.00
05/27/2019       45.10       45.95       44.10       45.60           891900.00
05/24/2019       45.35       45.35       45.10       45.10          1377500.00
05/23/2019       46.00       46.15       45.20       45.35          1424100.00
05/22/2019       45.50       46.10       45.15       46.00           426500.00
05/21/2019       46.50       46.50       45.05       45.50          1421900.00
05/20/2019       45.55       46.50       44.50       46.50          1145800.00
05/17/2019       44.70       45.50       44.60       45.50           273600.00
05/16/2019       44.90       44.90       44.20       44.90           396600.00
05/15/2019       44.05       45.30       44.05       44.90          1823900.00
05/14/2019       43.85       44.50       43.60       44.05          1637900.00
05/10/2019       44.75       44.75       44.00       44.35           425900.00
05/09/2019       44.75       44.90       44.05       44.80           645200.00
05/08/2019       44.90       44.95       44.00       44.75           753000.00
05/07/2019       44.50       45.20       43.55       45.00          2412400.00
05/06/2019       43.50       44.50       43.50       44.50           885100.00
05/03/2019       42.65       44.25       42.65       43.50          2624000.00
05/02/2019       42.10       42.90       42.00       42.30          1743000.00
04/30/2019       43.90       43.90       41.90       41.90          5889900.00
04/29/2019       43.70       44.00       42.75       43.00          2078200.00
04/26/2019       44.20       44.25       43.60       43.60          3934700.00
04/25/2019       43.35       44.00       43.25       44.00          3794900.00
04/24/2019       44.20       44.20       42.40       43.15          3401200.00
04/23/2019       45.40       45.40       44.00       44.15          1187400.00
04/22/2019       44.60       46.00       44.60       45.50           932900.00
04/17/2019       44.00       44.55       44.00       44.40          1825500.00
04/16/2019       45.10       46.20       43.70       44.00          4610500.00
04/15/2019       47.75       47.80       46.00       46.00          2955000.00
04/12/2019       49.10       49.50       47.55       47.70          3290900.00
04/11/2019       49.75       49.75       49.00       49.00           393800.00
04/10/2019       49.50       50.30       49.50       49.75          3112600.00
04/08/2019       48.25       49.85       48.25       49.50          2725800.00
04/05/2019       48.00       48.40       47.90       48.20          3044200.00
04/04/2019       48.40       48.40       47.50       47.60           301700.00
04/03/2019       48.10       48.40       47.85       48.40           241200.00
04/02/2019       47.70       48.00       47.10       48.00           590000.00
04/01/2019       48.50       48.60       47.00       47.70           618100.00
03/29/2019       47.45       48.30       47.40       48.10           982300.00
03/28/2019       47.40       47.50       47.10       47.50           268900.00
03/27/2019       47.70       47.70       47.35       47.50           289400.00
03/26/2019       47.85       47.85       47.40       47.70           110500.00
03/25/2019       48.30       48.50       47.60       47.85           364400.00
03/22/2019       48.70       48.70       48.00       48.30           265500.00
03/21/2019       48.00       48.75       48.00       48.05           439400.00
03/20/2019       48.00       48.50       48.00       48.50           799900.00
03/19/2019       48.90       48.90       47.60       48.00          1083100.00
03/18/2019       48.80       48.90       47.60       48.90           208600.00
03/15/2019       47.95       49.00       47.05       49.00           403000.00
03/14/2019       48.00       48.00       47.10       47.50           131700.00
03/13/2019       47.65       48.00       47.05       48.00           255300.00
03/12/2019       48.70       48.70       47.50       47.70           169500.00
03/11/2019       48.85       48.90       47.30       48.25           837500.00
03/08/2019       48.55       48.85       48.05       48.85           807800.00
03/07/2019       48.30       48.60       48.20       48.50           488700.00
03/06/2019       48.00       48.25       47.95       48.10           862100.00
03/05/2019       47.30       48.50       47.30       48.00           850900.00
03/04/2019       46.80       47.50       46.35       47.30           487900.00
03/01/2019       47.05       47.45       46.30       46.80           437400.00
02/28/2019       47.75       47.75       46.60       47.05          2155400.00
02/27/2019       49.50       49.50       47.05       48.05          1183400.00
02/26/2019       49.00       49.65       49.00       49.50          4066400.00
02/22/2019       48.75       48.80       47.55       48.70          2676500.00
02/21/2019       48.20       49.00       47.50       48.70          5988700.00
02/20/2019       48.00       48.15       47.05       48.00          3543300.00
02/19/2019       48.00       48.00       46.70       47.20          2952400.00
02/18/2019       47.90       47.95       46.50       46.70           300800.00
02/15/2019       47.00       47.50       46.90       47.10           594000.00
02/14/2019       46.75       47.00       46.60       47.00           304200.00
02/13/2019       47.70       47.80       46.20       46.70          1561700.00
02/12/2019       47.90       47.90       46.95       47.50           839700.00
02/11/2019       48.25       48.25       47.95       48.00           562500.00
02/08/2019       48.60       48.60       47.75       48.25          1615900.00
02/07/2019       48.60       48.90       48.20       48.65          3389400.00
02/06/2019       47.90       49.00       47.40       48.20          1764400.00
02/04/2019       46.90       47.80       46.75       46.90          2420600.00
02/01/2019       45.70       46.85       45.70       46.70          3708600.00
01/31/2019       45.80       46.00       45.15       45.50          2767200.00
01/30/2019       45.75       46.00       44.70       45.00          2336600.00
01/29/2019       45.95       46.40       45.50       45.75           519800.00
01/28/2019       45.00       46.00       45.00       46.00          2717900.00
01/25/2019       45.50       45.80       44.90       44.90          2097500.00
01/24/2019       44.50       45.15       44.50       44.90          5393700.00
01/23/2019       44.90       44.90       44.00       44.50          2717200.00
01/22/2019       45.75       45.75       44.80       45.00          2470700.00
01/21/2019       46.85       46.85       45.75       45.75           792300.00
01/18/2019       46.00       46.90       46.00       46.00          4597800.00
01/17/2019       45.75       47.30       45.30       45.90          7666600.00
01/16/2019       48.65       48.65       48.00       48.30          1292800.00
01/15/2019       48.60       48.80       48.40       48.65           212200.00
01/14/2019       48.50       49.30       48.10       48.65          1751500.00
01/11/2019       48.90       49.20       48.30       48.50          3414200.00
01/10/2019       49.15       50.25       48.95       49.00          4683400.00
01/09/2019       48.75       49.50       48.55       49.05          6039200.00
01/08/2019       49.00       49.05       48.50       48.75          9708900.00
01/07/2019       48.00       49.75       48.00       49.05         10899600.00
01/04/2019       45.15       47.75       45.15       47.20          8979600.00
01/03/2019       43.00       45.70       43.00       45.15          9799500.00
01/02/2019       43.00       43.20       42.95       43.00          3846300.00
12/28/2018       43.45       43.45       42.85       43.00          6067300.00
12/27/2018       43.50       43.50       43.00       43.00          1062200.00
12/26/2018       42.15       43.30       42.15       43.30           653400.00
12/21/2018       43.00       43.00       42.20       42.20          1450500.00
12/20/2018       42.80       42.80       42.50       42.60          1773000.00
12/19/2018       42.50       43.00       42.50       42.90          1547200.00
12/18/2018       42.50       42.55       42.35       42.45          3525400.00
12/17/2018       42.60       42.90       42.40       42.50          5187400.00
12/14/2018       42.70       42.70       42.35       42.50          4443900.00
12/13/2018       42.65       42.70       42.60       42.70          1437900.00
12/12/2018       42.60       42.70       42.50       42.65          2032500.00
12/11/2018       42.65       42.65       42.25       42.50          1303700.00
12/10/2018       42.60       42.75       42.45       42.50          1765100.00
12/07/2018       42.85       42.85       42.65       42.75          2444400.00
12/06/2018       42.55       42.90       42.55       42.85          3324500.00
12/05/2018       42.50       42.75       42.40       42.50          3703600.00
12/04/2018       42.70       42.70       42.50       42.55          3258500.00
12/03/2018       42.55       42.85       42.50       42.70          6843500.00
11/29/2018       42.95       42.95       42.55       42.55           396900.00
11/28/2018       43.10       43.10       42.70       42.95          2818400.00
11/27/2018       43.00       43.05       42.70       43.00          3477900.00
11/26/2018       43.50       43.50       42.65       43.00          3308300.00
11/23/2018       42.50       44.00       42.45       43.05          2117900.00
11/22/2018       42.40       42.55       42.40       42.50           315100.00
11/21/2018       42.55       42.60       42.15       42.50           635100.00
11/20/2018       42.70       42.70       42.00       42.55           756400.00
11/19/2018       42.00       43.00       41.75       42.70          3015100.00
11/16/2018       41.90       42.40       41.90       42.00          1199100.00
11/15/2018       42.00       42.00       41.50       41.90            63300.00
11/14/2018       42.00       42.00       41.90       42.00          1626200.00
11/13/2018       42.00       42.35       41.80       42.00           804400.00
11/12/2018       43.00       43.00       41.40       42.75          1161100.00
11/09/2018       43.00       43.55       42.10       43.00          4425800.00
11/08/2018       42.20       43.00       41.50       43.00          1418700.00
11/07/2018       41.70       42.20       41.50       42.20          1093800.00
11/06/2018       41.90       41.95       41.10       41.80           251900.00
11/05/2018       40.55       41.90       40.55       41.90          1621600.00
10/31/2018       41.00       41.50       40.30       40.55           789700.00
10/30/2018       41.15       41.15       40.50       40.75           353000.00
10/29/2018       42.00       42.00       41.00       41.60            30200.00
10/26/2018       41.85       42.00       40.25       42.00           451100.00
10/25/2018       41.00       41.90       39.90       41.90           293000.00
10/24/2018       42.00       42.00       40.80       41.15           534500.00
10/23/2018       41.95       42.00       41.10       42.00           320100.00
10/22/2018       40.65       42.20       40.65       41.95           102300.00
10/19/2018       40.20       40.70       40.00       40.40          1006400.00
10/18/2018       40.95       40.95       39.60       40.20          1393700.00
10/17/2018       42.30       42.35       40.75       40.95          1448400.00
10/16/2018       42.80       42.90       41.00       41.00           596400.00
10/15/2018       43.00       43.00       42.00       42.00           520600.00
10/12/2018       41.50       43.00       40.50       43.00           200200.00
10/11/2018       42.50       42.50       40.50       40.50           470900.00
10/10/2018       41.45       42.75       41.45       42.00           225600.00
10/09/2018       42.20       42.65       41.05       41.45          1774200.00
10/08/2018       44.80       44.80       42.20       42.20          1387100.00
10/05/2018       45.00       45.00       43.20       44.00           190600.00
10/04/2018       44.00       44.90       43.10       44.90          1054900.00
10/03/2018       43.15       44.00       43.15       44.00          1110900.00
10/02/2018       44.50       45.00       42.55       43.15          1666800.00
10/01/2018       45.70       45.70       44.50       44.50           315400.00
09/28/2018       45.70       45.80       45.00       45.00           172300.00
09/27/2018       44.80       45.70       44.80       45.70           927800.00
09/26/2018       45.00       45.70       44.05       45.70           770300.00
09/25/2018       44.60       45.80       44.00       44.00          3007400.00
09/24/2018       44.80       46.00       44.80       45.85          1031900.00
09/21/2018       44.85       44.85       44.50       44.80          2352300.00
09/20/2018       44.60       45.00       44.50       44.80          1247200.00
09/19/2018       44.25       45.00       43.85       45.00           267700.00
09/18/2018       45.00       45.00       44.05       44.25           173600.00
09/17/2018       45.00       45.00       44.10       45.00            57900.00
09/14/2018       45.00       45.00       44.20       45.00            98500.00
09/13/2018       44.55       45.00       44.55       44.90            26700.00
09/12/2018       45.00       45.00       44.30       45.00           657500.00
09/11/2018       45.00       45.00       44.30       45.00            85200.00
09/10/2018       44.45       45.00       44.10       45.00          2002900.00
09/07/2018       44.70       44.70       44.20       44.45          1022100.00
09/06/2018       44.70       44.80       44.50       44.80           131000.00
09/05/2018       45.00       45.50       44.65       44.80           218700.00
09/04/2018       45.80       46.00       44.50       45.00           868600.00
09/03/2018       46.00       46.05       45.70       45.80           227400.00
08/31/2018       45.95       46.75       45.60       46.00           842200.00
08/30/2018       46.00       46.05       45.60       45.95           803000.00
08/29/2018       45.80       46.10       45.60       46.00           869100.00
08/28/2018       46.50       46.85       46.00       46.00           429900.00
08/24/2018       46.85       46.90       46.00       46.50           389000.00
08/23/2018       46.40       46.95       46.10       46.85          1101400.00
08/22/2018       44.95       46.30       44.95       46.10           598800.00
08/20/2018       44.50       45.00       44.25       44.75           401500.00
08/17/2018       44.80       44.80       44.20       44.25           816100.00
08/16/2018       44.55       44.60       43.95       44.00          5255600.00
08/15/2018       44.50       44.60       43.85       44.10          4385500.00
08/14/2018       45.85       45.85       43.85       44.00          3137000.00
08/13/2018       46.60       46.60       44.40       45.00          1934600.00
08/10/2018       46.90       46.90       45.60       45.60          1952600.00
08/09/2018       46.55       46.90       46.40       46.90            97900.00
08/08/2018       46.50       46.95       46.20       46.55           557900.00
08/07/2018       47.10       47.10       46.50       46.55           814000.00
08/06/2018       46.60       47.10       46.60       47.10           875100.00
08/03/2018       46.00       46.75       46.00       46.50          1184900.00
08/02/2018       46.35       46.50       45.80       46.00          1262400.00
08/01/2018       46.00       46.45       45.50       46.00           842500.00
07/31/2018       45.80       46.10       45.25       45.25          1868200.00
07/30/2018       45.60       46.20       45.60       45.80           361600.00
07/27/2018       45.70       46.00       45.00       45.60          1869900.00
07/26/2018       45.50       46.20       44.85       45.30          1890100.00
07/25/2018       44.70       46.00       44.40       45.60          2698400.00
07/24/2018       45.20       45.20       44.10       44.20          2208200.00
07/23/2018       46.40       46.40       45.10       45.25          1433500.00
07/20/2018       45.95       46.40       45.60       46.40           538600.00
07/19/2018       46.00       46.30       45.50       45.70           127800.00
07/18/2018       45.90       46.20       45.30       46.00           323400.00
07/17/2018       45.30       45.85       45.20       45.20           284200.00
07/16/2018       45.20       45.40       45.10       45.30           302900.00
07/13/2018       45.70       45.80       45.00       45.00          1782000.00
07/12/2018       46.00       46.00       45.00       45.70          1716500.00
07/11/2018       46.10       46.10       45.80       46.00           407600.00
07/10/2018       45.85       46.05       45.85       46.00           970100.00
07/09/2018       46.00       46.00       45.70       45.85           101200.00
07/06/2018       45.80       45.90       45.65       45.90           153000.00
07/05/2018       45.65       46.00       45.60       45.80           357300.00
07/04/2018       46.50       46.50       45.80       46.00           944700.00
07/03/2018       47.00       47.00       46.00       46.00           958600.00
07/02/2018       46.60       47.00       46.10       47.00           174500.00
06/29/2018       47.50       47.50       46.50       46.60           847200.00
06/28/2018       47.00       47.50       46.50       47.30           559400.00
06/27/2018       46.10       47.45       46.10       47.00           809900.00
06/26/2018       47.60       47.60       46.10       46.70          1332200.00
06/25/2018       48.00       48.00       47.00       47.20           441600.00
06/22/2018       47.90       47.90       47.10       47.50          2849700.00
06/21/2018       47.20       47.90       47.20       47.90           259600.00
06/20/2018       47.75       48.20       47.75       47.85          1024300.00
06/19/2018       47.25       47.90       47.20       47.70          1873800.00
06/18/2018       47.95       48.00       47.25       48.00           750800.00
06/14/2018       48.85       48.85       47.20       48.00           755300.00
06/13/2018       48.00       49.00       47.90       48.35          1782600.00
06/11/2018       48.00       48.00       47.50       48.00           302400.00
06/08/2018       47.70       47.95       47.70       47.90           645900.00
06/07/2018       47.50       47.75       47.15       47.70           455800.00
06/06/2018       47.00       47.60       47.00       47.50           400800.00
06/05/2018       47.00       47.50       46.60       47.50           117100.00
06/04/2018       47.00       47.10       46.75       47.00           997600.00
06/01/2018       46.90       47.00       46.10       46.75           233700.00
05/31/2018       47.00       47.00       46.35       46.70           434400.00
05/30/2018       46.85       47.50       46.60       47.00           979000.00
05/29/2018       47.30       47.70       46.70       47.50           204300.00
05/28/2018       47.00       47.50       46.95       47.50           135600.00
05/25/2018       46.95       47.70       46.85       47.70           397100.00
05/24/2018       47.50       47.65       46.80       46.95           745200.00
05/23/2018       47.65       47.70       47.00       47.70           842300.00
05/22/2018       47.60       47.90       47.50       47.65           579200.00
05/21/2018       47.00       47.90       47.00       47.80           417100.00
05/18/2018       47.50       47.90       46.00       47.90           401900.00
05/17/2018       47.90       47.90       47.35       47.55           224800.00
05/16/2018       47.80       47.80       46.00       47.50           201100.00
05/15/2018       46.25       48.00       46.00       47.50          1101700.00
05/11/2018       46.00       46.75       46.00       46.60           213000.00
05/10/2018       45.80       46.95       45.80       46.15           681800.00
05/09/2018       47.00       47.00       46.00       46.60           207900.00
05/08/2018       46.95       47.00       46.10       47.00           187200.00
05/07/2018       45.85       46.95       45.70       46.95           451800.00
05/04/2018       46.00       46.10       45.70       45.85           894000.00
05/03/2018       46.50       46.50       45.60       46.00         25400600.00
05/02/2018       47.30       47.50       46.40       47.00           385000.00
04/30/2018       47.30       47.50       47.20       47.40           691800.00
04/27/2018       47.40       48.10       47.10       47.50          3572400.00
04/26/2018       47.00       47.55       46.55       47.40          1000500.00
04/25/2018       47.50       47.90       45.90       47.00          2203300.00
04/24/2018       47.50       48.20       47.10       48.00          4530800.00
04/23/2018       48.20       48.20       47.05       47.95           975900.00
04/20/2018       47.05       48.45       47.05       48.00          1608800.00
04/19/2018       48.05       48.05       47.00       47.95          2769500.00
04/18/2018       47.95       48.25       46.80       48.05          9110700.00
04/17/2018       51.40       51.40       46.10       47.20         14369700.00
04/16/2018       51.75       53.00       51.50       51.95          1664310.00
04/13/2018       53.00       53.00       52.30       52.75          1177570.00
04/12/2018       52.20       53.00       51.95       53.00          1331290.00
04/11/2018       52.00       52.10       51.65       51.95          1240860.00
04/10/2018       52.00       52.10       51.30       52.00           594310.00
04/06/2018       52.00       52.05       51.25       52.00           225640.00
04/05/2018       52.25       52.30       51.25       52.00           480450.00
04/04/2018       52.00       52.25       51.50       52.00          1621580.00
04/03/2018       51.55       52.25       51.55       51.60           455270.00
04/02/2018       52.50       52.90       51.10       52.90            94020.00
03/28/2018       53.00       53.00       51.95       52.45          1515900.00
03/27/2018       52.50       52.50       50.60       52.20          1110430.00
03/26/2018       52.75       52.75       50.10       52.00           481040.00
03/23/2018       53.00       53.00       52.45       52.80           891740.00
03/22/2018       52.60       53.25       52.25       53.00          1562070.00
03/21/2018       53.00       53.70       52.20       52.60          1417380.00
03/20/2018       53.45       53.45       52.80       53.00          1342690.00
03/19/2018       53.30       53.45       53.15       53.35          1003330.00
03/16/2018       53.10       53.30       52.85       53.00          2332650.00
03/15/2018       53.85       53.85       53.00       53.15           631040.00
03/14/2018       54.00       54.00       53.10       53.10           846200.00
03/13/2018       53.90       54.00       53.50       53.80          1728770.00
03/12/2018       53.95       53.95       53.60       53.85           997450.00
03/09/2018       53.95       53.95       53.15       53.25           327490.00
03/08/2018       52.80       53.95       52.80       53.95          2034420.00
03/07/2018       53.15       53.20       52.00       52.75           987410.00
03/06/2018       52.10       53.60       52.10       53.15          3427480.00
03/05/2018       52.20       52.30       51.65       52.00           442410.00
03/02/2018       52.20       52.50       51.40       52.20          1662830.00
03/01/2018       51.50       52.70       51.50       52.20          1515300.00
02/28/2018       50.45       52.15       50.00       51.90          1361730.00
02/27/2018       49.50       51.45       49.50       51.05          2126500.00
02/26/2018       49.00       50.25       48.85       49.50          2719300.00
02/23/2018       50.40       50.50       49.00       49.00          2253430.00
02/22/2018       51.15       51.50       50.40       50.50          2108940.00
02/21/2018       51.00       51.50       50.95       51.00           542100.00
02/20/2018       51.00       51.10       50.80       51.00           647260.00
02/19/2018       51.00       51.35       50.95       51.00          2935430.00
02/15/2018       51.00       51.00       50.50       51.00           161120.00
02/14/2018       50.30       51.00       50.00       50.95          1656100.00
02/13/2018       50.50       50.50       49.95       50.20          2284430.00
02/12/2018       50.10       50.75       50.00       50.00           754150.00
02/09/2018       50.00       50.80       49.50       50.10          1264380.00
02/08/2018       52.90       52.90       50.00       50.80          2050110.00
02/07/2018       51.35       52.90       51.35       51.35           863260.00
02/06/2018       51.55       51.55       50.50       51.35          3277980.00
02/05/2018       52.85       52.85       51.00       52.50           567770.00
02/02/2018       53.00       53.80       52.85       53.00          1030760.00
02/01/2018       54.30       54.50       52.50       53.00          1198150.00
01/31/2018       53.70       53.70       52.30       53.30           918860.00
01/30/2018       54.00       54.00       52.90       53.75           902170.00
01/29/2018       53.95       54.00       53.60       54.00           185200.00
01/26/2018       53.95       54.15       53.70       54.00          2660330.00
01/25/2018       53.95       55.00       53.90       53.95          2572130.00
01/24/2018       54.00       54.40       53.70       53.95           991950.00
01/23/2018       54.00       54.00       53.70       53.95          1792520.00
01/22/2018       53.10       54.00       52.30       54.00          1214070.00
01/19/2018       53.75       54.00       53.05       53.10          1569050.00
01/18/2018       54.00       54.00       53.40       53.75          2081180.00
01/17/2018       54.00       54.20       53.50       53.85          2301430.00
01/16/2018       54.00       54.15       53.70       53.75          2083610.00
01/15/2018       53.55       55.05       53.55       54.00          2040270.00
01/12/2018       53.60       54.25       53.00       53.50          1052430.00
01/11/2018       53.80       53.95       53.30       53.65          3193320.00
01/10/2018       53.80       53.90       53.00       53.80          2089210.00
01/09/2018       50.50       54.00       50.50       53.95          4550440.00
01/08/2018       49.60       50.35       49.60       50.35          2112900.00
01/05/2018       49.05       50.00       49.05       49.50          1182800.00
01/04/2018       49.30       50.00       49.30       49.35          3206800.00
01/03/2018       50.10       50.50       49.25       49.25          4104220.00
12/29/2017       50.60       50.80       50.00       50.00          2194920.00
12/28/2017       51.00       51.10       49.80       50.60           145080.00
12/27/2017       49.70       51.20       49.60       51.00           585000.00
12/22/2017       50.20       50.20       49.70       49.70           182400.00
12/21/2017       49.50       50.10       49.50       50.00           962100.00
12/20/2017       50.25       50.50       49.50       49.50          1128700.00
12/19/2017       49.50       50.10       49.50       50.10           639300.00
12/18/2017       49.20       49.55       49.20       49.50           716800.00
12/15/2017       49.10       49.55       49.10       49.20          1555000.00
12/14/2017       50.05       50.05       49.05       49.60           723790.00
12/13/2017       50.00       50.25       49.75       50.05           789240.00
12/12/2017       50.50       50.50       49.50       50.00           165970.00
12/11/2017       49.40       50.50       49.30       50.50           598600.00
12/08/2017       49.30       49.40       49.20       49.30          1459100.00
12/07/2017       49.30       49.45       48.60       49.30           756500.00
12/06/2017       49.00       49.40       48.15       49.30          1391300.00
12/05/2017       48.00       49.20       47.95       49.20          2344900.00
12/04/2017       47.95       48.25       47.60       48.00          7274700.00
12/01/2017       49.05       49.10       47.95       48.00           406600.00
11/29/2017       48.55       49.80       48.55       49.00          9752000.00
11/28/2017       49.20       49.40       48.40       48.40          1138600.00
11/27/2017       48.05       49.30       48.05       49.20           406800.00
11/24/2017       48.05       48.15       47.95       48.05          2188600.00
11/23/2017       47.40       48.25       47.40       48.05          1316300.00
11/22/2017       49.05       49.05       47.05       47.30          2879200.00
11/21/2017       47.75       49.05       47.25       49.05          5116300.00
11/20/2017       47.85       48.00       47.50       47.65          1494800.00
11/17/2017       49.30       49.30       47.30       47.85          6516200.00
11/16/2017       48.65       50.00       48.50       49.50          3031600.00
11/15/2017       49.00       49.00       48.10       48.60          7122300.00
11/14/2017       51.00       51.00       48.95       49.10          4067050.00
11/13/2017       50.95       51.00       50.55       50.80          2804940.00
11/10/2017       50.85       51.00       50.60       50.95           766160.00
11/09/2017       51.00       51.65       50.85       50.90          1751770.00
11/08/2017       51.25       51.30       51.00       51.10          1659140.00
11/07/2017       51.40       52.00       51.15       51.25           564360.00
11/06/2017       52.00       52.00       51.10       51.40          1729840.00
11/03/2017       52.00       52.00       51.10       51.10          2759630.00
11/02/2017       51.00       52.10       51.00       52.00          3216960.00
10/30/2017       51.55       51.70       50.70       51.00          3438160.00
10/27/2017       50.35       51.70       50.35       51.00          1869530.00
10/26/2017       51.00       51.20       50.00       50.40          2763980.00
10/25/2017       51.00       51.20       50.85       50.95          3289530.00
10/24/2017       50.85       51.10       50.80       51.00          2136900.00
10/23/2017       50.90       51.50       50.55       50.85           844700.00
10/20/2017       51.75       51.75       50.90       50.90          2620460.00
10/19/2017       51.60       51.90       51.20       51.75          1300800.00
10/18/2017       52.20       52.35       51.20       51.60          2063430.00
10/17/2017       52.80       53.75       52.15       52.20          2246450.00
10/13/2017       52.60       53.60       52.50       52.80          2927150.00
10/12/2017       53.80       54.80       52.10       52.70          3603350.00
10/11/2017       53.95       54.00       53.10       53.80          1834700.00
10/10/2017       54.15       55.10       53.75       53.95          2047320.00
10/09/2017       54.50       54.50       53.90       53.90          1734120.00
10/06/2017       54.90       54.90       54.30       54.55          1543040.00
10/05/2017       54.90       55.00       53.80       54.00          2579990.00
10/04/2017       54.90       55.10       53.95       54.90          2390750.00
10/03/2017       53.00       54.90       52.35       54.90          3698510.00
10/02/2017       52.50       53.00       52.20       52.50          1251380.00
09/29/2017       52.50       52.55       52.00       52.15          1231790.00
09/28/2017       51.00       52.40       50.80       51.95          3387790.00
09/27/2017       50.40       51.70       49.70       51.70          1954320.00
09/26/2017       51.00       51.00       49.00       50.20          2200930.00
09/25/2017       52.50       52.50       51.00       51.00          1483120.00
09/22/2017       53.60       53.90       52.50       52.50           601500.00
09/21/2017       52.45       53.80       52.40       53.50          2348460.00
09/20/2017       51.00       52.45       51.00       52.00          1505080.00
09/19/2017       51.60       51.60       50.85       51.00          1019470.00
09/18/2017       51.25       51.50       50.80       51.50          1635110.00
09/15/2017       51.60       51.60       50.90       51.25          1533930.00
09/14/2017       51.75       51.90       51.20       51.65          3095310.00
09/13/2017       51.70       52.00       51.20       51.70          2053190.00
09/11/2017       51.10       52.00       51.10       51.70          1551210.00
09/08/2017       51.80       52.80       51.05       51.15          1947510.00
09/07/2017       48.95       51.20       48.95       50.50          6448100.00
09/06/2017       48.50       48.90       48.00       48.90          1595800.00
09/05/2017       48.20       48.55       47.60       48.55          1669000.00
09/04/2017       48.05       48.50       48.05       48.20           979700.00
08/31/2017       48.30       48.40       47.90       48.05           205900.00
08/30/2017       48.00       48.60       48.00       48.30          3625600.00
08/29/2017       47.95       48.05       47.70       47.95          1814300.00
08/25/2017       48.10       48.10       47.80       48.00           307800.00
08/24/2017       47.90       48.00       47.80       48.00          1429300.00
08/23/2017       47.40       48.00       47.40       47.90           518200.00
08/22/2017       48.20       48.30       46.90       47.90           762600.00
08/18/2017       47.95       48.20       47.50       48.00          1386400.00
08/17/2017       48.00       48.50       47.80       48.05          1833000.00
08/16/2017       47.20       48.15       47.00       48.15          3853500.00
08/15/2017       47.20       47.25       47.00       47.20          2998000.00
08/14/2017       47.00       47.20       46.90       47.00          3616100.00
08/11/2017       46.85       47.20       46.50       47.10          2000900.00
08/10/2017       46.95       47.00       46.90       47.00          2619300.00
08/09/2017       47.10       47.15       46.60       47.00          2056300.00
08/08/2017       46.90       47.20       46.90       47.00           769200.00
08/07/2017       47.00       47.05       46.40       47.00          1041700.00
08/04/2017       47.10       47.20       46.50       47.00          3007200.00
08/03/2017       47.10       47.10       46.90       47.10           679300.00
08/02/2017       47.10       47.20       46.50       47.00          3674500.00
08/01/2017       47.00       47.20       46.90       47.20           220300.00
07/31/2017       47.20       47.20       46.85       47.15           728400.00
07/28/2017       47.20       47.35       47.00       47.20          1272900.00
07/27/2017       46.00       47.75       46.00       47.30          1874700.00
07/26/2017       46.00       46.65       45.90       46.00           403100.00
07/25/2017       45.70       46.10       45.70       46.00           358400.00
07/24/2017       46.50       46.50       45.70       45.70           402500.00
07/21/2017       46.50       47.00       46.00       46.50          1023000.00
07/20/2017       47.20       47.30       46.40       46.50           845200.00
07/19/2017       47.00       47.90       46.90       47.20          1997200.00
07/18/2017       46.85       47.30       46.05       46.90          1419000.00
07/17/2017       46.30       46.90       46.30       46.80           699200.00
07/14/2017       46.30       46.60       46.05       46.30           753400.00
07/13/2017       46.00       47.25       46.00       46.95          1570400.00
07/12/2017       46.40       46.50       45.90       45.90          1224000.00
07/11/2017       46.40       46.80       45.90       46.15          2422200.00
07/10/2017       45.20       46.50       45.10       46.40          4063400.00
07/07/2017       45.40       45.50       45.10       45.15           571600.00
07/06/2017       44.50       45.40       44.50       45.40           852300.00
07/05/2017       44.80       45.00       44.70       44.95           192200.00
07/04/2017       44.50       45.00       44.10       45.00           624200.00
07/03/2017       44.50       45.00       44.25       45.00           264200.00
06/30/2017       45.00       45.00       44.00       44.55          1955600.00
06/29/2017       45.10       45.20       44.90       45.00          2093800.00
06/28/2017       45.00       45.20       44.75       45.20          2469000.00
06/27/2017       45.20       45.25       44.80       45.00          1724600.00
06/23/2017       45.15       45.15       45.00       45.10           835400.00
06/22/2017       45.30       45.50       44.95       45.00          1865300.00
06/21/2017       45.45       45.45       45.20       45.30          2029400.00
06/20/2017       45.45       45.50       45.10       45.40           842700.00
06/19/2017       45.00       45.85       45.00       45.40          1798500.00
06/16/2017       45.80       45.80       45.00       45.00          1261200.00
06/15/2017       45.20       45.80       45.00       45.80          3043900.00
06/14/2017       44.70       45.00       44.25       44.80          2034400.00
06/13/2017       44.40       44.90       44.30       44.70           873000.00
06/09/2017       44.05       44.80       44.05       44.50          1325900.00
06/08/2017       44.90       45.80       43.60       44.00          5348200.00
06/07/2017       44.50       44.95       44.50       44.90           233000.00
06/06/2017       44.80       45.30       44.50       44.50          1743800.00
06/05/2017       44.70       45.20       44.70       44.80          2773100.00
06/02/2017       45.25       46.05       44.70       44.70          4970100.00
06/01/2017       43.40       45.25       43.00       45.20          4049500.00
05/31/2017       42.80       43.50       42.80       43.25          1105800.00
05/30/2017       43.20       43.20       42.65       42.80          2870600.00
05/29/2017       43.30       43.40       42.65       43.00          1264100.00
05/26/2017       43.40       44.00       43.20       43.30          2651100.00
05/25/2017       43.35       43.35       42.95       43.10          3782800.00
05/24/2017       42.80       43.50       42.50       43.10           226200.00
05/23/2017       43.00       43.10       42.85       43.00          4514400.00
05/22/2017       43.35       44.00       43.05       43.05          1848100.00
05/19/2017       43.30       43.55       43.05       43.35          1373900.00
05/18/2017       43.30       43.60       42.95       43.50           738400.00
05/17/2017       43.50       44.00       43.10       43.30           869400.00
05/16/2017       43.00       44.40       43.00       43.60          1327900.00
05/15/2017       42.95       43.20       42.80       42.95           906800.00
05/12/2017       42.80       43.00       42.50       42.95          1488600.00
05/11/2017       43.60       43.60       42.50       42.55          2931100.00
05/10/2017       43.85       43.95       43.40       43.60          4760900.00
05/09/2017       44.00       44.50       43.70       43.85          1541300.00
05/08/2017       43.80       44.60       43.55       43.70          4243200.00
05/05/2017       43.40       44.10       43.25       43.80          3655100.00
05/04/2017       43.00       43.40       42.70       43.40          1394700.00
05/03/2017       43.25       43.25       42.90       43.00          1853300.00
05/02/2017       41.70       43.25       41.65       43.25          2587700.00
04/27/2017       41.80       42.05       41.70       41.70          1049700.00
04/26/2017       41.80       42.35       41.75       42.00          1029000.00
04/25/2017       42.00       42.25       41.70       41.70          1959700.00
04/24/2017       41.75       42.05       41.75       42.00           572500.00
04/21/2017       42.00       42.10       41.50       41.75          1467000.00
04/20/2017       42.20       42.25       41.15       42.00          3248600.00
04/19/2017       42.90       42.90       41.75       42.20          1227200.00
04/18/2017       42.50       42.90       42.35       42.80          4669400.00
04/17/2017       42.40       42.50       41.90       42.50          1451000.00
04/12/2017       42.20       42.45       41.90       42.20          3903000.00
04/11/2017       43.45       43.65       42.05       42.05          2864600.00
04/10/2017       43.75       43.75       43.25       43.40          2238100.00
04/07/2017       43.85       44.00       43.15       43.60          3997800.00
04/06/2017       43.75       43.90       43.30       43.85          3032600.00
04/05/2017       44.70       44.90       43.50       43.55          4176000.00
04/04/2017       44.80       44.80       44.00       44.15          3089500.00
04/03/2017       43.90       44.30       43.70       44.00          1901400.00
03/31/2017       43.50       43.90       43.50       43.70          1437400.00
03/30/2017       43.70       44.15       43.35       43.35          1411300.00
03/29/2017       43.60       43.95       43.50       43.75          1237900.00
03/28/2017       43.80       44.85       43.00       43.60          1364200.00
03/27/2017       43.80       44.05       43.70       43.80          1465000.00
03/24/2017       43.90       44.00       43.40       43.80          2316300.00
03/23/2017       44.00       44.95       43.90       44.00          1350000.00
03/22/2017       45.00       45.05       43.90       44.00          6118900.00
03/21/2017       45.00       45.25       45.00       45.05          2849500.00
03/20/2017       45.75       45.80       44.60       45.20          1399000.00
03/17/2017       45.20       45.80       45.00       45.80          1270700.00
03/16/2017       45.75       45.80       44.95       45.00          5721700.00
03/15/2017       45.55       46.10       45.40       45.65          5719100.00
03/14/2017       45.30       45.50       44.60       45.50          6687400.00
03/13/2017       45.00       45.00       44.15       45.00          9908300.00
03/10/2017       45.00       45.25       44.50       45.00         27080600.00
03/09/2017       43.65       45.15       43.60       45.00          6455400.00
03/08/2017       44.20       44.20       42.90       43.60          9241300.00
03/07/2017       45.10       45.30       44.20       44.50          2295700.00
03/06/2017       45.50       46.00       45.05       45.05          9986600.00
03/03/2017       46.00       46.00       45.45       45.50          1884700.00
03/02/2017       46.10       46.30       45.80       46.00          1564700.00
03/01/2017       46.05       46.40       46.00       46.10          5741400.00
02/28/2017       46.30       46.40       46.00       46.00          4081900.00
02/27/2017       46.20       46.70       46.00       46.30          2432400.00
02/24/2017       46.20       46.50       45.95       46.20          3023800.00
02/23/2017       46.20       46.90       46.20       46.20          6118600.00
02/22/2017       44.90       47.30       44.35       46.00         22017301.00
02/21/2017       45.00       45.00       44.30       44.40          1298300.00
02/20/2017       44.45       45.05       44.45       44.90          7474000.00
02/17/2017       44.85       44.85       44.50       44.50           417800.00
02/16/2017       44.45       44.85       44.20       44.85           724100.00
02/15/2017       44.05       45.00       44.00       44.45          2010000.00
02/14/2017       44.00       44.45       43.90       44.05          1739200.00
02/13/2017       44.20       44.20       43.90       44.00          1699700.00
02/10/2017       44.20       44.50       44.15       44.20           445400.00
02/09/2017       44.65       44.75       44.00       44.20           117200.00
02/08/2017       44.80       45.50       44.55       44.65          3648300.00
02/07/2017       43.85       45.00       43.85       44.80          1629800.00
02/06/2017       44.00       44.00       43.50       43.85          1092600.00
02/03/2017       43.50       43.80       43.40       43.50          1183600.00
02/02/2017       43.35       44.05       43.00       43.00          4354600.00
02/01/2017       43.05       43.80       43.05       43.30           471200.00
01/31/2017       43.75       44.20       43.05       43.20          2218800.00
01/30/2017       44.25       44.75       43.10       43.75           475500.00
01/27/2017       44.25       45.00       44.25       44.25          1363500.00
01/26/2017       42.95       44.80       42.90       44.25          4108700.00
01/25/2017       43.00       43.15       42.00       42.00          1198900.00
01/24/2017       43.00       43.20       42.80       43.00          2216800.00
01/23/2017       41.90       43.50       41.90       43.00          2109300.00
01/20/2017       40.35       42.10       40.25       41.90          1542200.00
01/19/2017       40.00       40.05       39.50       39.50          1060800.00
01/18/2017       39.00       40.00       39.00       40.00          1362200.00
01/17/2017       40.10       40.15       39.00       39.00          3299200.00
01/16/2017       40.80       40.95       40.00       40.10           329500.00
01/13/2017       40.90       41.10       39.60       40.80          2496900.00
01/12/2017       41.30       41.30       40.40       40.90          1087400.00
01/11/2017       40.90       41.55       40.80       41.55           541600.00
01/10/2017       40.60       41.35       40.00       40.90          1791000.00
01/09/2017       41.00       41.00       40.50       40.85           421400.00
01/06/2017       40.20       41.20       39.90       41.00          1347400.00
01/05/2017       39.35       40.00       38.95       39.50          3660300.00
01/04/2017       38.85       39.50       38.85       39.30           991800.00
01/03/2017       39.50       39.50       38.50       38.85          1324100.00
12/29/2016       38.15       39.00       38.00       39.00          1070200.00
12/28/2016       37.80       38.15       37.40       38.00          1193800.00
12/27/2016       36.80       37.75       36.80       37.40           279200.00
12/23/2016       36.50       36.95       36.00       36.00           472700.00
12/22/2016       36.95       38.70       36.00       36.00          2742200.00
12/21/2016       36.50       37.80       36.50       36.95           633300.00
12/20/2016       37.75       37.90       36.80       37.05          2268500.00
12/19/2016       38.00       38.40       37.30       37.75          2107300.00
12/16/2016       39.00       39.05       38.00       38.00          1866700.00
12/15/2016       39.65       39.65       38.90       39.60           420400.00
12/14/2016       39.10       39.10       38.60       38.85           310000.00
12/13/2016       39.70       39.70       38.70       39.00          1023900.00
12/12/2016       39.90       39.90       39.00       39.70           154700.00
12/09/2016       38.75       39.05       38.70       39.00          1224200.00
12/08/2016       38.60       39.80       38.60       38.60          1327700.00
12/07/2016       38.70       39.00       38.50       38.50           314700.00
12/06/2016       39.50       39.50       38.50       38.50           590600.00
12/05/2016       39.80       39.80       38.80       39.00          1523800.00
12/02/2016       40.00       40.00       38.80       39.70          1402800.00
12/01/2016       39.10       40.00       39.10       40.00           376700.00
11/29/2016       39.10       39.40       38.95       39.05           307600.00
11/28/2016       39.30       39.95       39.10       39.95           126900.00
11/25/2016       38.90       40.00       38.90       39.30          1655200.00
11/24/2016       39.25       40.50       38.50       40.00          1586600.00
11/23/2016       39.55       40.00       39.50       39.50           329000.00
11/22/2016       40.00       40.00       39.50       39.50           460800.00
11/21/2016       40.20       40.20       39.90       40.00          2136600.00
11/18/2016       40.00       40.05       39.90       40.00          3904500.00
11/17/2016       39.80       40.50       39.50       39.80          4346000.00
11/16/2016       40.85       40.95       39.05       39.05          2870000.00
11/15/2016       41.60       41.60       40.45       40.90          2330100.00
11/14/2016       43.15       43.15       41.20       41.70          7365300.00
11/11/2016       43.00       43.50       42.00       43.10          2214300.00
11/10/2016       41.15       44.00       41.10       44.00          3795300.00
11/09/2016       41.25       41.50       40.45       41.15          1604700.00
11/08/2016       40.50       41.20       40.30       41.20          2349700.00
11/07/2016       40.55       40.60       39.95       39.95           698000.00
11/04/2016       39.25       40.00       39.25       39.40           898900.00
11/03/2016       39.85       39.85       39.10       39.25           787800.00
11/02/2016       40.75       40.75       39.85       39.85           832400.00
10/28/2016       42.00       42.00       40.75       40.75           994300.00
10/27/2016       42.05       42.05       41.50       42.00           648200.00
10/26/2016       43.00       43.00       42.05       42.05           199500.00
10/25/2016       43.30       43.30       42.00       43.05          1293900.00
10/24/2016       43.50       43.90       43.00       43.30           803000.00
10/21/2016       43.10       43.40       43.00       43.10          1680700.00
10/20/2016       42.80       43.10       42.60       43.10          2843800.00
10/19/2016       41.10       42.70       41.10       42.55          3250900.00
10/18/2016       40.90       41.30       40.75       41.00          2735300.00
10/17/2016       41.20       41.50       41.00       41.00           981200.00
10/14/2016       40.40       41.50       40.40       41.00           707500.00
10/13/2016       42.15       42.15       40.40       40.40           603200.00
10/12/2016       42.30       42.30       40.95       40.95          2085700.00
10/11/2016       41.70       43.00       41.70       42.20           205500.00
10/10/2016       42.00       42.00       41.65       41.70           358300.00
10/07/2016       42.35       42.65       41.75       42.00           316800.00
10/06/2016       42.75       43.50       42.65       42.65          1020400.00
10/05/2016       43.55       43.55       42.75       42.75          1035400.00
10/04/2016       43.15       43.50       43.15       43.50          1482400.00
10/03/2016       43.00       43.25       42.50       43.15           465200.00
09/30/2016       43.35       43.35       42.50       42.50          2029300.00
09/29/2016       41.90       43.40       41.90       43.35           443400.00
09/28/2016       43.00       43.50       41.65       41.65          2357400.00
09/27/2016       43.70       43.80       42.85       42.90           972600.00
09/26/2016       43.95       44.00       43.75       43.80          1799700.00
09/23/2016       44.00       44.15       43.95       43.95          2931600.00
09/22/2016       44.10       44.50       43.90       44.00          5844500.00
09/21/2016       44.00       44.50       44.00       44.05          1843500.00
09/20/2016       44.00       44.20       43.95       44.00          1029200.00
09/19/2016       44.95       44.95       43.90       44.00          4197100.00
09/16/2016       44.10       44.95       43.95       44.95          1591700.00
09/15/2016       43.95       44.85       43.80       44.10          1133400.00
09/14/2016       44.00       44.20       43.70       44.00          4504500.00
09/13/2016       44.00       44.45       43.70       44.00          2844600.00
09/09/2016       44.10       44.10       43.90       44.00          4556000.00
09/08/2016       44.85       44.85       43.90       44.20          5790200.00
09/07/2016       45.00       45.00       44.50       44.85          2094200.00
09/06/2016       45.15       45.15       44.70       44.95           528200.00
09/05/2016       44.55       45.60       44.55       45.15          1298900.00
09/02/2016       44.50       44.60       44.25       44.50          1144600.00
09/01/2016       44.95       45.00       44.50       44.60           622600.00
08/31/2016       44.95       45.50       44.85       44.90          1029700.00
08/30/2016       44.90       45.30       44.90       45.00          1260400.00
08/26/2016       44.80       45.00       44.80       44.90         11673600.00
08/25/2016       45.10       45.30       44.90       45.10          3407200.00
08/24/2016       45.25       45.35       45.00       45.15          3000200.00
08/23/2016       45.75       45.75       45.10       45.20          2527800.00
08/22/2016       45.50       45.85       45.50       45.60          4791200.00
08/19/2016       45.90       46.00       45.25       45.40           749000.00
08/18/2016       46.10       46.50       45.00       45.00          3072100.00
08/17/2016       44.70       46.40       44.70       46.00          1371600.00
08/16/2016       44.45       45.50       44.40       44.70          1484200.00
08/15/2016       44.90       45.40       44.20       44.35          1783200.00
08/12/2016       45.35       46.00       44.10       44.10          4259200.00
08/11/2016       47.80       48.00       44.85       45.20          5939800.00
08/10/2016       48.30       48.45       47.80       47.90           779700.00
08/09/2016       48.70       48.70       48.05       48.30           977200.00
08/08/2016       47.25       49.25       47.25       48.75          1508400.00
08/05/2016       47.00       47.40       47.00       47.20          1016600.00
08/04/2016       46.75       48.20       46.70       47.50           665800.00
08/03/2016       47.85       47.85       46.75       46.75          1266300.00
08/02/2016       48.20       48.80       47.75       48.00           810200.00
08/01/2016       48.85       48.85       47.80       48.00          2130100.00
07/29/2016       48.35       48.35       47.00       48.00          3991400.00
07/28/2016       48.55       48.70       47.00       48.35          1654500.00
07/27/2016       48.25       48.65       48.20       48.50          1625600.00
07/26/2016       49.00       49.20       48.00       48.20          2454500.00
07/25/2016       48.60       49.80       48.55       49.20          3147600.00
07/22/2016       48.10       48.75       48.05       48.55          6652200.00
07/21/2016       47.90       48.75       47.75       48.10          3313400.00
07/20/2016       46.20       47.85       46.20       47.85          4127000.00
07/19/2016       45.90       46.80       45.60       46.20          4803100.00
07/18/2016       45.90       45.90       45.50       45.90          1361500.00
07/15/2016       46.40       46.85       45.10       45.95          1832500.00
07/14/2016       46.60       46.70       45.35       46.00          1464700.00
07/13/2016       46.20       46.85       46.00       46.60          3742000.00
07/12/2016       45.60       46.35       45.60       46.20          4846700.00
07/11/2016       45.00       45.65       44.95       45.55          2819100.00
07/08/2016       44.40       45.50       44.40       44.90          3808800.00
07/07/2016       42.80       45.00       42.70       44.35          6565200.00
07/05/2016       42.50       43.00       42.10       42.80           707900.00
07/04/2016       42.80       42.80       42.50       42.65           708000.00
07/01/2016       42.15       43.15       42.15       42.50          2026400.00
06/30/2016       42.00       42.60       42.00       42.15          1931000.00
06/29/2016       41.90       42.20       41.45       42.00          2244700.00
06/28/2016       42.45       42.45       41.65       41.90          1568400.00
06/27/2016       41.50       41.85       40.30       41.85          1033900.00
06/24/2016       42.50       42.50       40.95       41.50          2486600.00
06/23/2016       43.00       43.00       42.25       42.50          2679600.00
06/22/2016       42.75       43.00       41.75       43.00          3000300.00
06/21/2016       42.80       42.95       42.60       42.75          2809400.00
06/20/2016       43.00       43.10       41.65       42.60          1537100.00
06/17/2016       41.45       43.40       41.35       43.40          2173300.00
06/16/2016       41.10       41.85       41.10       41.35          1554200.00
06/15/2016       41.30       41.90       41.00       41.00          1535900.00
06/14/2016       42.05       42.05       40.90       41.30          1503100.00
06/13/2016       42.30       42.50       41.00       42.10          4199200.00
06/10/2016       43.00       43.15       42.10       42.30         17936900.00
06/09/2016       42.85       42.95       42.25       42.40          1835400.00
06/08/2016       42.65       43.15       42.10       43.15          4718800.00
06/07/2016       42.60       42.90       42.10       42.70          3982700.00
06/06/2016       42.05       42.65       41.95       42.55          1852400.00
06/03/2016       42.00       42.10       41.90       42.05          2270900.00
06/02/2016       41.95       42.10       41.90       42.00           891800.00
06/01/2016       42.00       42.10       41.50       41.90          4644800.00
05/31/2016       42.20       42.20       41.50       42.00           329400.00
05/30/2016       41.95       42.20       41.80       42.20           424200.00
05/27/2016       41.40       41.95       40.90       41.95          1761900.00
05/26/2016       41.95       42.00       41.05       41.50          2927900.00
05/25/2016       41.70       42.00       41.55       41.90          4391400.00
05/24/2016       40.50       41.55       40.50       41.55           416700.00
05/23/2016       41.65       41.70       40.50       40.50          2950000.00
05/20/2016       41.85       41.90       41.65       41.70           910600.00
05/19/2016       41.85       42.00       41.65       41.90          4747900.00
05/18/2016       41.95       42.00       41.65       41.80          7032800.00
05/17/2016       42.00       42.30       41.80       41.95          4549300.00
05/16/2016       42.00       42.20       42.00       42.00          6008800.00
05/13/2016       42.00       42.60       41.90       42.10          8529400.00
05/12/2016       42.50       42.55       42.00       42.10          7653500.00
05/11/2016       41.00       42.90       41.00       42.90         10896300.00
05/10/2016       39.90       41.45       39.55       41.00          4510300.00
05/06/2016       39.10       40.00       38.50       39.95          4561400.00
05/05/2016       38.20       39.65       38.20       39.10          4501400.00
05/04/2016       39.10       39.10       38.00       38.10          4592800.00
05/03/2016       39.20       39.80       38.70       39.30          1336800.00
05/02/2016       40.15       40.15       38.50       39.25          1426400.00
04/29/2016       40.80       40.80       40.10       40.20          5030000.00
04/28/2016       40.50       41.20       40.35       40.80          2103500.00
04/27/2016       40.50       41.20       40.25       41.00          5286900.00
04/26/2016       40.85       41.00       40.25       40.55          3334900.00
04/25/2016       41.30       41.30       40.00       40.40          2534600.00
04/22/2016       41.20       41.80       40.85       41.30          1537000.00
04/21/2016       41.55       41.70       40.00       41.20          4106100.00
04/20/2016       41.00       42.00       40.95       41.50          4744800.00
04/19/2016       40.30       41.00       40.30       40.75          5095100.00
04/18/2016       40.05       40.50       39.50       40.30          5788100.00
04/15/2016       41.00       41.15       40.05       40.05          4409000.00
04/14/2016       39.40       41.00       39.20       41.00          9240800.00
04/13/2016       39.70       39.75       38.80       39.40          2382900.00
04/12/2016       39.45       40.00       39.00       39.70          3694300.00
04/11/2016       39.00       39.90       38.40       39.50          4584500.00
04/08/2016       37.20       39.15       36.95       39.10          5282000.00
04/07/2016       37.10       37.45       37.00       37.20          1327100.00
04/06/2016       37.05       37.10       36.80       37.00          4530900.00
04/05/2016       36.35       37.30       36.30       37.00          9028800.00
04/04/2016       36.30       36.55       36.00       36.35          2191600.00
04/01/2016       36.60       36.60       36.35       36.45           520400.00
03/31/2016       36.70       36.80       36.25       36.40          1535500.00
03/30/2016       37.00       37.20       36.70       36.90          1722100.00
03/29/2016       37.00       37.20       36.70       37.00          2496800.00
03/28/2016       37.00       37.05       36.90       36.95          2236800.00
03/23/2016       36.30       37.50       35.85       37.00          1793300.00
03/22/2016       37.00       37.10       36.00       36.40          1181500.00
03/21/2016       37.70       37.70       36.00       37.00          2055200.00
03/18/2016       37.55       37.80       37.55       37.65          3659300.00
03/17/2016       36.40       37.60       36.40       37.55          4206100.00
03/16/2016       37.05       37.05       36.20       36.40          2050200.00
03/15/2016       37.60       37.65       36.85       37.05          3938700.00
03/14/2016       37.00       37.75       37.00       37.60          4911500.00
03/11/2016       36.00       36.95       35.95       36.95          3771800.00
03/10/2016       35.30       36.20       35.30       35.95          6571300.00
03/09/2016       34.00       35.20       33.85       35.00          7279000.00
03/08/2016       34.00       34.00       33.70       34.00           531400.00
03/07/2016       33.90       34.40       33.80       33.90          1310400.00
03/04/2016       33.50       34.00       33.40       33.80          5365400.00
03/03/2016       33.40       34.00       33.30       33.30          1821900.00
03/02/2016       34.15       34.20       33.35       33.35          2218600.00
03/01/2016       34.00       34.00       33.80       34.00          5928900.00
02/29/2016       34.00       34.10       33.70       34.00          2144100.00
02/26/2016       33.60       34.10       33.60       33.75          2018300.00
02/24/2016       34.20       34.30       33.60       33.60          3723500.00
02/23/2016       34.15       34.50       34.15       34.20          1222700.00
02/22/2016       34.15       34.25       34.10       34.15           651600.00
02/19/2016       34.50       34.50       33.90       34.10          1125900.00
02/18/2016       34.30       34.70       34.30       34.50          3381600.00
02/17/2016       33.80       34.40       33.80       34.20          6973800.00
02/16/2016       33.30       33.80       33.30       33.70           182800.00
02/15/2016       33.20       33.70       33.20       33.30           960900.00
02/12/2016       33.30       33.40       33.15       33.15           572500.00
02/11/2016       33.30       33.85       33.20       33.30           641600.00
02/10/2016       33.05       33.35       33.05       33.15          2585200.00
02/09/2016       33.50       33.65       33.10       33.40           556400.00
02/05/2016       33.95       33.95       33.30       33.85          1487900.00
02/04/2016       33.50       33.95       33.50       33.65           414400.00
02/03/2016       33.80       33.80       33.00       33.50          1036000.00
02/02/2016       33.80       33.95       33.80       33.85          1198800.00
02/01/2016       33.75       33.85       33.50       33.80          1686800.00
01/29/2016       33.20       33.75       33.00       33.00          1485000.00
01/28/2016       33.60       33.60       32.80       33.10           953600.00
01/27/2016       33.20       33.70       33.20       33.60           963000.00
01/26/2016       33.05       33.10       32.70       33.05          1032300.00
01/25/2016       33.00       33.30       32.90       33.05           521000.00
01/22/2016       33.45       33.80       32.80       32.85           446900.00
01/21/2016       33.70       33.70       33.35       33.50          1545100.00
01/20/2016       33.35       34.30       33.35       33.70          1065500.00
01/19/2016       32.30       33.50       32.30       33.35           368000.00
01/18/2016       31.00       33.50       31.00       32.30          2166300.00
01/15/2016       31.90       32.10       31.90       31.95           809800.00
01/14/2016       32.00       32.00       31.80       31.80           645900.00
01/13/2016       31.35       32.20       31.35       32.00          1362700.00
01/12/2016       30.50       32.00       30.50       30.75          1929200.00
01/11/2016       32.80       33.00       30.40       30.50          4166200.00
01/08/2016       33.30       33.30       32.80       33.00          2274400.00
01/07/2016       33.70       33.75       33.40       33.45          1355600.00
01/06/2016       33.70       33.80       33.60       33.65           776500.00
01/05/2016       34.10       34.10       33.50       33.80           399900.00
01/04/2016       34.70       34.70       34.20       34.20           898300.00
12/29/2015       34.55       34.70       34.35       34.70          1771300.00
12/28/2015       34.70       34.70       34.20       34.30          1140300.00
12/23/2015       34.30       34.70       34.00       34.70          1332500.00
12/22/2015       34.30       34.35       34.00       34.30           886200.00
12/21/2015       34.30       34.45       34.20       34.30           765100.00
12/18/2015       34.25       34.40       34.00       34.20           813100.00
12/17/2015       33.55       34.40       33.55       34.25          1541600.00
12/16/2015       33.60       33.65       33.45       33.55          1064700.00
12/15/2015       33.55       33.90       33.40       33.45           324000.00
12/14/2015       33.75       33.75       33.10       33.40           562300.00
12/11/2015       34.00       34.10       33.60       33.75           150900.00
12/10/2015       33.95       34.00       33.90       34.00          9728800.00
12/09/2015       34.00       34.10       33.90       34.00          3288600.00
12/08/2015       33.85       34.25       33.35       34.00          1967800.00
12/07/2015       33.20       34.70       33.20       33.85          1210800.00
12/04/2015       34.00       34.00       33.20       33.30          4906500.00
12/03/2015       34.35       34.50       33.30       33.30            94100.00
12/02/2015       34.70       34.70       34.20       34.20           110600.00
12/01/2015       34.70       34.95       34.65       34.70         10807100.00
11/27/2015       34.75       34.75       34.20       34.40           189600.00
11/26/2015       34.70       34.80       34.40       34.55          2819800.00
11/25/2015       34.30       34.70       34.25       34.55          3919100.00
11/24/2015       34.10       34.40       34.00       34.30           457000.00
11/23/2015       32.75       34.50       32.75       34.05          4569300.00
11/20/2015       32.05       33.00       32.05       32.55          1373600.00
11/17/2015       31.30       32.05       31.20       31.75          4036700.00
11/16/2015       31.80       32.00       31.25       31.30          1471800.00
11/13/2015       33.05       33.15       31.25       31.25          2138400.00
11/12/2015       33.90       33.90       33.00       33.10          2104900.00
11/11/2015       34.50       34.65       34.00       34.00          1058700.00
11/10/2015       34.65       34.65       34.00       34.50           168100.00
11/09/2015       35.10       35.15       34.30       34.75          1188400.00
11/06/2015       35.40       35.40       35.00       35.15          2156600.00
11/05/2015       36.00       36.00       35.10       35.10          1761300.00
11/04/2015       36.50       36.50       35.85       36.00          1069800.00
11/03/2015       36.00       36.20       35.85       35.90          4409700.00
11/02/2015       36.00       36.25       36.00       36.05          2271200.00
10/30/2015       35.95       36.05       35.90       36.00          2371900.00
10/29/2015       36.00       36.10       35.90       35.95          2213600.00
10/28/2015       36.25       36.25       35.90       36.00          1470900.00
10/27/2015       36.30       36.50       35.80       36.20           562800.00
10/26/2015       36.20       36.50       36.10       36.25          4840600.00
10/23/2015       35.90       36.25       35.90       35.95          2657200.00
10/22/2015       35.20       36.00       34.90       35.95          1066900.00
10/21/2015       35.00       35.50       35.00       35.15          5422400.00
10/20/2015       33.55       35.50       33.55       34.80          4280000.00
10/19/2015       33.40       33.65       33.30       33.55          2891200.00
10/16/2015       33.50       33.75       32.80       32.80          1686200.00
10/15/2015       33.45       33.70       33.30       33.40          2386000.00
10/14/2015       33.40       33.55       32.90       33.40          2076600.00
10/13/2015       33.20       33.50       33.15       33.45          1298000.00
10/12/2015       32.80       33.20       32.65       33.10           694400.00
10/09/2015       32.50       32.80       32.50       32.65          1693300.00
10/08/2015       32.30       32.65       32.15       32.30          2351200.00
10/07/2015       32.30       32.50       32.00       32.00          1603700.00
10/06/2015       31.80       32.40       31.80       32.05          1997500.00
10/05/2015       31.65       32.00       31.60       31.70           490000.00
10/02/2015       31.30       31.80       31.30       31.50           785700.00
10/01/2015       31.00       31.45       31.00       31.15          1531800.00
09/30/2015       31.60       31.70       31.00       31.00          1713900.00
09/29/2015       31.50       31.70       31.10       31.50           602700.00
09/28/2015       31.20       32.00       31.20       31.50           595900.00
09/24/2015       31.00       31.10       30.60       30.80          1377200.00
09/23/2015       31.20       31.65       30.50       30.80          1830900.00
09/22/2015       31.60       31.90       31.30       31.30          1960000.00
09/21/2015       31.85       31.90       31.55       31.80           320500.00
09/18/2015       32.15       32.20       31.65       31.65          1113900.00
09/17/2015       32.15       32.30       31.90       32.00          3921500.00
09/16/2015       32.50       32.50       32.00       32.15           520300.00
09/15/2015       32.20       32.45       31.75       31.95          2331200.00
09/14/2015       32.00       32.00       31.30       32.00          2029300.00
09/11/2015       31.60       32.00       31.20       31.30          3053100.00
09/10/2015       31.70       31.95       31.05       31.10          2144300.00
09/09/2015       32.90       33.00       31.60       31.70          4127400.00
09/08/2015       32.70       32.90       32.30       32.60          3713400.00
09/07/2015       32.85       32.85       31.70       32.00          2081600.00
09/04/2015       32.75       32.90       32.30       32.40          2605400.00
09/03/2015       31.90       32.60       31.90       32.50          1439100.00
09/02/2015       31.50       31.90       30.90       31.50           868000.00
09/01/2015       32.05       32.20       31.60       32.00          2986100.00
08/28/2015       32.00       32.40       31.50       31.70          1977600.00
08/27/2015       31.40       32.20       31.05       31.30          2698000.00
08/26/2015       31.10       32.00       30.50       30.70          4384300.00
08/25/2015       30.00       31.50       30.00       30.60          2711800.00
08/24/2015       33.10       33.10       29.80       30.00          8270000.00
08/20/2015       34.05       34.30       33.90       33.95          1590000.00
08/19/2015       34.05       34.20       33.80       34.00          3479600.00
08/18/2015       35.35       35.60       34.20       34.20          2805700.00
08/17/2015       36.35       36.40       35.50       35.50          1061600.00
08/14/2015       36.50       37.00       36.00       36.35           724400.00
08/13/2015       37.50       37.70       36.40       36.50          1869100.00
08/12/2015       37.85       38.10       37.05       37.75          4005000.00
08/11/2015       37.80       37.90       37.20       37.85          1340200.00
08/10/2015       37.90       38.05       37.40       37.75          1123100.00
08/07/2015       38.40       38.40       37.30       37.85           843000.00
08/06/2015       38.00       38.35       38.00       38.00          3827900.00
08/05/2015       36.95       38.35       36.95       38.00          4634300.00
08/04/2015       36.90       36.95       36.80       36.85           677900.00
08/03/2015       37.05       37.30       36.80       36.90          1526200.00
07/31/2015       37.30       37.35       36.90       37.00          1415000.00
07/30/2015       37.35       37.65       37.15       37.30          3090200.00
07/29/2015       37.15       37.60       37.15       37.35          1846000.00
07/28/2015       37.70       37.70       37.05       37.10          1167500.00
07/27/2015       37.05       37.85       37.05       37.50          1829400.00
07/24/2015       37.80       37.80       37.00       37.50           712200.00
07/23/2015       36.50       37.90       36.40       37.80          2148400.00
07/22/2015       36.50       36.50       36.10       36.20          2981900.00
07/21/2015       36.00       36.25       35.90       36.00          2072500.00
07/20/2015       36.00       36.20       35.90       36.00           958200.00
07/16/2015       35.75       36.00       35.75       35.80          2682500.00
07/15/2015       36.00       36.90       35.50       35.50          3691300.00
07/14/2015       36.05       36.90       36.00       36.00          2264300.00
07/13/2015       36.00       36.00       35.85       36.00          2157200.00
07/10/2015       36.05       36.15       35.80       36.00          2692000.00
07/09/2015       35.90       36.15       35.50       36.00          1611900.00
07/08/2015       36.50       36.50       36.00       36.00          3738500.00
07/07/2015       36.50       36.55       36.30       36.50           895600.00
07/06/2015       37.00       37.10       36.50       36.50           166500.00
07/03/2015       37.20       37.25       36.95       37.05            67300.00
07/02/2015       37.00       37.35       37.00       37.20           229200.00
07/01/2015       37.00       37.20       36.80       37.00           392000.00
06/30/2015       37.00       37.15       36.85       37.00          3595000.00
06/29/2015       37.15       37.20       36.50       37.00          1914000.00
06/26/2015       36.60       37.15       36.60       37.15          1276100.00
06/25/2015       37.20       37.25       36.50       36.50          1591900.00
06/24/2015       37.10       37.50       37.00       37.20           621400.00
06/23/2015       38.00       38.40       36.90       37.10          2707300.00
06/22/2015       38.35       38.35       37.40       38.00          2180700.00
06/19/2015       38.00       38.25       37.90       38.00          5200900.00
06/18/2015       37.80       38.30       37.80       38.05          4062000.00
06/17/2015       37.50       37.85       37.50       37.80          3915200.00
06/16/2015       37.45       37.80       36.95       37.50          1223700.00
06/15/2015       37.05       37.05       36.80       36.95          4921100.00
06/11/2015       36.30       37.50       36.30       37.00          2920200.00
06/10/2015       35.75       36.40       35.75       36.25           412300.00
06/09/2015       37.80       37.90       35.80       35.90          3138700.00
06/08/2015       38.00       38.00       37.80       37.90           292900.00
06/05/2015       38.00       38.10       37.95       38.00          1227800.00
06/04/2015       37.95       38.40       37.80       38.00          2871700.00
06/03/2015       38.60       38.60       37.10       37.25          3263000.00
06/02/2015       38.80       38.80       38.40       38.65          1760800.00
06/01/2015       38.50       38.95       38.00       38.80           299400.00
05/29/2015       38.40       38.40       37.95       38.00          3182600.00
05/28/2015       37.65       38.50       37.60       38.40          1433300.00
05/27/2015       38.35       38.35       37.30       37.90          3870600.00
05/26/2015       38.75       38.80       38.25       38.35          2101800.00
05/25/2015       39.00       39.70       38.75       38.75          1377100.00
05/22/2015       39.75       39.75       38.85       39.00          3344300.00
05/21/2015       39.70       40.60       39.65       39.65          3737200.00
05/20/2015       40.50       40.50       39.70       39.70          4736800.00
05/19/2015       40.90       40.90       40.20       40.50           934800.00
05/18/2015       39.95       41.00       39.95       40.90          4796300.00
05/15/2015       39.65       39.95       39.55       39.85           919400.00
05/14/2015       39.70       40.00       39.50       39.95          2133400.00
05/13/2015       39.45       39.90       39.45       39.65           156400.00
05/12/2015       39.00       40.00       39.00       39.45          3453700.00
05/11/2015       39.60       39.60       38.90       38.95          4071000.00
05/08/2015       39.80       39.95       39.55       39.55          1909500.00
05/07/2015       40.55       40.55       39.50       39.90          3941000.00
05/06/2015       40.30       41.10       39.85       40.90          4291800.00
05/05/2015       39.35       41.10       39.35       40.30          4842900.00
05/04/2015       39.70       39.80       39.20       39.20          2193100.00
04/30/2015       40.25       40.50       39.70       39.70          3967500.00
04/29/2015       40.45       40.45       40.20       40.25          2396900.00
04/28/2015       40.50       40.85       40.20       40.60           871100.00
04/27/2015       40.35       41.00       40.25       40.50          2484600.00
04/24/2015       39.90       40.50       39.50       40.10          3644700.00
04/23/2015       39.50       39.70       39.00       39.50          1047000.00
04/22/2015       39.50       39.50       39.20       39.45           406100.00
04/21/2015       39.00       39.30       39.00       39.30          1996800.00
04/20/2015       39.95       39.95       38.70       39.00          5508500.00
04/17/2015       40.05       40.65       39.30       39.30          1783800.00
04/16/2015       39.50       40.20       39.25       40.05          2140500.00
04/15/2015       39.50       39.50       38.80       39.05          2614600.00
04/14/2015       40.00       40.50       39.45       39.50          2552100.00
04/13/2015       40.95       40.95       39.85       39.95          2632700.00
04/10/2015       40.80       41.50       40.60       40.95          1566500.00
04/08/2015       41.50       41.60       40.60       40.80           812000.00
04/07/2015       41.40       41.50       40.50       41.50          1357000.00
04/06/2015       41.40       42.00       41.35       41.45          2773900.00
04/01/2015       41.60       41.70       41.30       41.40          1509700.00
03/31/2015       41.45       42.00       40.70       41.55          2477000.00
03/30/2015       41.00       41.70       41.00       41.45          2367200.00
03/27/2015       41.40       41.75       40.10       41.00          1078100.00
03/26/2015       40.40       41.95       40.40       41.40          2425800.00
03/25/2015       39.85       40.85       39.85       40.50          4134700.00
03/24/2015       40.40       40.40       39.80       40.05          5312500.00
03/23/2015       40.50       40.70       39.90       40.20          2195000.00
03/20/2015       40.10       40.85       40.05       40.20          1843400.00
03/19/2015       40.15       40.70       39.85       40.10          5494600.00
03/18/2015       40.75       40.90       39.85       40.20          1688700.00
03/17/2015       41.00       41.00       40.10       40.75          1311600.00
03/16/2015       41.55       41.55       41.00       41.00          1453900.00
03/13/2015       41.50       42.00       41.50       41.75          1981500.00
03/12/2015       41.30       41.50       40.90       41.00          5667500.00
03/11/2015       41.80       42.00       41.10       41.20          3916500.00
03/10/2015       41.15       42.00       41.10       42.00          6398600.00
03/09/2015       40.75       40.75       39.65       40.70          1677100.00
03/06/2015       41.00       41.00       40.30       40.80          1106700.00
03/05/2015       41.15       41.20       40.50       41.00          1664500.00
03/04/2015       40.45       41.20       40.45       41.15          3344400.00
03/03/2015       39.25       40.45       39.25       40.45          4999900.00
03/02/2015       39.60       39.90       38.80       39.35         10736400.00
02/27/2015       39.00       39.75       38.00       39.40          6901200.00
02/26/2015       39.80       39.85       38.70       38.70          7991800.00
02/25/2015       40.35       40.55       39.20       39.90          9735300.00
02/24/2015       41.25       41.25       40.10       40.35          6808700.00
02/23/2015       41.70       41.70       41.25       41.25          1227700.00
02/20/2015       41.80       41.95       41.70       41.80          1751600.00
02/18/2015       41.80       41.85       41.70       41.80           894000.00
02/17/2015       41.80       41.85       41.70       41.80          1057600.00
02/16/2015       42.00       42.35       41.70       41.80          2855100.00
02/13/2015       41.90       42.60       41.90       42.35          1634400.00
02/12/2015       42.40       42.40       41.80       41.85          2556300.00
02/11/2015       42.65       42.85       42.30       42.45          1381000.00
02/10/2015       43.00       43.30       42.35       42.70          1172200.00
02/09/2015       42.75       43.20       42.15       42.80          1851300.00
02/06/2015       42.05       43.00       42.05       42.75          1408800.00
02/05/2015       42.30       43.20       41.90       42.00          6176800.00
02/04/2015       42.00       42.35       41.70       41.95          4673800.00
02/03/2015       41.50       41.95       41.45       41.80          1061200.00
02/02/2015       42.00       42.20       41.20       41.50          1306100.00
01/30/2015       41.20       42.55       41.20       42.00          6937800.00
01/29/2015       41.20       42.00       40.85       41.20          1764200.00
01/28/2015       41.10       42.10       40.80       41.20          2468100.00
01/27/2015       39.70       41.50       39.70       41.10          2899600.00
01/26/2015       40.50       40.50       39.30       40.00          2545100.00
01/23/2015       40.00       40.90       40.00       40.00          4821200.00
01/22/2015       39.90       40.20       39.50       39.50          7888500.00
01/21/2015       40.55       41.00       39.80       39.90          8082600.00
01/20/2015       41.35       42.00       40.40       40.50          8611700.00
01/19/2015       42.50       42.50       41.15       41.50          1292100.00
01/14/2015       43.00       43.95       42.75       42.80          4870200.00
01/13/2015       42.00       43.50       41.75       43.00          4164200.00
01/12/2015       42.00       42.05       41.10       42.00          1108900.00
01/09/2015       41.40       42.50       41.25       42.00          9464600.00
01/08/2015       40.20       41.40       40.10       41.40          6824000.00
01/07/2015       38.55       41.10       38.00       40.00          5637800.00
01/06/2015       38.50       38.70       37.70       38.55          2394800.00
01/05/2015       38.55       39.10       38.55       38.95           822600.00
