RLC  1216

12/27/2019       27.20       28.15       27.20       27.55          2038200.00
12/26/2019       27.80       27.95       27.10       27.20           823600.00
12/23/2019       27.40       28.75       27.30       27.80          2860800.00
12/20/2019       27.00       27.50       26.15       27.50          5559400.00
12/19/2019       27.00       27.40       26.80       27.00          1791200.00
12/18/2019       26.95       27.00       26.10       27.00          1826900.00
12/17/2019       26.20       27.00       25.70       27.00          2076600.00
12/16/2019       26.80       26.90       26.20       26.20          1038600.00
12/13/2019       26.65       26.95       26.50       26.80          2142200.00
12/12/2019       26.00       26.60       26.00       26.50          1961000.00
12/11/2019       25.50       26.60       25.30       26.60          2329200.00
12/10/2019       25.50       25.90       25.15       25.90          1214200.00
12/09/2019       25.90       25.90       25.45       25.50           538800.00
12/06/2019       25.55       25.80       25.15       25.80           455800.00
12/05/2019       25.30       25.80       25.30       25.70          1130000.00
12/04/2019       25.50       25.80       24.60       25.30          2845500.00
12/03/2019       26.00       26.15       25.40       25.40          1911200.00
12/02/2019       26.00       26.20       25.90       26.00           840000.00
11/29/2019       25.90       26.30       25.85       26.20          1727700.00
11/28/2019       26.85       26.85       25.75       26.20           445200.00
11/27/2019       26.35       27.00       26.25       26.50          2212100.00
11/26/2019       25.90       27.10       25.90       27.10          6638600.00
11/25/2019       26.50       26.50       25.75       26.20          1573700.00
11/22/2019       25.25       26.50       25.25       26.50          4167500.00
11/21/2019       25.50       25.85       25.25       25.65          1868600.00
11/20/2019       26.00       26.00       25.25       25.60          1357600.00
11/19/2019       26.00       26.05       25.80       26.00           959900.00
11/18/2019       26.50       26.50       25.80       26.00           574800.00
11/15/2019       26.25       26.55       25.60       26.55         17293600.00
11/14/2019       25.80       26.45       25.25       26.45          1245800.00
11/13/2019       26.20       26.20       25.30       25.80           571000.00
11/12/2019       26.05       26.40       25.15       26.35           956900.00
11/11/2019       26.25       26.80       26.20       26.20           319700.00
11/08/2019       26.30       26.70       26.05       26.70          1343400.00
11/07/2019       27.00       27.00       26.00       26.50           825600.00
11/06/2019       27.00       27.00       26.15       26.30          2596200.00
11/05/2019       26.50       27.00       26.10       27.00          1926000.00
11/04/2019       25.50       26.40       25.50       26.40           614300.00
10/31/2019       25.30       25.80       25.20       25.45          1525400.00
10/30/2019       25.80       25.80       25.15       25.50          1088400.00
10/29/2019       25.90       26.20       25.80       25.80          4257100.00
10/28/2019       25.80       25.95       25.15       25.95          1608200.00
10/25/2019       26.00       26.00       25.65       25.75           873700.00
10/24/2019       25.70       25.85       25.50       25.80          1223500.00
10/23/2019       25.55       25.70       25.50       25.70           788000.00
10/22/2019       25.50       25.80       25.30       25.60          3326100.00
10/21/2019       25.50       25.60       25.20       25.60           756300.00
10/18/2019       24.90       25.50       24.90       25.50          1915900.00
10/17/2019       25.55       25.55       24.95       24.95          1230000.00
10/16/2019       25.50       25.60       25.15       25.55          2014400.00
10/15/2019       25.45       25.55       25.40       25.50          2797700.00
10/14/2019       25.40       25.50       25.10       25.45           937100.00
10/11/2019       25.50       25.50       24.90       25.35          1439400.00
10/10/2019       24.55       25.50       24.55       25.50          5659500.00
10/09/2019       24.60       24.65       24.30       24.55          2506200.00
10/08/2019       24.50       25.05       24.15       24.60          5882000.00
10/07/2019       24.50       24.50       24.05       24.50          2702800.00
10/04/2019       23.95       24.60       23.95       24.40          2665400.00
10/03/2019       24.05       24.35       23.80       23.80          2530800.00
10/02/2019       24.60       24.75       24.00       24.50          1389200.00
10/01/2019       24.50       24.85       24.10       24.55           767800.00
09/30/2019       24.15       24.90       24.05       24.50          1007900.00
09/27/2019       24.50       24.50       24.05       24.05          1771900.00
09/26/2019       24.60       24.80       24.15       24.50          2080100.00
09/25/2019       24.80       25.05       24.00       24.60           995400.00
09/24/2019       24.95       25.05       24.80       24.80           589600.00
09/23/2019       25.00       25.25       25.00       25.05           734200.00
09/20/2019       25.00       25.20       25.00       25.05          2479800.00
09/19/2019       24.95       25.20       24.95       25.10           917800.00
09/18/2019       25.00       25.20       24.85       25.00          1889000.00
09/17/2019       25.30       25.30       25.00       25.20          2574000.00
09/16/2019       25.10       25.45       25.10       25.30          2748500.00
09/13/2019       25.15       25.50       25.15       25.40          1352700.00
09/12/2019       25.35       25.50       25.10       25.50           940300.00
09/11/2019       25.25       25.35       25.10       25.20          3382400.00
09/10/2019       25.40       25.40       25.05       25.20           969500.00
09/09/2019       24.75       25.75       24.65       25.40          3750400.00
09/06/2019       24.75       25.35       24.60       25.00          2539100.00
09/05/2019       25.45       25.50       24.30       24.30          2309300.00
09/04/2019       24.55       25.40       24.55       25.30          1054000.00
09/03/2019       25.40       25.75       24.30       24.30          1282400.00
09/02/2019       25.00       25.35       25.00       25.35          1956400.00
08/30/2019       25.00       25.90       25.00       25.00          4199500.00
08/29/2019       25.20       25.20       24.80       25.10          3957200.00
08/28/2019       24.50       25.20       24.05       25.20          2513200.00
08/27/2019       24.60       24.60       23.90       24.45          5448400.00
08/23/2019       23.90       24.85       23.85       24.60          4086700.00
08/22/2019       24.55       24.70       23.85       24.05          6927900.00
08/20/2019       24.75       24.80       24.50       24.70          3377800.00
08/19/2019       25.00       25.05       24.20       24.80          2518500.00
08/16/2019       24.40       25.10       24.10       24.90          2685500.00
08/15/2019       24.00       24.60       23.75       24.15          3183400.00
08/14/2019       25.05       25.10       24.00       24.45          2346700.00
08/13/2019       24.90       25.00       23.75       25.00          4107400.00
08/09/2019       25.30       26.00       25.00       25.00          2088000.00
08/08/2019       25.50       26.05       25.30       25.30          2982200.00
08/07/2019       25.90       26.45       25.35       25.45          2014000.00
08/06/2019       26.00       26.10       25.35       25.95          5775800.00
08/05/2019       26.60       26.65       26.00       26.00          1446900.00
08/02/2019       26.55       26.70       26.30       26.60          2228600.00
08/01/2019       27.35       27.35       26.60       26.70          2709900.00
07/31/2019       27.50       27.50       27.05       27.35          1682400.00
07/30/2019       27.80       27.80       27.20       27.50          2068700.00
07/29/2019       28.00       28.00       27.10       27.80          1333700.00
07/26/2019       27.90       28.10       27.55       28.00          5594300.00
07/25/2019       27.15       28.00       27.10       27.90          4536600.00
07/24/2019       28.00       28.10       26.95       27.00          2148700.00
07/23/2019       27.80       28.35       27.75       28.00          4253100.00
07/22/2019       26.85       27.75       26.75       27.50          7465500.00
07/19/2019       27.00       27.75       26.95       27.20          2066900.00
07/18/2019       26.40       27.10       26.30       27.00          1278900.00
07/17/2019       27.00       27.90       26.35       26.40          3891500.00
07/16/2019       27.50       28.10       27.00       27.00          3757800.00
07/15/2019       27.50       27.50       27.05       27.50          1037500.00
07/12/2019       27.00       27.50       26.80       27.50          6117500.00
07/11/2019       26.25       27.20       26.25       27.00          1297100.00
07/10/2019       26.60       26.70       25.95       26.65          1881400.00
07/09/2019       26.50       26.80       26.40       26.50          1872500.00
07/08/2019       26.80       26.80       26.30       26.60           762700.00
07/05/2019       26.50       27.20       26.10       27.00          2866300.00
07/04/2019       26.25       26.75       26.10       26.50          3007500.00
07/03/2019       26.10       26.90       26.10       26.70          3559400.00
07/02/2019       26.10       26.75       26.05       26.50          1770300.00
07/01/2019       25.85       26.40       25.85       26.40          1171600.00
06/28/2019       26.45       26.45       25.65       26.35           809900.00
06/27/2019       26.05       26.45       26.05       26.45          1492300.00
06/26/2019       26.00       26.50       26.00       26.20          3242600.00
06/25/2019       26.00       26.50       26.00       26.20          1220800.00
06/24/2019       26.80       26.80       26.30       26.50          1533700.00
06/21/2019       26.20       26.80       26.00       26.80          2541800.00
06/20/2019       25.50       26.20       25.50       26.10          2366600.00
06/19/2019       25.20       26.00       25.20       25.80          1681500.00
06/18/2019       25.45       26.00       25.00       25.50          1714900.00
06/17/2019       26.00       26.05       25.50       25.50          1596400.00
06/14/2019       26.50       26.50       25.85       26.20          1504000.00
06/13/2019       26.00       26.55       25.20       26.20          4697600.00
06/11/2019       26.95       27.20       26.70       27.00          3923900.00
06/10/2019       26.25       27.00       26.00       26.95          2753300.00
06/07/2019       26.05       26.50       26.05       26.30          1208200.00
06/06/2019       26.55       26.55       25.90       26.05          2574600.00
06/04/2019       27.05       27.10       26.30       26.55          3304500.00
06/03/2019       25.95       27.40       25.70       27.10          5422500.00
05/31/2019       25.35       26.00       25.15       26.00          8480100.00
05/30/2019       25.00       26.15       24.60       24.60          2725400.00
05/29/2019       24.75       25.20       24.10       25.00          1801900.00
05/28/2019       24.30       24.75       23.90       24.75          8557500.00
05/27/2019       23.90       24.50       23.75       24.30           898400.00
05/24/2019       24.40       24.40       23.70       23.90          1206800.00
05/23/2019       23.90       24.50       23.75       24.50           676500.00
05/22/2019       24.10       24.35       23.60       24.25          3221300.00
05/21/2019       24.00       24.20       23.40       23.95          1592800.00
05/20/2019       23.55       24.20       23.05       24.20           792400.00
05/17/2019       23.10       24.00       23.10       23.50          1309100.00
05/16/2019       23.50       24.20       23.05       23.05          2576100.00
05/15/2019       24.40       24.45       23.80       23.80           937600.00
05/14/2019       23.80       24.45       22.55       24.45          3063200.00
05/10/2019       23.15       23.80       22.95       23.80          1479300.00
05/09/2019       23.60       24.25       23.05       23.05          1940900.00
05/08/2019       24.45       24.45       23.10       23.85          1558700.00
05/07/2019       23.35       24.15       23.35       23.80          1395500.00
05/06/2019       24.30       24.50       23.25       23.25           993100.00
05/03/2019       24.30       24.50       24.20       24.50          2420500.00
05/02/2019       24.50       24.75       24.20       24.30          2468600.00
04/30/2019       24.40       24.70       24.20       24.50          3402000.00
04/29/2019       24.30       24.60       23.85       24.60           617500.00
04/26/2019       24.20       24.50       23.70       24.50          1043600.00
04/25/2019       23.80       24.50       23.80       24.50          3484200.00
04/24/2019       24.35       24.35       23.85       23.85          2486300.00
04/23/2019       23.70       24.50       23.40       24.20          1771200.00
04/22/2019       24.00       24.00       23.60       23.90          3522100.00
04/17/2019       23.35       24.30       23.10       24.30          3088700.00
04/16/2019       22.90       23.50       22.80       23.10          1529300.00
04/15/2019       23.70       24.10       22.80       22.80          3254500.00
04/12/2019       24.05       24.50       23.70       23.70          1196200.00
04/11/2019       24.50       24.50       24.10       24.10          1666000.00
04/10/2019       24.45       24.50       24.00       24.50          1195200.00
04/08/2019       24.45       24.50       24.05       24.15          1500800.00
04/05/2019       24.50       24.50       24.20       24.25          1667800.00
04/04/2019       24.05       24.75       24.05       24.75          3024600.00
04/03/2019       24.30       24.75       24.00       24.75          2871600.00
04/02/2019       24.15       24.50       24.15       24.30          1872800.00
04/01/2019       24.25       24.50       24.15       24.50          1077200.00
03/29/2019       24.30       24.80       24.25       24.50          1595600.00
03/28/2019       24.50       24.75       24.10       24.50          1880800.00
03/27/2019       24.50       24.85       24.10       24.25          2481100.00
03/26/2019       24.60       24.70       24.05       24.50          3120000.00
03/25/2019       24.65       24.65       23.80       24.60          3708400.00
03/22/2019       24.20       24.80       23.55       24.65          3620500.00
03/21/2019       23.50       24.45       23.50       24.45          4803600.00
03/20/2019       23.20       23.90       23.20       23.50          7348300.00
03/19/2019       24.10       24.10       23.25       23.30          1245300.00
03/18/2019       24.00       24.10       23.20       24.00          3538100.00
03/15/2019       23.80       24.00       23.05       24.00          6493200.00
03/14/2019       23.65       23.80       23.40       23.80          3079100.00
03/13/2019       23.65       23.70       23.10       23.70           980100.00
03/12/2019       23.50       23.70       22.80       23.70          1166500.00
03/11/2019       23.50       23.50       22.70       23.15           915100.00
03/08/2019       23.55       23.80       23.20       23.50          3353600.00
03/07/2019       23.50       23.70       22.85       23.55          4740100.00
03/06/2019       23.00       23.50       22.95       23.50          1071000.00
03/05/2019       23.00       23.25       22.40       22.90          2117600.00
03/04/2019       22.80       23.00       22.15       22.80          3383100.00
03/01/2019       23.45       23.55       22.40       22.80          3978600.00
02/28/2019       23.40       23.45       22.90       23.40          4562800.00
02/27/2019       23.50       23.55       23.10       23.45          6517500.00
02/26/2019       23.90       23.95       23.25       23.85          2658600.00
02/22/2019       23.50       23.90       23.40       23.90          1737400.00
02/21/2019       23.60       23.95       23.20       23.70          1697600.00
02/20/2019       24.00       24.00       23.15       23.50          7897900.00
02/19/2019       22.40       24.35       22.20       24.15          6158000.00
02/18/2019       22.00       22.80       22.00       22.60          2102100.00
02/15/2019       22.85       22.90       21.80       21.95          2228100.00
02/14/2019       22.90       22.90       22.35       22.50          1695500.00
02/13/2019       22.90       22.90       22.15       22.50          2174400.00
02/12/2019       23.00       23.00       22.20       22.90          1900500.00
02/11/2019       21.75       23.00       21.75       23.00          2818400.00
02/08/2019       22.35       22.55       21.60       21.60          3177800.00
02/07/2019       22.90       22.90       22.30       22.40          2368800.00
02/06/2019       22.60       22.95       22.55       22.70          1770400.00
02/04/2019       22.35       22.85       22.20       22.50           783300.00
02/01/2019       22.10       22.85       22.05       22.35          3038900.00
01/31/2019       22.55       23.00       22.05       22.05          2952400.00
01/30/2019       22.95       23.00       22.35       22.60          1790400.00
01/29/2019       23.00       23.30       22.50       23.00          1372000.00
01/28/2019       23.00       23.40       22.75       23.05           928000.00
01/25/2019       22.95       23.40       22.75       23.00          1466500.00
01/24/2019       23.05       23.30       22.90       23.15          2407000.00
01/23/2019       22.80       23.05       22.70       23.05          1668800.00
01/22/2019       23.00       23.25       22.65       23.05          1247400.00
01/21/2019       23.20       23.40       22.95       23.20           684600.00
01/18/2019       22.90       23.30       22.60       23.20          2733800.00
01/17/2019       22.80       23.10       22.35       22.90          2699600.00
01/16/2019       22.80       22.90       22.20       22.50          1740700.00
01/15/2019       23.00       23.00       22.60       22.80          3214600.00
01/14/2019       22.30       23.20       21.85       23.20          3189700.00
01/11/2019       22.30       22.30       21.85       22.30          1665000.00
01/10/2019       21.75       22.25       21.65       22.25          3550100.00
01/09/2019       21.40       21.85       21.35       21.70          5368800.00
01/08/2019       21.60       21.70       21.15       21.25           806900.00
01/07/2019       21.70       22.40       21.20       21.20          3163000.00
01/04/2019       21.50       22.10       20.85       21.70          2790800.00
01/03/2019       21.10       21.60       20.45       21.60          1406600.00
01/02/2019       20.55       21.15       20.55       21.10           831600.00
12/28/2018       20.40       21.10       20.15       20.15          1661000.00
12/27/2018       20.45       20.55       20.40       20.55          1978800.00
12/26/2018       20.60       20.60       20.30       20.30           567200.00
12/21/2018       21.00       21.20       20.55       20.55          2301000.00
12/20/2018       20.80       21.55       20.80       21.45          1616800.00
12/19/2018       20.65       21.25       20.65       20.80          2912500.00
12/18/2018       20.65       20.90       20.55       20.85           703000.00
12/17/2018       20.95       21.40       20.65       20.90          4804500.00
12/14/2018       21.00       21.05       20.80       20.95          5757900.00
12/13/2018       21.00       21.20       20.90       21.00          2527400.00
12/12/2018       20.95       21.70       20.65       20.65          2022900.00
12/11/2018       20.60       21.25       20.60       20.95           763800.00
12/10/2018       21.00       21.10       20.70       20.70          3424400.00
12/07/2018       21.60       21.80       20.80       21.00           831200.00
12/06/2018       21.50       21.60       21.35       21.55          1613100.00
12/05/2018       21.50       21.65       21.05       21.50          5581500.00
12/04/2018       21.65       21.80       21.10       21.80          3212600.00
12/03/2018       20.90       21.75       20.55       21.75          2270400.00
11/29/2018       21.15       21.65       20.45       20.45          6113800.00
11/28/2018       20.85       21.20       20.85       21.20          1800400.00
11/27/2018       21.15       21.15       20.60       20.85          1117400.00
11/26/2018       21.35       21.35       20.65       21.15          2170000.00
11/23/2018       20.35       21.35       20.35       21.35          1008800.00
11/22/2018       20.65       20.70       20.20       20.50           528300.00
11/21/2018       20.55       20.70       20.15       20.55           863500.00
11/20/2018       21.00       21.00       20.15       20.50          3065900.00
11/19/2018       20.40       21.05       20.25       21.00          1171300.00
11/16/2018       20.00       20.75       19.90       20.40          1452500.00
11/15/2018       19.62       20.50       19.62       20.00          4469400.00
11/14/2018       19.50       20.20       19.50       19.90          7599200.00
11/13/2018       20.00       20.00       19.48       19.50          3003900.00
11/12/2018       20.40       20.45       19.90       20.20          3293900.00
11/09/2018       21.20       21.20       20.35       20.35          2540800.00
11/08/2018       21.00       21.35       20.45       21.35           886600.00
11/07/2018       21.25       21.30       20.50       21.00          2311100.00
11/06/2018       20.80       21.30       20.80       21.20          2636900.00
11/05/2018       21.05       21.30       20.70       21.30          3273200.00
10/31/2018       19.70       20.95       19.70       20.95          3356000.00
10/30/2018       20.20       20.30       19.70       19.70          1303700.00
10/29/2018       20.55       20.95       20.10       20.10          3540300.00
10/26/2018       20.50       20.95       20.05       20.95           839800.00
10/25/2018       20.65       20.65       19.78       20.50          2351200.00
10/24/2018       21.00       21.10       20.70       20.80           623500.00
10/23/2018       20.70       21.10       20.10       21.00           979400.00
10/22/2018       21.45       21.45       20.55       20.70           684900.00
10/19/2018       20.75       21.45       20.20       21.45          1742200.00
10/18/2018       20.50       20.85       20.05       20.85           562100.00
10/17/2018       19.80       20.50       19.80       20.50          1294300.00
10/16/2018       19.94       20.25       19.52       20.25          2744000.00
10/15/2018       19.70       20.25       19.64       19.96           573700.00
10/12/2018       19.96       19.96       19.12       19.90          3237200.00
10/11/2018       20.45       20.45       19.10       19.10          2486500.00
10/10/2018       20.20       20.70       19.80       20.70          1518200.00
10/09/2018       19.74       20.20       19.74       20.20           187800.00
10/08/2018       20.00       20.30       19.74       19.90          1290500.00
10/05/2018       19.70       20.00       19.62       19.80           411200.00
10/04/2018       20.30       20.30       19.60       19.68           422500.00
10/03/2018       20.30       20.30       20.00       20.30          1180200.00
10/02/2018       20.25       20.25       19.60       20.00           864600.00
10/01/2018       20.00       20.30       19.60       20.25          1551600.00
09/28/2018       20.40       20.40       19.90       20.30           888400.00
09/27/2018       19.64       20.30       19.28       20.30          1326000.00
09/26/2018       19.42       19.70       19.18       19.62          1609500.00
09/25/2018       19.60       19.86       19.20       19.42          1472700.00
09/24/2018       19.60       19.60       19.18       19.54          4329700.00
09/21/2018       19.50       20.30       18.78       18.78          9128000.00
09/20/2018       19.86       19.86       19.38       19.50          1798600.00
09/19/2018       19.80       19.96       19.76       19.90          2089300.00
09/18/2018       20.10       20.45       19.96       19.96          2216400.00
09/17/2018       20.80       20.80       19.82       20.50          1806200.00
09/14/2018       20.95       20.95       20.30       20.90          1133300.00
09/13/2018       20.50       20.95       20.05       20.95           566300.00
09/12/2018       20.95       20.95       19.82       20.50          2421900.00
09/11/2018       21.30       21.30       20.50       20.95          1586200.00
09/10/2018       20.75       21.35       20.25       21.35          1507700.00
09/07/2018       20.95       20.95       20.50       20.75          1776000.00
09/06/2018       21.50       21.50       20.85       20.95          3629800.00
09/05/2018       21.55       21.80       20.80       21.80          2678600.00
09/04/2018       21.50       21.60       21.40       21.55          5133500.00
09/03/2018       21.30       21.50       20.95       21.50          1653100.00
08/31/2018       21.00       21.30       20.95       21.30          4293700.00
08/30/2018       21.00       21.40       20.95       21.00          4097200.00
08/29/2018       20.70       21.05       20.70       21.00          3444900.00
08/28/2018       20.60       21.10       20.60       20.95          2464200.00
08/24/2018       20.55       20.95       20.25       20.60          3094700.00
08/23/2018       20.60       21.20       20.20       21.00          1856400.00
08/22/2018       20.30       20.60       20.30       20.50           816400.00
08/20/2018       20.30       20.50       20.20       20.30          1243700.00
08/17/2018       20.15       20.70       20.15       20.30           782400.00
08/16/2018       20.20       20.25       19.90       20.10          2317100.00
08/15/2018       20.50       20.50       20.20       20.30          1556100.00
08/14/2018       20.85       20.85       20.25       20.50          1442200.00
08/13/2018       21.20       21.20       20.65       20.95          2228300.00
08/10/2018       20.70       21.50       20.60       21.40          6347400.00
08/09/2018       20.45       21.40       20.00       21.00          3802600.00
08/08/2018       20.00       20.50       19.92       20.10          2346100.00
08/07/2018       20.00       20.60       19.78       20.60          3578100.00
08/06/2018       20.20       20.25       19.94       20.00           785000.00
08/03/2018       20.50       20.60       20.20       20.40          1559800.00
08/02/2018       20.40       20.45       20.20       20.40          2048200.00
08/01/2018       19.88       20.50       19.30       20.50          2635800.00
07/31/2018       20.00       20.20       19.50       19.58          1633800.00
07/30/2018       19.68       20.00       19.66       20.00          1030200.00
07/27/2018       19.62       19.78       19.50       19.64          2144000.00
07/26/2018       19.50       19.76       19.50       19.62          4290600.00
07/25/2018       19.50       19.60       18.98       18.98          1709500.00
07/24/2018       19.58       19.58       19.40       19.50          3566300.00
07/23/2018       19.70       19.70       19.40       19.40          1481500.00
07/20/2018       19.74       19.76       19.60       19.70          1137000.00
07/19/2018       19.80       19.88       19.40       19.70           621100.00
07/18/2018       19.70       19.78       19.52       19.78           458200.00
07/17/2018       19.76       19.76       19.42       19.52           234500.00
07/16/2018       19.52       19.78       19.42       19.78           207500.00
07/13/2018       19.78       19.78       19.32       19.52          2488700.00
07/12/2018       19.74       19.74       19.20       19.20          1570500.00
07/11/2018       19.72       19.80       19.58       19.74           620600.00
07/10/2018       19.80       19.80       19.68       19.72           994100.00
07/09/2018       19.50       19.80       19.32       19.80           327400.00
07/06/2018       19.60       19.66       19.20       19.50          1176200.00
07/05/2018       19.70       19.78       19.02       19.68           968700.00
07/04/2018       18.96       19.78       18.82       19.78          1110300.00
07/03/2018       18.84       18.88       18.40       18.88           497400.00
07/02/2018       18.60       18.70       18.36       18.70          1572900.00
06/29/2018       18.60       18.94       18.04       18.60          1906000.00
06/28/2018       19.40       19.42       18.50       18.50          1937000.00
06/27/2018       18.58       19.32       18.22       19.32          2322700.00
06/26/2018       18.22       18.84       18.00       18.22          5263000.00
06/25/2018       19.16       19.22       18.18       18.18          1397400.00
06/22/2018       19.14       19.26       18.62       18.62          3227000.00
06/21/2018       19.54       19.54       19.16       19.26          4111900.00
06/20/2018       19.34       19.68       19.24       19.50          2683600.00
06/19/2018       19.88       19.88       19.20       19.34          3034500.00
06/18/2018       19.18       19.98       19.06       19.88         10911500.00
06/14/2018       19.92       19.92       19.56       19.56          4086500.00
06/13/2018       20.70       20.70       19.90       19.98          1679500.00
06/11/2018       20.35       20.80       20.05       20.80          1106200.00
06/08/2018       20.55       20.55       20.00       20.35          2990700.00
06/07/2018       20.40       20.70       19.90       20.55          6478200.00
06/06/2018       20.95       20.95       20.25       20.60          3052400.00
06/05/2018       20.50       20.95       20.30       20.95          1294700.00
06/04/2018       20.70       20.80       20.30       20.50          2186800.00
06/01/2018       21.10       21.15       20.55       20.70          2530400.00
05/31/2018       20.10       22.05       20.00       22.05         12781200.00
05/30/2018       20.00       20.05       19.80       20.05          5266600.00
05/29/2018       20.00       20.05       19.90       20.00          1595400.00
05/28/2018       20.20       20.20       19.90       20.10          1758200.00
05/25/2018       19.90       20.30       19.76       20.30           547500.00
05/24/2018       19.56       19.90       19.20       19.90          3160700.00
05/23/2018       19.58       19.60       19.28       19.56          7225000.00
05/22/2018       19.74       19.74       19.36       19.56          2836600.00
05/21/2018       19.50       19.74       19.40       19.40           801400.00
05/18/2018       19.88       19.88       19.10       19.44          1864600.00
05/17/2018       20.00       20.10       19.60       19.88          3412300.00
05/16/2018       19.94       19.98       19.48       19.98          1732400.00
05/15/2018       18.92       20.00       18.92       19.80          4111600.00
05/11/2018       18.26       18.90       18.12       18.90          1503900.00
05/10/2018       18.20       18.30       18.00       18.02          1414300.00
05/09/2018       18.22       18.36       17.98       18.00          2879400.00
05/08/2018       18.00       18.36       17.94       18.00          3559000.00
05/07/2018       18.38       18.44       17.64       17.64          2067800.00
05/04/2018       18.06       18.10       17.98       17.98          2428800.00
05/03/2018       18.30       18.32       18.00       18.00          2160700.00
05/02/2018       17.98       18.32       17.98       18.30          2261500.00
04/30/2018       18.38       18.38       17.86       17.90          4916100.00
04/27/2018       18.10       18.88       18.10       18.40          2498300.00
04/26/2018       17.54       18.04       17.54       18.00          4128700.00
04/25/2018       18.00       18.22       17.50       17.50          2262200.00
04/24/2018       18.18       18.24       17.90       18.08          7748400.00
04/23/2018       18.96       18.96       18.00       18.16          2131800.00
04/20/2018       19.20       19.20       18.90       19.10           933800.00
04/19/2018       19.30       19.34       18.40       19.00          7679700.00
04/18/2018       19.42       19.66       19.32       19.40          2706800.00
04/17/2018       19.40       19.40       19.12       19.20          2250300.00
04/16/2018       19.38       19.40       19.06       19.10          5503900.00
04/13/2018       19.18       19.42       19.00       19.02          1396600.00
04/12/2018       19.00       19.12       18.82       19.00          2567300.00
04/11/2018       19.48       19.48       18.66       19.00          2848300.00
04/10/2018       19.60       19.70       19.10       19.10          1425100.00
04/06/2018       19.50       19.60       19.26       19.32          3862500.00
04/05/2018       19.60       19.88       19.56       19.70          2590700.00
04/04/2018       19.70       19.98       19.48       19.60          2295200.00
04/03/2018       19.70       20.15       19.42       19.42          1270500.00
04/02/2018       19.94       19.94       19.50       19.66          1641100.00
03/28/2018       20.25       20.25       19.66       19.94          2470900.00
03/27/2018       20.30       20.45       19.50       20.20          1888200.00
03/26/2018       20.45       20.45       19.80       19.86           951900.00
03/23/2018       19.96       20.45       19.78       20.45          1640300.00
03/22/2018       19.52       20.00       19.52       20.00          1285500.00
03/21/2018       19.56       19.96       19.42       19.50          2749800.00
03/20/2018       20.50       20.50       19.32       19.32          1390400.00
03/19/2018       20.70       20.70       20.15       20.50           840000.00
03/16/2018       20.75       20.75       20.15       20.70          4215100.00
03/15/2018       20.60       20.85       20.05       20.85          2085500.00
03/14/2018       20.75       20.85       20.00       20.60          1143300.00
03/13/2018       20.70       20.85       20.40       20.85          1486000.00
03/12/2018       20.30       20.70       19.98       20.70           655700.00
03/09/2018       20.70       20.70       19.82       19.82           773200.00
03/08/2018       19.86       20.85       19.70       20.65          3581500.00
03/07/2018       19.54       19.86       19.26       19.86          2233600.00
03/06/2018       19.52       19.88       19.00       19.00          1205700.00
03/05/2018       19.26       19.60       19.20       19.34          3631000.00
03/02/2018       19.38       19.48       18.62       19.26          2197000.00
03/01/2018       19.54       19.54       19.34       19.44          1195300.00
02/28/2018       19.74       19.74       19.40       19.40          2550300.00
02/27/2018       19.78       19.90       19.74       19.74          3722000.00
02/26/2018       19.96       19.96       19.68       19.74          2288900.00
02/23/2018       19.94       20.10       19.90       19.90          1780600.00
02/22/2018       20.05       20.10       19.90       20.10          1211300.00
02/21/2018       20.00       20.20       19.96       20.10          1352300.00
02/20/2018       20.30       20.40       19.96       20.00          1715800.00
02/19/2018       20.00       20.60       19.96       20.25          5732500.00
02/15/2018       20.50       20.50       19.90       20.00          4949500.00
02/14/2018       21.00       21.00       20.50       20.65           887300.00
02/13/2018       20.60       20.95       20.50       20.95           550100.00
02/12/2018       20.80       20.80       20.40       20.40          1069600.00
02/09/2018       20.85       20.90       20.40       20.65           990000.00
02/08/2018       21.00       21.00       20.85       21.00           943800.00
02/07/2018       20.75       21.00       20.70       21.00          2254000.00
02/06/2018       20.55       20.55       20.10       20.50          6645600.00
02/05/2018       21.00       21.00       20.40       20.70           969700.00
02/02/2018       20.90       21.10       20.65       20.85          2858800.00
02/01/2018       20.55       21.00       20.55       20.85          3337200.00
01/31/2018       20.75       20.95       20.40       20.90          4668600.00
01/30/2018       20.60       21.00       20.00       21.00          4734900.00
01/29/2018       21.15       21.20       20.20       20.60          2145700.00
01/26/2018       21.60       21.60       20.75       21.15          2814800.00
01/25/2018       20.11       21.07       20.06       20.88         15066470.90
01/24/2018       20.01       20.16       19.82       20.11          1759248.05
01/23/2018       19.82       20.01       19.43       19.77          4464637.61
01/22/2018       19.77       20.01       19.43       19.62          2782665.72
01/19/2018       19.62       19.72       19.27       19.33          6503300.51
01/18/2018       20.01       20.01       19.43       19.62          5783297.78
01/17/2018       20.49       20.49       19.96       20.01          4254636.82
01/16/2018       20.59       20.59       20.45       20.49          3262770.99
01/15/2018       20.59       20.64       20.40       20.45          1082900.66
01/12/2018       20.35       20.59       20.30       20.35          2579802.88
01/11/2018       20.59       20.69       20.01       20.35          3989911.67
01/10/2018       20.59       20.78       20.35       20.40          5497572.56
01/09/2018       20.59       20.73       20.49       20.49          4906156.53
01/08/2018       20.69       20.88       20.30       20.59          5127536.67
01/05/2018       20.83       20.88       20.59       20.69          4555672.44
01/04/2018       20.83       20.83       20.59       20.59          2660389.39
01/03/2018       20.78       20.88       20.59       20.83          4078567.18
12/29/2017       20.83       21.02       20.59       20.59          1769799.81
12/28/2017       20.83       20.98       20.69       20.69          1084245.49
12/27/2017       20.49       20.83       20.49       20.73           975831.28
12/22/2017       20.78       20.78       20.45       20.49          2129801.17
12/21/2017       20.88       20.88       20.45       20.64           531105.46
12/20/2017       21.12       21.12       20.49       20.49           748037.32
12/19/2017       21.22       21.22       20.59       20.78          2133525.33
12/18/2017       20.93       20.98       20.59       20.83           776589.15
12/15/2017       20.98       21.07       20.54       20.54          2198387.64
12/14/2017       21.22       21.22       20.93       20.98          1500109.13
12/13/2017       20.78       21.22       20.78       21.02           527070.96
12/12/2017       21.12       21.12       20.64       20.69          1464833.14
12/11/2017       21.65       21.65       21.07       21.12          1145797.45
12/08/2017       21.41       21.61       21.12       21.46           848589.42
12/07/2017       21.07       21.41       20.93       21.36          1158935.43
12/06/2017       21.75       21.85       20.83       20.88          1630971.70
12/05/2017       20.98       21.99       20.98       21.99          1638626.90
12/04/2017       21.22       21.22       20.78       20.98          1790696.44
12/01/2017       22.09       22.09       20.83       21.22          2406112.57
11/29/2017       21.17       22.14       21.12       22.14          6966853.99
11/28/2017       21.17       21.27       20.83       21.17          1423970.91
11/27/2017       20.78       21.22       20.30       21.12          4493603.24
11/24/2017       23.78       23.83       19.72       20.30         11216628.72
11/23/2017       23.73       23.88       23.68       23.78          2374664.17
11/22/2017       23.05       23.73       23.05       23.49          2623251.32
11/21/2017       23.59       23.59       22.91       23.01          2502423.28
11/20/2017       23.39       23.44       23.30       23.34          2635872.06
11/17/2017       23.01       23.44       22.96       23.15          4406189.11
11/16/2017       23.20       23.59       23.01       23.15          3277667.60
11/15/2017       23.68       23.78       23.20       23.20          2041766.36
11/14/2017       23.93       23.93       23.39       23.68          1126349.10
11/13/2017       24.02       24.17       23.44       23.44          1724385.85
11/10/2017       24.36       24.46       23.64       23.64          2177594.46
11/09/2017       24.36       24.60       23.83       23.83           710485.45
11/08/2017       24.84       24.84       24.07       24.36           948520.84
11/07/2017       24.31       24.84       24.31       24.84           829037.62
11/06/2017       23.93       24.36       23.93       24.31          1172590.65
11/03/2017       24.46       24.89       23.83       23.83          2333284.71
11/02/2017       24.36       25.62       24.26       24.26          3122391.14
10/30/2017       24.75       24.80       24.36       24.36           395898.05
10/27/2017       24.17       24.55       24.02       24.36          1505591.91
10/26/2017       24.70       24.84       24.02       24.41           431794.74
10/25/2017       24.02       24.80       23.83       24.65          1490074.61
10/24/2017       24.89       24.89       23.83       23.83          3345323.02
10/23/2017       25.09       25.09       24.65       24.75           681726.72
10/20/2017       25.71       25.91       24.60       24.60          1590626.72
10/19/2017       25.47       25.71       25.47       25.52           641381.74
10/18/2017       25.62       25.76       25.13       25.47          2471285.23
10/17/2017       26.10       26.10       25.52       25.62          1877282.98
10/13/2017       25.86       26.39       25.71       25.91          2965045.72
10/12/2017       26.00       26.49       25.81       25.86          2223215.32
10/11/2017       25.47       26.20       25.47       25.86          3312116.00
10/10/2017       25.38       25.47       25.18       25.47          1267866.87
10/09/2017       25.23       25.47       24.99       25.33           758899.43
10/06/2017       25.62       25.71       24.84       25.23          1035417.72
10/05/2017       25.42       25.71       25.23       25.62          3412047.41
10/04/2017       24.89       25.42       24.89       25.18           998796.89
10/03/2017       25.23       25.38       24.65       24.75          1471246.96
10/02/2017       24.50       25.52       24.46       25.23          5118433.19
09/29/2017       24.89       25.28       24.17       24.46          4690879.85
09/28/2017       25.18       25.52       24.60       24.84          2270387.92
09/27/2017       25.62       25.62       25.23       25.62          1322694.67
09/26/2017       25.18       25.62       24.65       25.62           957831.22
09/25/2017       25.23       25.33       24.75       25.13          1972662.65
09/22/2017       25.57       25.71       25.23       25.47          2416250.54
09/21/2017       25.62       25.71       25.38       25.57          1767006.70
09/20/2017       25.23       25.76       25.18       25.76          4611327.82
09/19/2017       25.04       25.52       24.99       25.33          4595396.73
09/18/2017       24.50       24.94       24.17       24.94         14072122.30
09/15/2017       24.41       24.55       24.12       24.50          4168050.28
09/14/2017       23.88       24.46       23.68       24.41          4180877.91
09/13/2017       23.10       23.83       23.10       23.78          4083222.37
09/11/2017       22.62       23.15       22.62       23.10          6353506.84
09/08/2017       22.91       22.91       22.48       22.57          2110663.17
09/07/2017       22.52       22.81       22.23       22.48          5386054.90
09/06/2017       22.09       22.43       22.04       22.23          2733320.70
09/05/2017       22.43       22.48       22.04       22.23          3222943.25
09/04/2017       22.48       22.72       22.33       22.52          3283357.27
08/31/2017       22.62       22.62       22.23       22.43          2796217.49
08/30/2017       22.33       22.62       22.23       22.62          1285660.04
08/29/2017       22.62       22.62       22.14       22.23          3249219.21
08/25/2017       22.62       22.62       22.23       22.48          2326043.30
08/24/2017       22.67       22.72       22.52       22.62          2472630.06
08/23/2017       22.43       22.72       22.38       22.57          2889424.74
08/22/2017       22.33       22.43       21.75       22.38          2782976.06
08/18/2017       23.05       23.05       22.09       22.09          1896110.64
08/17/2017       23.49       23.49       22.72       22.72          2093801.04
08/16/2017       23.44       23.44       23.20       23.20          1922386.60
08/15/2017       23.73       23.88       23.30       23.44           280449.34
08/14/2017       23.64       23.97       23.30       23.44           939934.60
08/11/2017       23.10       23.64       22.96       23.64           948107.04
08/10/2017       23.64       23.68       23.10       23.20           928451.79
08/09/2017       23.78       24.07       23.20       23.54          1622282.01
08/08/2017       24.46       24.46       23.54       23.68          1100590.38
08/07/2017       23.97       24.26       23.97       24.12          1207556.30
08/04/2017       23.93       23.93       23.59       23.73           888520.61
08/03/2017       23.88       24.17       23.30       23.49          2123283.91
08/02/2017       24.17       24.75       23.49       23.83          2401043.58
08/01/2017       24.84       24.84       24.02       24.02          1388281.12
07/31/2017       24.65       24.99       24.55       24.84          3225839.81
07/28/2017       24.46       24.60       24.31       24.60          1795455.08
07/27/2017       24.46       24.46       24.21       24.26          2389974.58
07/26/2017       23.97       24.50       23.97       24.31          2243801.61
07/25/2017       23.93       24.12       23.73       23.93          1360453.43
07/24/2017       23.97       23.97       23.73       23.83          2325215.71
07/21/2017       23.68       23.97       23.39       23.97           858210.15
07/20/2017       24.02       24.07       23.25       23.25          3045011.54
07/19/2017       24.26       24.46       23.78       23.88          5596779.83
07/18/2017       24.02       24.21       24.02       24.17          2156490.93
07/17/2017       23.68       24.41       23.59       24.02          2371353.81
07/14/2017       23.49       23.64       23.44       23.64           623485.12
07/13/2017       23.59       23.68       23.20       23.49          3112149.73
07/12/2017       23.25       23.49       23.25       23.30          2168594.43
07/11/2017       23.30       23.64       23.20       23.20          5868125.69
07/10/2017       23.68       23.93       23.30       23.30          1740730.74
07/07/2017       23.73       23.97       23.39       23.64          2960700.88
07/06/2017       24.02       24.12       23.44       23.73          1235797.79
07/05/2017       23.59       24.17       23.54       23.68          8420618.12
07/04/2017       23.83       23.83       23.39       23.39          3068804.73
07/03/2017       23.44       23.78       23.25       23.78          1203728.70
06/30/2017       23.20       23.59       23.01       23.44          1682385.69
06/29/2017       23.78       23.78       22.91       22.91          2795183.01
06/28/2017       23.39       23.88       23.20       23.25          2221560.14
06/27/2017       23.39       23.68       23.10       23.25          3166874.07
06/23/2017       24.07       24.07       23.25       23.30          2122870.12
06/22/2017       24.12       24.17       23.68       23.97          2296353.53
06/21/2017       23.78       24.12       23.59       24.12           848692.87
06/20/2017       24.17       24.36       23.68       23.68           432829.23
06/19/2017       24.12       24.36       23.73       24.17           698588.85
06/16/2017       23.83       24.17       23.68       24.12          2384905.59
06/15/2017       24.12       24.65       23.68       23.68          1737834.17
06/14/2017       23.83       24.60       23.59       24.60           929382.83
06/13/2017       23.97       23.97       23.59       23.64           590381.55
06/09/2017       23.93       24.17       23.49       23.78          1003762.43
06/08/2017       24.55       24.65       23.68       23.68          2675906.69
06/07/2017       24.75       24.80       24.26       24.26          2362560.68
06/06/2017       24.75       24.84       24.65       24.75          3019356.27
06/05/2017       24.50       25.23       24.17       24.65          4535086.15
06/02/2017       24.17       24.55       24.07       24.17          2690286.06
06/01/2017       23.97       24.41       23.97       24.17          1542729.99
05/31/2017       24.80       24.80       23.68       23.97          9292690.39
05/30/2017       24.26       24.80       24.07       24.80          1713213.39
05/29/2017       24.17       24.26       24.07       24.17          3284288.31
05/26/2017       23.88       24.17       23.68       24.07          1219452.90
05/25/2017       23.54       23.88       23.34       23.88          1925386.61
05/24/2017       23.01       23.49       22.96       23.20           819623.80
05/23/2017       23.30       23.54       22.96       22.96          2228284.31
05/22/2017       23.64       23.64       23.15       23.20          1387453.53
05/19/2017       23.20       23.68       23.20       23.39          1103073.15
05/18/2017       24.17       24.17       23.10       23.25          1533005.81
05/17/2017       23.78       24.21       23.78       23.93          1809213.75
05/16/2017       23.20       23.68       23.20       23.59          1120555.97
05/15/2017       23.64       24.17       22.96       23.01          2707768.88
05/12/2017       23.20       23.68       23.15       23.20          3727772.75
05/11/2017       24.17       24.26       23.01       23.15          6897129.59
05/10/2017       25.04       25.42       24.17       24.21          2763424.27
05/09/2017       25.62       26.00       24.99       25.04          2222594.63
05/08/2017       25.38       25.81       25.33       25.66          2492492.21
05/05/2017       25.13       25.62       25.13       25.13          1572523.20
05/04/2017       25.13       25.47       24.99       25.09          1323729.16
05/03/2017       24.99       25.18       24.89       25.04          1209211.48
05/02/2017       25.13       25.52       24.84       24.99          1381246.61
04/27/2017       25.47       25.52       24.80       24.80          1202590.76
04/26/2017       25.52       25.71       25.23       25.42           632898.95
04/25/2017       25.62       25.62       25.13       25.47          3695600.21
04/24/2017       25.33       25.71       25.09       25.13          1208176.99
04/21/2017       25.13       25.52       25.13       25.13          3500185.68
04/20/2017       24.26       25.47       24.17       25.09          8106341.07
04/19/2017       24.46       24.46       24.07       24.21          2074249.24
04/18/2017       24.55       24.70       24.17       24.17          1227625.34
04/17/2017       24.94       24.94       24.50       24.50           585622.91
04/12/2017       24.99       25.04       24.50       24.99          2610527.13
04/11/2017       24.36       25.33       24.36       24.99          5415951.56
04/10/2017       23.34       24.36       23.34       24.36          5287364.87
04/07/2017       22.91       23.88       22.91       23.30          5620573.03
04/06/2017       22.81       23.10       22.81       23.01          2054697.44
04/05/2017       23.15       23.44       22.43       22.43          6802267.16
04/04/2017       22.81       23.20       22.43       22.72          3338081.62
04/03/2017       22.33       22.72       22.23       22.43          2381388.34
03/31/2017       22.43       22.43       21.99       22.23          4822466.55
03/30/2017       22.86       23.15       22.28       22.43          2606906.43
03/29/2017       23.20       23.20       22.77       22.91           836382.48
03/28/2017       22.72       23.20       22.52       23.20           722692.39
03/27/2017       22.52       22.72       22.38       22.62           711830.28
03/24/2017       22.23       22.96       22.23       22.52          1411970.87
03/23/2017       23.01       23.01       22.14       22.23          2963804.34
03/22/2017       23.15       23.39       22.57       22.91          2917769.68
03/21/2017       23.20       23.44       23.15       23.20          1845834.58
03/20/2017       23.20       23.49       22.86       23.15           792209.90
03/17/2017       22.57       23.68       22.14       23.05         11456422.73
03/16/2017       22.72       22.77       22.04       22.23          2793838.17
03/15/2017       22.09       22.43       21.94       22.18          4687362.59
03/14/2017       22.96       22.96       22.04       22.04          3012011.42
03/13/2017       22.62       22.72       22.33       22.33           637967.94
03/10/2017       23.01       23.01       22.33       22.33           821796.22
03/09/2017       22.52       23.10       22.52       23.10          1283177.28
03/08/2017       23.20       23.20       22.43       22.52           506174.33
03/07/2017       23.30       23.49       22.81       22.81          3994773.76
03/06/2017       22.43       23.25       22.33       23.20          2115008.02
03/03/2017       22.43       22.72       22.23       22.38          2073525.10
03/02/2017       23.20       23.20       22.33       22.33          1756144.59
03/01/2017       22.91       23.30       22.52       22.62          1931593.53
02/28/2017       23.44       23.44       22.72       22.91          4013704.87
02/27/2017       23.78       23.78       23.30       23.39          2231387.77
02/24/2017       24.12       24.17       23.68       23.68          1240452.98
02/23/2017       24.21       24.21       24.07       24.12          1867455.35
02/22/2017       24.17       24.17       23.88       24.12          1118383.55
02/21/2017       24.21       24.31       24.17       24.21          1850593.22
02/20/2017       24.46       24.46       24.17       24.21           826968.65
02/17/2017       24.89       24.89       24.36       24.46           524070.95
02/16/2017       23.78       24.94       23.78       24.89          2592940.86
02/15/2017       24.60       24.65       23.68       23.68          2484940.45
02/14/2017       24.55       24.60       24.07       24.60          1180659.65
02/13/2017       24.50       24.50       23.93       24.50          1069452.33
02/10/2017       24.99       24.99       24.07       24.12          1445798.58
02/09/2017       24.41       24.99       24.36       24.99          2260974.09
02/08/2017       24.17       24.41       24.07       24.41           929900.08
02/07/2017       24.21       24.21       23.97       24.02           752278.71
02/06/2017       24.17       24.17       23.54       23.93          1556695.55
02/03/2017       23.73       23.93       23.30       23.68          1960352.26
02/02/2017       24.12       24.50       23.73       23.73          3048011.55
02/01/2017       24.65       24.65       23.78       23.83          2042904.29
01/31/2017       25.23       25.23       24.26       24.26          2304112.18
01/30/2017       25.33       25.71       25.18       25.18          1563833.51
01/27/2017       25.33       25.52       24.94       25.23           780933.99
01/26/2017       25.13       25.71       24.65       25.33          1385901.80
01/25/2017       25.52       25.62       25.04       25.13          1248832.32
01/24/2017       25.33       25.91       25.18       25.18           848072.18
01/23/2017       24.99       25.33       24.75       25.33          1193797.63
01/20/2017       24.70       25.04       24.31       24.31           971486.44
01/19/2017       24.65       24.89       24.17       24.70           887693.02
01/18/2017       24.26       24.60       23.97       24.46          1092417.93
01/17/2017       24.75       24.75       23.93       23.93          3077184.08
01/16/2017       25.13       25.33       24.65       24.75          2218973.93
01/13/2017       25.33       25.52       25.13       25.13          2682320.51
01/12/2017       26.49       26.58       25.62       25.62          1352591.33
01/11/2017       26.44       26.87       26.25       26.29           961865.71
01/10/2017       26.05       26.44       26.05       26.44          1931490.08
01/09/2017       26.39       26.49       25.91       26.05          1510867.79
01/06/2017       26.10       26.78       25.81       26.39          4041636.01
01/05/2017       25.62       26.49       25.57       26.20          3832152.46
01/04/2017       25.38       25.52       24.65       25.42          6052057.42
01/03/2017       25.28       25.28       23.97       25.04           548795.18
12/29/2016       24.26       25.42       24.26       25.13          2412216.04
12/28/2016       24.31       24.75       24.17       24.75           435105.10
12/27/2016       24.17       24.17       23.49       24.17           349863.39
12/23/2016       23.68       24.12       23.54       24.12           894313.73
12/22/2016       24.50       24.55       23.73       23.73          2583940.83
12/21/2016       25.33       25.33       24.55       24.55          1493074.62
12/20/2016       25.23       25.57       24.65       25.13          1717454.78
12/19/2016       25.09       26.10       24.75       25.23          1609971.62
12/16/2016       25.47       25.47       24.99       25.04          2551664.84
12/15/2016       26.29       26.29       25.42       25.47           777002.94
12/14/2016       26.10       26.92       25.91       26.29           546208.97
12/13/2016       25.62       26.10       25.13       26.10           680174.99
12/12/2016       26.39       26.39       25.47       25.62          1307591.16
12/09/2016       27.07       27.26       26.10       26.10          1715903.05
12/08/2016       26.15       27.07       25.38       27.07          3145563.65
12/07/2016       25.81       26.25       25.13       26.10          1039141.87
12/06/2016       26.10       26.10       25.13       25.81           516312.30
12/05/2016       25.13       26.20       24.70       26.10          1943076.33
12/02/2016       25.42       25.47       24.99       25.13           986589.95
12/01/2016       25.91       25.91       24.84       25.13          2927493.85
11/29/2016       25.66       25.66       24.55       24.89          3590496.37
11/28/2016       25.57       26.29       25.47       25.76           792209.90
11/25/2016       25.38       26.29       24.99       26.29          1831765.56
11/24/2016       25.23       25.91       25.23       25.62          2146559.86
11/23/2016       25.33       26.10       25.09       26.10          1570764.57
11/22/2016       25.62       25.62       25.28       25.33           712140.63
11/21/2016       26.10       26.15       25.33       25.81           542898.61
11/18/2016       26.25       26.54       26.00       26.10           693830.22
11/17/2016       25.42       26.54       25.33       26.54          2063904.37
11/16/2016       26.00       26.00       25.18       25.57          1819558.62
11/15/2016       25.13       25.86       24.94       25.33          3186736.22
11/14/2016       25.86       25.86       24.46       24.94          8361238.59
11/11/2016       27.65       27.65       26.10       26.10          3797290.25
11/10/2016       27.21       29.00       27.21       27.65          3749290.07
11/09/2016       28.81       28.81       26.97       26.97          4255154.06
11/08/2016       28.57       28.86       28.03       28.08          1989524.78
11/07/2016       28.08       28.13       27.98       28.03          3085149.62
11/04/2016       28.13       28.37       28.08       28.18          2921390.38
11/03/2016       28.71       29.00       28.03       28.23          4014739.35
11/02/2016       29.58       29.73       28.90       29.00          4180774.47
10/28/2016       29.00       29.92       28.90       29.92          1418074.34
10/27/2016       29.00       29.48       28.90       29.29          2488871.50
10/26/2016       29.19       29.29       29.00       29.19          1903869.28
10/25/2016       29.34       29.58       29.24       29.29          2030593.90
10/24/2016       29.24       29.58       29.19       29.53           959072.60
10/21/2016       29.39       30.35       29.39       29.97          1587833.60
10/20/2016       29.00       30.06       29.00       30.06          1576454.25
10/19/2016       29.68       30.40       29.68       30.21          1910593.45
10/18/2016       28.03       29.58       28.03       29.58          2905562.74
10/17/2016       28.52       28.81       27.84       28.03          2044766.37
10/14/2016       28.03       28.52       28.03       28.52          3817462.74
10/13/2016       29.05       29.05       28.03       28.03          3566703.17
10/12/2016       29.87       29.87       29.05       29.48          1137211.21
10/11/2016       29.63       29.92       29.58       29.77          4279050.70
10/10/2016       30.16       30.21       29.48       30.21          1167211.32
10/07/2016       31.56       31.66       29.58       30.16          3560392.80
10/06/2016       31.56       31.61       31.46       31.56          1258970.29
10/05/2016       30.45       31.85       30.45       31.56          2039697.39
10/04/2016       30.74       31.80       30.74       31.42          4203533.17
10/03/2016       29.48       30.93       29.48       30.89          3197701.77
09/30/2016       29.97       30.45       29.39       29.97          3167287.87
09/29/2016       30.02       30.30       29.29       29.97          5435296.46
09/28/2016       29.00       29.97       28.86       29.34          2646216.93
09/27/2016       29.73       29.73       28.81       29.00          4180671.02
09/26/2016       29.82       29.82       29.63       29.73          1827731.06
09/23/2016       29.97       30.06       29.53       29.82          2852390.12
09/22/2016       30.45       30.74       29.68       29.68          2173766.86
09/21/2016       29.14       30.16       29.14       30.16          2177594.46
09/20/2016       29.97       29.97       29.05       29.97          4267567.90
09/19/2016       29.19       29.92       29.19       29.48           451036.19
09/16/2016       29.34       29.63       29.00       29.19          4011532.44
09/15/2016       29.14       29.92       29.00       29.34          2033283.57
09/14/2016       29.00       29.48       29.00       29.14          4065325.75
09/13/2016       29.00       29.77       29.00       29.43          2421009.18
09/09/2016       29.19       30.26       29.00       29.00          1291556.62
09/08/2016       29.10       29.97       28.61       29.34          3695807.11
09/07/2016       30.02       30.02       29.19       29.29          2449043.77
09/06/2016       29.82       30.11       29.68       29.82          2012593.83
09/05/2016       30.55       30.64       30.02       30.21           305277.02
09/02/2016       30.93       31.42       30.02       30.55           883141.28
09/01/2016       30.84       31.51       29.68       30.93          2028835.27
08/31/2016       30.84       30.93       30.30       30.84          3275598.62
08/30/2016       30.93       30.93       29.97       30.84          3019149.37
08/26/2016       30.16       30.93       29.87       30.93          1371212.09
08/25/2016       30.55       30.84       29.77       30.64          2015180.05
08/24/2016       29.87       30.45       29.87       30.45          1686006.39
08/23/2016       30.45       30.45       29.73       29.97          2068559.56
08/22/2016       29.10       30.35       29.00       30.35          1369246.57
08/19/2016       29.24       29.24       28.90       29.00          3676358.76
08/18/2016       29.92       30.21       29.10       29.24          2312698.42
08/17/2016       30.89       31.27       30.02       30.02          1701523.69
08/16/2016       31.37       31.37       30.45       30.89          1135659.48
08/15/2016       31.13       31.42       30.74       31.42           812278.94
08/12/2016       31.80       31.90       31.03       31.22          1263832.38
08/11/2016       30.93       31.13       30.45       30.93          1250384.05
08/10/2016       31.51       31.51       30.74       30.93          2438595.45
08/09/2016       31.42       31.42       31.03       31.32          1851731.16
08/08/2016       31.42       31.71       31.03       31.42          2268008.60
08/05/2016       31.71       31.71       31.13       31.42          1218004.62
08/04/2016       30.84       31.42       30.74       31.42          1576868.04
08/03/2016       31.42       31.42       30.74       30.84          1759144.60
08/02/2016       31.37       31.51       30.98       31.42          1142693.99
08/01/2016       31.42       31.90       30.93       31.42           826865.20
07/29/2016       31.90       31.90       30.93       30.93          1626833.75
07/28/2016       31.90       32.72       31.66       31.90          4023532.49
07/27/2016       32.38       32.38       31.71       32.05          1043900.51
07/26/2016       31.90       31.95       31.61       31.80          1577695.64
07/25/2016       32.00       32.87       31.66       31.85          2433629.91
07/22/2016       31.95       32.19       31.90       32.00          2741493.15
07/21/2016       31.80       32.00       31.71       31.90          3073149.58
07/20/2016       30.79       31.85       30.30       31.85          3293805.59
07/19/2016       30.45       30.84       30.40       30.79          2558078.66
07/18/2016       30.45       30.45       29.92       30.35           982865.79
07/15/2016       30.26       30.45       30.16       30.35          2410147.06
07/14/2016       30.35       30.45       29.97       30.26          1650626.95
07/13/2016       30.26       30.50       29.58       29.58          5694538.82
07/12/2016       30.16       30.26       29.10       29.97          2191663.48
07/11/2016       29.05       29.97       29.05       29.48          5394020.44
07/08/2016       29.19       29.43       29.00       29.10          1687765.02
07/07/2016       29.24       29.24       28.95       29.00          3576944.59
07/05/2016       29.29       30.16       29.00       29.24          2197560.05
07/04/2016       28.57       29.82       28.57       29.19          3500599.47
07/01/2016       28.81       29.97       28.52       28.52          3633117.22
06/30/2016       29.00       30.59       28.52       28.52          4883190.92
06/29/2016       29.48       29.68       29.10       29.48          3734703.81
06/28/2016       28.61       29.39       28.61       29.34          1828765.55
06/27/2016       28.47       28.81       28.03       28.61          1139176.73
06/24/2016       29.39       29.87       27.98       28.47          1339970.60
06/23/2016       29.10       29.48       28.76       29.10          2202629.04
06/22/2016       29.68       29.77       28.57       29.10          2404353.94
06/21/2016       29.00       29.63       28.57       29.43          4769397.39
06/20/2016       29.00       29.00       28.03       28.42          1458936.56
06/17/2016       28.95       29.00       28.03       28.66          2786700.22
06/16/2016       28.32       28.66       27.98       28.52          1839834.56
06/15/2016       27.65       28.86       27.65       28.32          2194560.04
06/14/2016       28.27       28.27       27.45       27.65          1663868.38
06/13/2016       28.03       28.27       27.84       28.27          1745799.72
06/10/2016       28.18       29.00       28.03       28.03           532657.19
06/09/2016       28.86       28.86       28.13       28.13           981934.76
06/08/2016       29.00       29.77       28.32       28.86          2509250.89
06/07/2016       28.76       29.00       28.52       28.61          2669803.22
06/06/2016       28.37       28.81       27.60       28.23          2492388.76
06/03/2016       27.60       28.42       27.60       28.03          2499112.92
06/02/2016       28.42       28.90       27.84       27.84          1439488.21
06/01/2016       28.95       28.95       27.94       28.03          2194249.70
05/31/2016       28.95       28.95       27.74       28.03          5868849.83
05/30/2016       27.74       28.03       27.65       27.94          1877593.32
05/27/2016       28.71       28.86       27.94       28.03          2770976.02
05/26/2016       28.57       28.95       27.50       28.03          1836110.41
05/25/2016       28.32       29.10       27.36       28.03          3129839.45
05/24/2016       26.97       27.79       26.97       27.65           668899.09
05/23/2016       27.07       27.50       27.07       27.36          2487009.43
05/20/2016       27.55       27.70       26.92       27.26          2565216.62
05/19/2016       28.66       28.66       27.26       28.08          3021011.45
05/18/2016       28.13       28.86       28.03       28.66          4035222.19
05/17/2016       27.94       28.32       27.94       28.13          1827213.82
05/16/2016       27.84       28.42       27.70       28.32          2680458.44
05/13/2016       27.55       28.66       27.55       28.52          3580565.29
05/12/2016       28.03       28.23       27.16       27.84          1925593.50
05/11/2016       27.26       28.52       26.58       28.23          7106095.90
05/10/2016       25.57       28.03       25.47       28.03          4474154.89
05/06/2016       25.95       26.15       25.62       25.81          1952800.50
05/05/2016       25.71       26.10       25.52       26.10          1727075.51
05/04/2016       26.44       26.44       25.76       26.20          2943942.19
05/03/2016       26.25       26.58       25.91       26.44          2598837.44
05/02/2016       26.20       26.92       25.52       26.00          3313047.04
04/29/2016       26.05       26.34       25.91       26.20          1390763.89
04/28/2016       26.49       27.07       26.05       26.10          2048697.42
04/27/2016       26.68       26.92       26.20       26.49          2220939.45
04/26/2016       27.07       27.41       26.97       27.07          1326315.37
04/25/2016       27.94       27.94       27.11       27.41          4071222.33
04/22/2016       28.03       28.08       27.89       27.94          3691358.82
04/21/2016       28.23       28.47       27.74       27.98          2623872.01
04/20/2016       27.89       28.57       27.89       28.57          1292798.00
04/19/2016       28.03       28.03       27.65       27.98          1433488.19
04/18/2016       28.03       28.03       27.94       28.03          2857872.90
04/15/2016       28.42       28.42       27.79       28.03          1570661.12
04/14/2016       27.94       28.37       27.89       28.23          2595733.98
04/13/2016       27.65       27.89       27.65       27.84          1581730.13
04/12/2016       27.98       28.03       27.55       27.74          1792765.42
04/11/2016       27.98       27.98       27.31       27.55           424139.54
04/08/2016       27.31       28.03       26.39       28.03          1459350.36
04/07/2016       27.02       27.60       26.82       27.45          4114153.52
04/06/2016       27.31       27.31       26.10       26.82          2839459.04
04/05/2016       26.82       27.26       26.58       27.07          4365637.24
04/04/2016       26.68       27.36       26.39       26.78           805037.53
04/01/2016       27.21       27.31       26.39       26.68          1457488.28
03/31/2016       28.13       28.23       26.63       26.97          4195464.18
03/30/2016       27.31       28.13       27.31       27.94          4819673.44
03/29/2016       28.03       28.03       27.07       27.31          1349074.08
03/28/2016       27.50       27.50       27.16       27.26           666623.22
03/23/2016       27.98       27.98       27.31       27.50          2661320.43
03/22/2016       27.45       28.52       27.41       27.60          2295319.04
03/21/2016       27.74       29.10       27.45       27.70          3046873.62
03/18/2016       28.37       29.29       28.23       28.23          8308376.32
03/17/2016       27.11       28.32       27.07       28.32          3540841.01
03/16/2016       27.65       27.74       26.49       26.49          1873455.38
03/15/2016       27.50       27.98       27.07       27.60          2164249.58
03/14/2016       26.87       27.36       26.58       26.63          2236249.85
03/11/2016       27.07       27.65       26.58       26.73          2047662.93
03/10/2016       25.13       27.50       25.13       27.07          1266625.49
03/09/2016       26.58       27.60       26.58       27.07          4053739.50
03/08/2016       26.58       27.02       26.49       26.58          2136008.10
03/07/2016       26.87       27.11       26.10       26.58          5616538.53
03/04/2016       26.58       26.82       26.34       26.58          2434974.75
03/03/2016       25.38       26.78       25.38       26.58          5008156.91
03/02/2016       25.13       25.38       25.13       25.38          1912455.52
03/01/2016       25.13       25.23       24.75       24.84          1597143.98
02/29/2016       23.97       25.38       23.97       25.38          3394771.49
02/26/2016       24.36       24.36       23.97       24.12          2333801.95
02/24/2016       24.99       25.04       24.17       24.36          1327039.51
02/23/2016       24.89       25.33       24.89       24.99          2187318.63
02/22/2016       25.13       25.76       24.41       24.75           332897.81
02/19/2016       25.13       25.81       24.60       25.13          2635975.51
02/18/2016       24.94       25.13       24.50       25.13          1006969.33
02/17/2016       24.46       24.55       23.88       24.55          1837455.24
02/16/2016       24.65       24.70       24.26       24.36          1278211.74
02/15/2016       25.09       25.09       24.50       24.65          1438557.18
02/12/2016       24.36       24.70       24.26       24.65           426829.20
02/11/2016       24.50       24.55       24.17       24.41           423105.05
02/10/2016       24.55       24.55       23.68       24.46          1174452.73
02/09/2016       24.65       24.65       23.97       24.17          2326663.99
02/05/2016       25.09       25.09       24.46       24.65          1010900.38
02/04/2016       23.68       25.13       23.01       25.13          7996582.03
02/03/2016       23.39       23.68       22.62       23.68          8131996.34
02/02/2016       24.07       24.07       23.20       23.39          1818110.34
02/01/2016       24.17       24.36       23.59       24.12          3447219.96
01/29/2016       23.68       25.04       23.68       24.17          6058057.44
01/28/2016       23.20       23.39       23.20       23.39          3895773.39
01/27/2016       22.72       23.68       22.72       23.68           984831.32
01/26/2016       22.77       22.77       22.28       22.43          3410288.79
01/25/2016       22.77       23.68       22.72       23.20          4429671.96
01/22/2016       22.28       23.15       22.28       22.72          3458185.52
01/21/2016       22.72       22.72       22.04       22.33          3761290.12
01/20/2016       23.49       23.83       22.96       23.10          2380974.54
01/19/2016       23.64       23.88       22.77       23.39          1978869.57
01/18/2016       23.05       23.78       23.01       23.49          2820527.93
01/15/2016       22.43       24.17       22.43       24.17          4737638.64
01/14/2016       22.23       23.01       22.18       22.91          3280253.81
01/13/2016       22.67       23.39       22.52       22.91          1619902.69
01/12/2016       22.72       24.07       22.52       22.67          3951946.01
01/11/2016       24.07       24.12       22.04       22.72          6948026.33
01/08/2016       24.26       25.13       24.17       24.17          2699803.34
01/07/2016       26.20       26.20       24.55       24.60          2373940.03
01/06/2016       25.38       26.49       25.38       26.10          3291012.47
01/05/2016       25.47       26.15       25.13       25.47          2886528.18
01/04/2016       26.68       26.68       25.52       25.52           506795.02
12/29/2015       25.81       26.58       25.81       26.58          1236315.03
12/28/2015       25.62       26.58       25.62       26.58          1047521.21
12/23/2015       25.76       26.58       25.76       26.25          2803976.14
12/22/2015       26.58       26.58       25.71       25.91          1794524.04
12/21/2015       26.10       26.58       26.10       26.58          1218108.06
12/18/2015       26.34       26.92       25.28       26.58          4460189.32
12/17/2015       26.00       26.82       26.00       26.34          9193896.91
12/16/2015       24.60       26.10       24.55       25.66          9266414.43
12/15/2015       25.04       25.04       24.21       24.55          7986133.72
12/14/2015       24.80       25.23       23.68       25.04          7831788.30
12/11/2015       26.10       26.10       24.89       24.89          4525465.43
12/10/2015       26.25       26.82       25.95       26.10          7783581.22
12/09/2015       27.07       27.07       26.29       26.29          7211406.64
12/08/2015       27.11       27.26       26.63       27.07          3601979.17
12/07/2015       27.84       28.03       27.07       27.07          2844424.57
12/04/2015       28.03       28.03       27.11       27.70          4947122.20
12/03/2015       28.76       28.76       27.79       28.18          9923003.12
12/02/2015       29.00       29.14       28.08       28.52         16061543.63
12/01/2015       29.97       29.97       28.52       29.00         15028298.34
11/27/2015       28.66       29.97       28.66       29.14        127999517.50
11/26/2015       29.00       29.10       28.61       29.00          9410828.77
11/25/2015       29.77       29.82       29.10       29.29         12270356.85
11/24/2015       29.97       30.40       29.73       29.77         12019700.73
11/23/2015       29.58       30.21       29.39       29.77          7713236.13
11/20/2015       29.00       29.87       29.00       29.58         11249008.15
11/17/2015       29.00       29.53       29.00       29.39         16311165.27
11/16/2015       29.48       29.48       28.52       29.48         10224555.99
11/13/2015       30.93       31.03       29.24       29.48         21341356.75
11/12/2015       29.48       29.63       28.61       29.00          4399671.85
11/11/2015       27.94       29.63       27.94       29.63          4522982.66
11/10/2015       28.03       28.57       27.89       27.98          7206130.76
11/09/2015       28.86       28.86       27.94       28.08          7441786.83
11/06/2015       29.58       29.58       28.90       28.90          2060697.47
11/05/2015       29.73       29.73       28.95       29.10          4449947.90
11/04/2015       29.97       29.97       29.19       29.29          4270981.70
11/03/2015       29.92       30.26       29.29       29.43          3446702.72
11/02/2015       29.58       29.63       29.10       29.29         10664109.38
10/30/2015       29.87       29.87       29.19       29.58         10588488.41
10/29/2015       30.02       30.45       29.10       29.24         13302464.21
10/28/2015       30.93       32.14       29.77       29.97         14367261.35
10/27/2015       30.16       30.84       29.39       30.84          5172123.05
10/26/2015       29.10       30.84       29.10       30.16          7998961.35
10/23/2015       29.00       29.29       28.95       29.05          6290610.05
10/22/2015       28.66       29.48       28.47       28.90          5169640.28
10/21/2015       28.42       28.71       28.37       28.57          3241564.01
10/20/2015       28.32       28.47       27.98       28.42          3409461.20
10/19/2015       28.42       28.42       27.94       28.03          3425185.40
10/16/2015       28.03       28.03       27.94       27.98          6834439.70
10/15/2015       27.94       28.03       27.94       27.98          3593186.03
10/14/2015       28.42       28.42       27.89       27.94          2573699.41
10/13/2015       28.42       28.42       27.89       27.94          3297529.74
10/12/2015       28.03       28.37       27.79       28.03          3136873.96
10/09/2015       27.65       28.03       27.65       28.03          4867363.28
10/08/2015       28.03       28.03       27.45       27.98          3134908.43
10/07/2015       28.52       28.81       27.70       27.84          4445706.50
10/06/2015       28.03       28.66       28.03       28.32          4102981.07
10/05/2015       27.26       27.84       27.26       27.74          5207812.84
10/02/2015       27.36       27.98       27.21       27.45          1571799.06
10/01/2015       27.07       27.60       26.58       27.36          2812148.59
09/30/2015       27.55       27.70       27.45       27.50          8093823.78
09/29/2015       27.07       27.89       26.82       27.55          3200701.79
09/28/2015       27.26       27.55       26.92       26.92          2817424.47
09/24/2015       27.84       27.89       27.26       27.60          3864738.79
09/23/2015       27.55       27.55       27.16       27.55          3251495.08
09/22/2015       27.84       27.84       27.50       27.55          3389599.05
09/21/2015       27.94       27.94       27.11       27.50           475760.42
09/18/2015       28.13       28.13       26.87       27.84          1844489.75
09/17/2015       27.98       28.03       27.26       27.79          1831248.32
09/16/2015       27.98       28.03       27.26       27.45          1583592.21
09/15/2015       27.11       27.98       27.11       27.65          1056831.59
09/14/2015       27.89       28.03       27.89       28.03          1419832.97
09/11/2015       27.94       27.94       27.02       27.84          2059456.08
09/10/2015       27.84       27.94       27.65       27.70          2160111.63
09/09/2015       27.45       27.89       27.45       27.84          4262809.26
09/08/2015       27.36       27.84       27.07       27.45          2146146.06
09/07/2015       27.45       27.84       27.31       27.45          2046628.45
09/04/2015       27.84       27.84       27.70       27.79          1913076.22
09/03/2015       27.07       27.98       27.07       27.84          3391668.03
09/02/2015       27.70       27.84       27.55       27.74          3330840.21
09/01/2015       28.03       28.13       27.55       27.89          4879259.87
08/28/2015       27.94       28.08       27.11       28.03          5569262.49
08/27/2015       27.84       28.13       26.87       27.94          4778500.87
08/26/2015       26.20       27.74       26.15       27.36          6210644.23
08/25/2015       25.86       26.25       25.86       26.20          9771968.07
08/24/2015       26.87       26.92       25.95       26.20          7962754.32
08/20/2015       27.55       27.94       27.45       27.74          2603389.18
08/19/2015       27.41       28.71       27.41       27.98          3245081.26
08/18/2015       27.98       28.03       27.45       28.03           512174.35
08/17/2015       27.41       27.98       27.41       27.98           393622.18
08/14/2015       27.41       28.03       27.21       28.03          1092211.04
08/13/2015       28.03       28.03       27.41       27.41          3559358.32
08/12/2015       27.98       28.08       27.55       27.84          2179663.43
08/11/2015       28.23       28.23       27.89       27.98          1152625.06
08/10/2015       28.03       28.32       27.89       28.23          1620419.93
08/07/2015       27.55       28.03       27.55       28.03           641795.54
08/06/2015       27.84       27.98       27.55       27.70           697864.71
08/05/2015       27.84       28.23       27.65       27.84          2879183.33
08/04/2015       27.60       27.65       27.21       27.31          1906558.95
08/03/2015       27.07       27.60       27.07       27.60          1421591.59
07/31/2015       27.55       27.55       26.97       27.21          1243659.89
07/30/2015       27.21       27.65       27.07       27.65           938072.52
07/29/2015       26.92       27.50       26.92       27.26          2131766.70
07/28/2015       27.70       27.70       26.87       27.50          1817075.85
07/27/2015       27.45       27.45       27.11       27.21           687726.74
07/24/2015       27.26       27.74       26.87       27.45          2655423.86
07/23/2015       27.26       27.26       27.16       27.21          1139383.63
07/22/2015       27.26       27.31       26.82       27.31          1973697.14
07/21/2015       27.07       27.79       27.07       27.26          1402557.04
07/20/2015       27.55       27.84       26.97       27.21          2083766.52
07/16/2015       27.55       28.18       27.26       27.55          5528814.06
07/15/2015       27.26       28.52       27.26       27.74          3367461.04
07/14/2015       26.97       27.36       26.82       27.36          1627557.89
07/13/2015       26.58       26.97       26.20       26.73           968589.88
07/10/2015       25.86       26.68       25.86       26.58          2875872.97
07/09/2015       26.15       26.29       25.81       26.10          3854290.47
07/08/2015       27.07       27.07       26.29       26.29          3475978.69
07/07/2015       27.94       27.94       27.07       27.07          6044298.77
07/06/2015       28.03       28.03       27.45       27.45          2288594.88
07/03/2015       28.86       28.86       27.98       28.03          2627803.06
07/02/2015       28.52       28.90       28.23       28.90          4110015.58
07/01/2015       28.71       28.71       28.08       28.37          1995524.80
06/30/2015       27.74       28.61       27.65       28.32          6691370.19
06/29/2015       27.55       27.74       26.68       27.74          2298525.95
06/26/2015       27.21       27.55       26.92       27.55          2057387.11
06/25/2015       26.54       27.26       26.54       27.21          5137881.54
06/24/2015       27.36       27.36       26.44       26.54          5165605.79
06/23/2015       27.36       27.45       26.29       26.44          1810765.48
06/22/2015       27.36       27.36       27.11       27.26          1727489.31
06/19/2015       27.07       27.26       26.78       27.11          1721903.08
06/18/2015       27.02       27.31       26.97       27.07           447415.49
06/17/2015       26.34       26.92       26.10       26.58          3549013.45
06/16/2015       26.97       27.26       26.05       26.34          3556461.75
06/15/2015       27.55       27.55       26.68       26.97          1965007.45
06/11/2015       27.07       27.55       27.02       27.55          1568385.25
06/10/2015       25.81       27.55       25.81       27.07          1320108.45
06/09/2015       26.44       26.44       25.13       26.10          3682358.78
06/08/2015       28.03       28.03       26.54       26.73          2637630.69
06/05/2015       27.26       28.47       27.26       28.03           960003.64
06/04/2015       28.76       28.76       25.91       27.26          2150594.36
06/03/2015       27.89       28.61       27.41       27.79          2823321.04
06/02/2015       28.61       28.61       27.79       27.89           823141.05
06/01/2015       28.52       28.90       28.52       28.61          5457227.58
05/29/2015       27.98       28.61       27.98       28.52          2580733.92
05/28/2015       27.98       27.98       27.21       27.74          7490097.35
05/27/2015       27.36       28.03       27.11       27.98          6391058.71
05/26/2015       27.60       27.65       27.41       27.60          5024915.60
05/25/2015       27.65       27.89       27.60       27.65          2696492.98
05/22/2015       27.94       28.03       27.65       27.65          6132643.93
05/21/2015       28.03       28.03       27.89       27.98          2272974.13
05/20/2015       28.61       28.61       27.89       28.13          5147812.61
05/19/2015       28.52       28.52       28.03       28.23          6006540.01
05/18/2015       28.52       29.00       28.52       28.90           482484.59
05/15/2015       29.00       29.19       28.71       29.00          1323936.05
05/14/2015       27.98       29.00       27.98       29.00           752485.61
05/13/2015       28.52       28.52       27.84       28.18          3470495.91
05/12/2015       27.98       28.32       27.74       28.18          3327529.85
05/11/2015       28.03       28.13       27.84       27.98          1029107.35
05/08/2015       28.03       28.23       27.94       28.13          4345775.09
05/07/2015       28.42       28.42       27.84       28.03          5025122.49
05/06/2015       28.37       28.52       28.37       28.42          1150556.08
05/05/2015       28.90       29.00       28.32       28.37          2306801.85
05/04/2015       28.95       29.05       28.90       28.90          5455468.95
04/30/2015       29.00       29.00       28.81       28.95          6682163.26
04/29/2015       28.90       29.43       28.90       29.19          4156774.38
04/28/2015       28.61       29.10       28.32       28.90          3984222.00
04/27/2015       29.00       29.39       28.66       28.90          1234452.95
04/24/2015       28.71       29.00       28.32       28.90          9078448.20
04/23/2015       28.90       28.90       28.32       28.66          2336595.06
04/22/2015       28.71       29.00       28.42       28.90          1575833.56
04/21/2015       28.47       29.00       28.42       28.71          3271046.88
04/20/2015       28.32       29.00       28.03       28.47          4006049.67
04/17/2015       28.13       28.66       28.08       28.23          2553320.02
04/16/2015       28.18       28.47       27.94       28.13          5633400.66
04/15/2015       28.32       28.32       27.79       28.13         11675733.91
04/14/2015       28.03       28.37       28.03       28.03          9157069.19
04/13/2015       28.27       28.86       27.94       28.13          3095804.84
04/10/2015       28.52       29.34       27.79       27.79          3456633.79
04/08/2015       28.76       30.06       28.23       28.27          1447971.00
04/07/2015       29.05       29.10       28.76       28.95          1232694.33
04/06/2015       29.10       29.10       28.71       29.05          1415074.33
04/01/2015       29.77       29.97       29.00       29.10          5217019.77
03/31/2015       30.26       30.55       29.19       29.77          5799125.43
03/30/2015       30.02       30.50       29.97       30.26          5305364.93
03/27/2015       29.10       30.74       29.10       30.26          8858102.54
03/26/2015       29.00       29.29       28.32       29.10          3439771.66
03/25/2015       29.24       29.39       28.95       29.00          3992704.79
03/24/2015       29.58       29.63       29.29       29.39          1438970.97
03/23/2015       27.89       29.68       27.89       29.53          5490744.95
03/20/2015       28.47       28.47       27.79       27.98          1883283.00
03/19/2015       28.03       29.58       27.94       28.03          3818497.23
03/18/2015       28.03       28.61       27.65       27.84          1315970.50
03/17/2015       27.94       28.81       27.84       28.03          2874321.24
03/16/2015       27.55       28.03       27.55       27.84          1170521.68
03/13/2015       27.65       28.61       27.55       27.55          3189322.43
03/12/2015       26.54       27.98       26.54       27.55          2913011.04
03/11/2015       27.02       27.79       26.49       26.54          1911007.24
03/10/2015       26.97       27.65       26.78       27.02          3053287.43
03/09/2015       26.34       27.21       26.34       27.07          4212843.55
03/06/2015       28.03       28.03       27.55       27.70          2547630.35
03/05/2015       28.03       29.00       28.03       28.03          1719523.76
03/04/2015       28.03       29.00       28.03       28.81          7413441.89
03/03/2015       27.84       28.32       27.70       28.03          3009632.10
03/02/2015       26.58       28.42       26.58       27.84          1932214.22
02/27/2015       27.26       27.26       26.82       27.07          3288736.60
02/26/2015       27.07       27.36       26.97       27.26          3936428.71
02/25/2015       27.11       27.41       27.07       27.16          1746523.86
02/24/2015       27.45       27.45       26.78       26.78           762002.89
02/23/2015       26.44       27.36       26.10       27.26          5257882.00
02/20/2015       26.10       26.39       25.95       26.39          2237387.79
02/18/2015       25.66       25.91       25.52       25.66          5509572.61
02/17/2015       25.47       26.10       25.42       25.62           888313.71
02/16/2015       25.71       26.00       25.47       25.47          2961735.36
02/13/2015       25.62       26.10       25.38       25.52          2919631.75
02/12/2015       26.10       26.15       25.62       26.00           355139.28
02/11/2015       25.66       26.10       25.33       26.10           828934.18
02/10/2015       26.54       26.54       25.62       25.66           441105.12
02/09/2015       26.10       26.54       25.91       25.91          3723634.80
02/06/2015       25.91       25.91       25.62       25.86          4879466.77
02/05/2015       26.34       26.34       25.42       25.71          3296288.35
02/04/2015       26.92       26.97       26.10       26.25          3729117.58
02/03/2015       26.44       26.54       26.20       26.49          1628282.03
02/02/2015       26.68       26.68       25.91       26.49           320380.52
01/30/2015       25.62       26.87       25.62       26.87          2509147.44
01/29/2015       26.44       26.49       25.47       25.62          2343629.57
01/28/2015       25.76       26.49       25.76       26.44          3602806.76
01/27/2015       25.95       26.29       25.71       25.91          4728121.37
01/26/2015       25.42       26.00       25.42       25.95          1780248.13
01/23/2015       25.62       25.62       25.28       25.42          1961283.29
01/22/2015       25.57       25.62       24.94       25.42           633829.99
01/21/2015       25.66       25.91       25.13       25.57           691864.69
01/20/2015       25.81       26.05       25.18       25.62          1729454.83
01/19/2015       24.94       25.95       24.94       25.62          6094057.58
01/14/2015       25.62       26.10       25.13       25.38          2677458.42
01/13/2015       25.42       25.52       24.94       24.94          1173107.89
01/12/2015       25.62       25.66       24.94       25.42           456932.77
01/09/2015       25.52       25.91       25.52       25.62          3897221.67
01/08/2015       25.13       25.86       25.09       25.52          2539664.80
01/07/2015       24.94       25.13       24.65       24.94          1699040.92
01/06/2015       24.84       25.23       24.46       24.65          4769397.39
01/05/2015       25.13       25.13       24.17       24.65          2998976.88
