RRHI  1216

12/27/2019       77.95       80.00       76.00       80.00           839780.00
12/26/2019       76.50       77.95       75.20       77.95           256650.00
12/23/2019       75.75       77.00       74.90       77.00           123020.00
12/20/2019       72.05       75.00       72.05       75.00           151690.00
12/19/2019       71.10       73.90       71.00       73.90           167380.00
12/18/2019       72.80       73.00       71.00       72.00           520660.00
12/17/2019       74.50       74.50       73.00       73.50           434370.00
12/16/2019       74.50       74.80       74.10       74.10           472710.00
12/13/2019       74.90       74.95       73.65       74.90            93370.00
12/12/2019       74.90       75.00       74.30       75.00            31920.00
12/11/2019       74.80       75.00       74.00       75.00           238240.00
12/10/2019       75.00       75.00       73.60       75.00           116820.00
12/09/2019       74.50       75.00       73.60       75.00            50850.00
12/06/2019       74.75       74.75       73.70       73.70           171900.00
12/05/2019       75.40       75.40       74.05       74.95           422420.00
12/04/2019       74.95       75.15       74.30       74.95            47240.00
12/03/2019       75.00       76.00       74.45       74.95           192940.00
12/02/2019       78.00       78.00       74.55       75.00           262070.00
11/29/2019       76.00       79.00       74.50       79.00           107350.00
11/28/2019       76.00       76.00       74.70       76.00           279670.00
11/27/2019       74.50       75.30       74.50       75.20           221700.00
11/26/2019       75.00       76.00       74.55       75.00           493340.00
11/25/2019       74.60       75.90       74.60       75.00           167460.00
11/22/2019       77.00       77.00       74.70       75.70           238970.00
11/21/2019       75.50       76.30       75.00       76.30           204390.00
11/20/2019       75.20       76.50       74.00       76.50           308160.00
11/19/2019       75.10       75.85       75.10       75.20            47560.00
11/18/2019       75.50       75.95       75.10       75.10           368640.00
11/15/2019       75.80       75.80       75.10       75.45           608750.00
11/14/2019       75.60       75.85       75.60       75.80            26840.00
11/13/2019       76.05       76.05       75.60       75.80          1008010.00
11/12/2019       76.75       76.75       75.85       76.65           420570.00
11/11/2019       77.45       77.45       75.50       77.00           187290.00
11/08/2019       75.70       77.00       75.70       77.00           802450.00
11/07/2019       76.85       77.95       76.00       77.50           100350.00
11/06/2019       77.30       77.30       76.05       76.25           537080.00
11/05/2019       76.05       76.75       75.70       75.70           419590.00
11/04/2019       76.45       76.95       75.55       76.10            98310.00
10/31/2019       76.00       76.45       75.65       75.85           962090.00
10/30/2019       77.10       77.10       75.90       76.00          1262810.00
10/29/2019       78.75       78.75       77.10       77.10           438710.00
10/28/2019       78.70       79.00       77.70       78.75           946640.00
10/25/2019       77.00       79.00       75.60       79.00           327700.00
10/24/2019       77.80       77.80       76.05       77.50            27240.00
10/23/2019       77.00       77.00       75.60       76.00           826150.00
10/22/2019       76.60       77.00       76.00       76.00          2288430.00
10/21/2019       76.55       77.00       76.50       76.60           596210.00
10/18/2019       77.90       77.90       76.50       76.55           390060.00
10/17/2019       77.65       77.65       76.60       76.90           343480.00
10/16/2019       77.60       77.95       77.00       77.65             7330.00
10/15/2019       79.00       79.00       76.65       77.00           406310.00
10/14/2019       78.00       79.00       78.00       78.20           932700.00
10/11/2019       77.05       79.90       76.40       79.90           728120.00
10/10/2019       76.85       77.70       76.05       77.70           146850.00
10/09/2019       75.70       77.05       75.70       76.90           588670.00
10/08/2019       76.50       77.75       76.50       76.90          1995570.00
10/07/2019       75.80       76.70       75.80       76.00          1551220.00
10/04/2019       76.50       76.50       75.95       76.00          1191020.00
10/03/2019       77.95       77.95       74.70       76.50           776010.00
10/02/2019       78.00       78.00       76.10       76.50           178300.00
10/01/2019       76.10       78.00       76.10       78.00            79760.00
09/30/2019       79.00       79.00       78.90       79.00           522830.00
09/27/2019       78.95       79.00       78.00       79.00            15770.00
09/26/2019       77.00       79.00       77.00       79.00           692640.00
09/25/2019       78.50       78.50       76.75       78.00           239460.00
09/24/2019       78.50       78.50       78.25       78.25            53820.00
09/23/2019       80.35       80.35       78.50       78.50           451090.00
09/20/2019       79.75       80.35       78.55       80.35           196370.00
09/19/2019       80.50       80.50       78.30       79.80             6400.00
09/18/2019       79.00       80.50       78.70       80.50            19910.00
09/17/2019       80.00       80.50       79.00       79.00           468380.00
09/16/2019       79.90       80.50       78.55       80.50           876170.00
09/13/2019       78.00       80.10       77.55       80.10           492470.00
09/12/2019       77.20       77.95       77.20       77.50           958650.00
09/11/2019       77.55       77.85       77.55       77.55           419910.00
09/10/2019       77.00       78.00       77.00       77.50           861060.00
09/09/2019       77.05       78.20       76.50       77.00           254100.00
09/06/2019       78.00       78.90       77.05       77.05            22070.00
09/05/2019       77.10       78.15       77.00       78.00           302300.00
09/04/2019       75.50       77.95       75.50       77.00           589490.00
09/03/2019       77.05       78.50       75.00       75.00           168050.00
09/02/2019       78.00       79.50       77.70       79.40            79760.00
08/30/2019       78.50       78.50       76.70       78.00          1543300.00
08/29/2019       77.50       78.50       77.25       78.50           467780.00
08/28/2019       79.70       79.70       78.45       78.50           508610.00
08/27/2019       80.00       80.00       78.40       79.00           215320.00
08/23/2019       77.00       80.50       76.90       80.50            82970.00
08/22/2019       77.00       77.50       77.00       77.50          1995330.00
08/20/2019       77.50       78.00       77.00       77.55           518220.00
08/19/2019       76.80       79.45       76.80       78.00           672470.00
08/16/2019       77.50       78.05       76.80       76.80           773920.00
08/15/2019       78.55       78.55       76.90       77.60           504820.00
08/14/2019       80.90       80.90       78.00       78.50           626480.00
08/13/2019       77.40       81.70       77.40       81.70           323730.00
08/09/2019       79.90       79.90       77.05       78.50           749620.00
08/08/2019       79.10       80.00       78.05       80.00           537480.00
08/07/2019       78.10       79.70       78.10       79.10           276760.00
08/06/2019       78.30       79.30       75.50       78.05           562080.00
08/05/2019       79.50       79.55       77.15       77.50           513920.00
08/02/2019       78.10       79.75       78.00       79.50           475860.00
08/01/2019       79.30       79.30       77.50       78.10           173670.00
07/31/2019       78.05       79.30       78.00       79.30           717850.00
07/30/2019       78.00       78.50       78.00       78.05           509350.00
07/29/2019       78.00       78.75       77.75       78.05           415000.00
07/26/2019       78.00       78.00       77.75       78.00           785870.00
07/25/2019       78.70       78.70       77.70       77.95          1396270.00
07/24/2019       79.00       79.20       78.50       79.00          1060330.00
07/23/2019       79.00       79.15       78.55       79.00           391230.00
07/22/2019       78.00       79.00       77.50       79.00          1268880.00
07/19/2019       77.00       78.00       77.00       78.00           764130.00
07/18/2019       75.60       77.80       75.60       77.00           225770.00
07/17/2019       74.80       76.80       74.80       75.60           531210.00
07/16/2019       77.90       78.40       74.80       74.80          1489980.00
07/15/2019       80.00       80.00       76.55       77.10          1218150.00
07/12/2019       78.75       80.00       77.95       80.00           610130.00
07/11/2019       78.20       78.75       78.00       78.75           316700.00
07/10/2019       77.15       78.45       77.15       78.00           230190.00
07/09/2019       77.00       77.30       76.50       77.30            65280.00
07/08/2019       77.30       77.30       76.70       77.00           373430.00
07/05/2019       76.85       77.30       76.85       77.00           463010.00
07/04/2019       77.00       77.30       76.80       77.00          1299830.00
07/03/2019       75.20       77.95       75.20       77.00          2475270.00
07/02/2019       75.10       75.25       74.90       75.20          1566650.00
07/01/2019       75.60       75.60       74.95       75.10          2461450.00
06/28/2019       73.70       74.95       73.70       74.00           290150.00
06/27/2019       75.80       75.80       73.00       73.70           777680.00
06/26/2019       76.50       76.60       75.75       75.85          1204920.00
06/25/2019       76.00       76.70       76.00       76.65          2443100.00
06/24/2019       75.85       76.05       75.75       76.00          1567590.00
06/21/2019       76.70       76.70       75.50       75.80           653060.00
06/20/2019       76.65       77.00       76.50       76.65          1382040.00
06/19/2019       76.60       76.65       76.50       76.60          1831790.00
06/18/2019       76.30       76.65       76.00       76.60           647520.00
06/17/2019       75.85       76.20       75.85       76.20           623940.00
06/14/2019       76.45       76.50       75.00       75.85           801310.00
06/13/2019       75.85       76.20       74.90       76.20           788950.00
06/11/2019       75.80       76.00       74.40       75.50           182300.00
06/10/2019       72.45       76.00       72.45       75.90           186050.00
06/07/2019       72.95       73.00       71.50       73.00           271800.00
06/06/2019       73.00       73.50       72.20       72.95           215360.00
06/04/2019       73.40       73.50       72.00       72.00           200450.00
06/03/2019       73.15       73.65       72.20       72.20           604080.00
05/31/2019       72.20       73.30       72.00       73.00           292680.00
05/30/2019       72.20       72.20       71.00       71.00           482750.00
05/29/2019       71.50       71.50       70.60       70.85           458580.00
05/28/2019       71.05       71.40       70.65       71.00          1304440.00
05/27/2019       70.80       71.10       70.80       71.00           259510.00
05/24/2019       71.30       71.30       70.15       71.05           452030.00
05/23/2019       71.90       71.90       69.60       70.35           320530.00
05/22/2019       73.00       73.45       71.15       71.45           191430.00
05/21/2019       73.00       73.70       72.50       72.80           445070.00
05/20/2019       71.05       73.00       70.50       73.00           155550.00
05/17/2019       69.85       71.05       69.10       71.05          1234310.00
05/16/2019       69.15       69.85       69.05       69.70           665160.00
05/15/2019       69.00       70.00       68.55       69.00          1300980.00
05/14/2019       72.50       72.50       68.10       68.85           914810.00
05/10/2019       72.35       73.50       72.25       72.50           493440.00
05/09/2019       70.65       72.95       70.40       72.00           810740.00
05/08/2019       73.00       73.00       70.60       70.65          1707390.00
05/07/2019       76.25       76.25       72.80       73.00          2050430.00
05/06/2019       76.50       78.00       76.50       76.75           413900.00
05/03/2019       77.70       78.00       77.50       77.50           238870.00
05/02/2019       78.00       78.00       77.20       77.95           879150.00
04/30/2019       77.05       78.00       76.40       78.00           339570.00
04/29/2019       78.30       78.30       76.60       77.00           294500.00
04/26/2019       78.20       78.30       77.25       78.30            68530.00
04/25/2019       78.30       78.30       76.75       78.30            97890.00
04/24/2019       78.70       78.70       77.70       78.30           248260.00
04/23/2019       78.00       78.80       78.00       78.70           272450.00
04/22/2019       78.60       78.90       78.00       78.85           254970.00
04/17/2019       79.00       79.00       78.00       78.90           120620.00
04/16/2019       80.00       80.00       78.00       78.00           266490.00
04/15/2019       80.00       80.00       79.70       80.00           240130.00
04/12/2019       80.00       80.00       79.90       79.90            38450.00
04/11/2019       80.30       80.60       79.90       80.05           637210.00
04/10/2019       80.00       80.05       79.60       80.00           531400.00
04/08/2019       79.80       80.15       79.80       80.00           503880.00
04/05/2019       80.35       80.35       79.85       80.00            45690.00
04/04/2019       80.00       80.60       78.55       80.35           183980.00
04/03/2019       80.05       80.05       79.90       80.00           888060.00
04/02/2019       79.00       81.00       79.00       80.10          1633630.00
04/01/2019       79.05       79.90       76.65       79.00           810000.00
03/29/2019       79.15       79.40       78.80       79.00           846770.00
03/28/2019       80.00       80.05       78.00       78.00          1421450.00
03/27/2019       81.50       81.50       77.90       80.00           737560.00
03/26/2019       81.90       81.90       81.00       81.10           467990.00
03/25/2019       82.00       82.00       80.90       81.95           496460.00
03/22/2019       81.15       82.50       81.15       82.00           824880.00
03/21/2019       78.90       81.05       78.90       80.60           831420.00
03/20/2019       80.00       80.00       78.00       78.50           666050.00
03/19/2019       82.80       83.00       78.50       78.90          2078420.00
03/18/2019       84.20       86.35       82.60       82.75           603320.00
03/15/2019       85.00       85.00       83.70       84.00          5638550.00
03/14/2019       87.00       87.00       84.95       85.00           504930.00
03/13/2019       85.10       87.00       85.10       87.00          1052850.00
03/12/2019       85.00       86.50       85.00       86.00           240720.00
03/11/2019       86.00       86.00       84.50       85.50           123490.00
03/08/2019       86.90       87.40       85.50       85.50           641700.00
03/07/2019       85.25       87.30       85.25       87.00          1546200.00
03/06/2019       85.10       85.75       85.10       85.65           478780.00
03/05/2019       86.15       86.15       84.20       85.10           656690.00
03/04/2019       86.50       86.50       84.80       85.30           642180.00
03/01/2019       86.00       87.50       85.25       86.50           417360.00
02/28/2019       86.90       88.00       85.25       87.50           358820.00
02/27/2019       86.50       87.70       86.00       86.90           353670.00
02/26/2019       87.00       88.25       85.50       87.75           323450.00
02/22/2019       88.00       88.00       86.90       87.00          1025810.00
02/21/2019       86.25       88.40       86.25       87.00          1307530.00
02/20/2019       86.75       88.95       86.75       88.00           833370.00
02/19/2019       88.50       88.55       86.00       86.00           725960.00
02/18/2019       86.60       89.00       86.55       87.00          1397910.00
02/15/2019       88.50       89.00       85.00       85.00           491420.00
02/14/2019       85.00       89.40       85.00       89.40           253950.00
02/13/2019       86.00       86.15       85.00       85.50           778880.00
02/12/2019       86.00       86.55       85.20       85.50           278790.00
02/11/2019       88.00       89.40       86.00       86.00            26950.00
02/08/2019       87.60       89.40       87.60       87.80           602830.00
02/07/2019       88.40       89.00       87.50       88.50           607220.00
02/06/2019       88.50       90.65       88.00       88.40          1463930.00
02/04/2019       90.00       90.15       86.75       89.10           268960.00
02/01/2019       88.00       90.20       88.00       89.70          1963250.00
01/31/2019       86.10       88.00       85.00       88.00           535330.00
01/30/2019       83.65       86.45       83.65       86.10           659110.00
01/29/2019       87.50       87.50       85.60       87.00           218880.00
01/28/2019       85.00       87.00       84.95       86.50           999570.00
01/25/2019       85.50       86.00       84.05       85.00           690360.00
01/24/2019       85.00       86.00       82.10       85.50          1549110.00
01/23/2019       84.00       84.85       82.05       84.00            97200.00
01/22/2019       85.65       85.65       83.50       84.00           104680.00
01/21/2019       86.10       86.30       82.00       82.00           151200.00
01/18/2019       85.50       86.35       85.00       86.00           243990.00
01/17/2019       86.20       88.80       81.05       85.50          1084440.00
01/16/2019       87.40       88.00       85.00       87.50           303530.00
01/15/2019       87.95       88.00       87.00       87.00           189370.00
01/14/2019       87.00       88.50       86.05       87.35           547810.00
01/11/2019       85.20       87.05       85.20       87.05           153870.00
01/10/2019       86.90       87.40       85.00       85.00           194530.00
01/09/2019       84.80       87.00       84.55       85.50           107510.00
01/08/2019       87.00       88.00       84.80       84.80          1160620.00
01/07/2019       88.00       88.00       87.00       87.00          2312980.00
01/04/2019       84.50       88.65       83.90       88.00          1175690.00
01/03/2019       81.75       84.80       80.00       84.80           255120.00
01/02/2019       80.95       81.90       80.95       81.75           149250.00
12/28/2018       78.50       80.90       78.35       80.00          1093370.00
12/27/2018       80.95       80.95       76.90       78.80           256000.00
12/26/2018       79.50       80.00       78.40       80.00           338240.00
12/21/2018       79.75       81.25       78.60       80.00           648220.00
12/20/2018       78.50       79.70       78.50       79.50           113510.00
12/19/2018       79.05       79.50       78.50       79.00           365200.00
12/18/2018       79.00       79.65       78.00       79.50          1110220.00
12/17/2018       76.10       79.50       76.00       79.50           283400.00
12/14/2018       76.00       76.55       76.00       76.25           502270.00
12/13/2018       75.00       76.20       75.00       76.00           306070.00
12/12/2018       75.00       75.30       74.05       75.00           157660.00
12/11/2018       73.20       76.00       73.05       76.00           391990.00
12/10/2018       71.50       73.05       71.20       72.00          2114180.00
12/07/2018       72.30       72.30       70.00       71.50          1863590.00
12/06/2018       74.55       74.55       72.10       72.50          1237650.00
12/05/2018       77.00       77.00       74.50       74.60          1077220.00
12/04/2018       76.10       77.00       75.10       76.35          1650750.00
12/03/2018       76.50       77.00       74.05       74.95           872260.00
11/29/2018       75.90       77.00       75.90       76.40          1342980.00
11/28/2018       76.95       76.95       75.70       75.90           589020.00
11/27/2018       72.10       77.00       72.10       76.95          1685230.00
11/26/2018       74.70       74.70       71.20       72.05          1121130.00
11/23/2018       73.00       73.00       71.60       72.05           406340.00
11/22/2018       73.90       73.95       73.00       73.00           243020.00
11/21/2018       74.00       76.00       73.70       73.90           736030.00
11/20/2018       76.00       76.00       74.00       74.00           404190.00
11/19/2018       74.40       76.70       74.40       76.70           230680.00
11/16/2018       75.45       77.00       75.45       77.00           551470.00
11/15/2018       76.50       77.00       75.30       76.70           112390.00
11/14/2018       76.50       76.95       75.00       76.50           275050.00
11/13/2018       75.00       76.80       74.50       76.50           540330.00
11/12/2018       76.80       76.80       75.05       76.00           673700.00
11/09/2018       76.90       76.90       75.10       76.80            32450.00
11/08/2018       75.50       76.95       75.50       76.90           178960.00
11/07/2018       77.00       77.80       75.00       75.00           481960.00
11/06/2018       76.00       77.00       76.00       77.00           125420.00
11/05/2018       74.10       76.10       74.10       76.00           641840.00
10/31/2018       77.50       78.00       75.15       75.80           828550.00
10/30/2018       78.60       78.60       77.50       78.00           264060.00
10/29/2018       78.00       79.00       78.00       78.50          1570240.00
10/26/2018       77.95       81.00       77.95       78.00           808040.00
10/25/2018       79.00       79.00       77.50       78.00           617800.00
10/24/2018       79.00       79.10       77.90       79.00           508630.00
10/23/2018       78.90       78.90       77.50       78.00           687400.00
10/22/2018       76.60       79.80       75.80       78.90           591140.00
10/19/2018       76.00       77.50       75.80       76.50           467760.00
10/18/2018       76.20       76.50       75.75       76.00           780230.00
10/17/2018       76.00       77.80       76.00       76.10           453960.00
10/16/2018       75.10       78.55       75.10       75.90          1300760.00
10/15/2018       80.00       80.00       77.00       77.00           919560.00
10/12/2018       74.90       80.00       73.55       80.00            83130.00
10/11/2018       78.80       78.80       74.00       75.00           738490.00
10/10/2018       77.50       78.00       77.25       78.00           360240.00
10/09/2018       76.95       78.20       76.95       78.00           362390.00
10/08/2018       78.00       78.35       77.00       77.00          1214250.00
10/05/2018       80.00       80.00       77.80       78.00          1301740.00
10/04/2018       79.00       79.20       77.05       79.00          1120940.00
10/03/2018       79.30       79.30       78.90       79.00          1359300.00
10/02/2018       79.80       81.80       79.30       81.80           702120.00
10/01/2018       80.95       80.95       79.65       80.00           993230.00
09/28/2018       81.90       81.90       79.00       79.70           826780.00
09/27/2018       79.60       82.00       77.55       82.00           172090.00
09/26/2018       79.50       79.55       78.70       79.40          1226470.00
09/25/2018       79.10       79.10       78.40       78.60           446050.00
09/24/2018       78.50       80.00       78.50       79.10          1165490.00
09/21/2018       78.90       80.00       78.35       79.00          1237730.00
09/20/2018       80.00       80.00       78.20       79.00           650030.00
09/19/2018       81.95       81.95       78.00       80.00          1359230.00
09/18/2018       81.00       82.00       77.50       82.00          1574640.00
09/17/2018       79.00       81.00       78.80       80.50           107130.00
09/14/2018       80.00       80.00       78.00       78.80           897610.00
09/13/2018       81.00       81.00       79.50       80.00           834640.00
09/12/2018       80.95       80.95       79.80       80.00           762760.00
09/11/2018       80.00       81.75       78.60       80.95           161290.00
09/10/2018       81.00       81.00       78.20       79.60          5386360.00
09/07/2018       82.00       82.00       79.70       80.80           398050.00
09/06/2018       80.05       82.00       79.60       82.00           305750.00
09/05/2018       80.55       80.55       79.40       80.05          1107520.00
09/04/2018       82.00       82.00       80.00       80.55           853450.00
09/03/2018       81.50       82.30       79.50       82.00          1075170.00
08/31/2018       78.00       81.60       77.85       81.60           513490.00
08/30/2018       79.00       79.85       77.90       77.95          1524490.00
08/29/2018       80.10       80.85       78.55       79.00          2110870.00
08/28/2018       81.40       81.40       79.90       80.00           703150.00
08/24/2018       82.85       82.85       81.25       81.95           408270.00
08/23/2018       81.95       83.00       81.55       82.10           415240.00
08/22/2018       80.00       81.80       80.00       81.05           266250.00
08/20/2018       82.00       82.00       79.50       79.50           299810.00
08/17/2018       82.00       82.00       81.05       81.05           382710.00
08/16/2018       82.95       82.95       80.95       81.05           634640.00
08/15/2018       83.10       83.10       80.85       81.45           412650.00
08/14/2018       85.00       85.00       82.00       82.75           650310.00
08/13/2018       85.45       85.50       84.50       84.95           100650.00
08/10/2018       87.00       87.00       85.30       85.45           657050.00
08/09/2018       87.05       87.10       86.50       86.70           102050.00
08/08/2018       86.10       87.60       86.10       87.00           513150.00
08/07/2018       88.55       89.00       86.00       87.00          1076350.00
08/06/2018       88.45       88.50       88.20       88.45           110160.00
08/03/2018       88.05       88.50       88.00       88.45           503380.00
08/02/2018       87.00       88.50       86.95       88.00           553900.00
08/01/2018       87.00       87.00       86.00       87.00           229750.00
07/31/2018       87.45       88.00       85.40       85.40           109770.00
07/30/2018       86.40       87.40       86.05       87.00           648230.00
07/27/2018       83.95       86.50       83.95       86.00            79830.00
07/26/2018       81.55       85.25       81.55       83.95           407760.00
07/25/2018       83.00       85.00       81.10       81.10           508710.00
07/24/2018       83.00       83.20       80.00       83.00           256310.00
07/23/2018       83.00       83.00       82.95       83.00          1064840.00
07/20/2018       83.00       83.00       82.05       83.00           222470.00
07/19/2018       82.95       83.00       82.30       83.00           324940.00
07/18/2018       83.00       83.05       82.95       83.00           206920.00
07/17/2018       83.00       83.00       82.50       83.00           322560.00
07/16/2018       82.60       83.00       82.60       83.00            41380.00
07/13/2018       82.80       83.00       82.50       82.50           312770.00
07/12/2018       83.90       83.90       82.00       82.80           107280.00
07/11/2018       82.20       83.40       82.15       83.40          1209410.00
07/10/2018       82.00       83.00       82.00       83.00            46250.00
07/09/2018       82.50       83.95       79.65       82.00           469540.00
07/06/2018       81.50       84.00       79.05       83.95           102650.00
07/05/2018       81.40       82.95       80.00       82.95           115370.00
07/04/2018       79.70       81.00       79.50       81.00           347380.00
07/03/2018       79.50       81.50       78.00       79.70           455100.00
07/02/2018       79.50       81.50       79.00       79.70           433850.00
06/29/2018       78.00       79.55       78.00       79.50           715140.00
06/28/2018       79.00       79.00       76.50       77.80          1282350.00
06/27/2018       77.50       79.50       77.00       79.50           920620.00
06/26/2018       79.00       79.00       77.00       77.50           989390.00
06/25/2018       83.30       83.35       77.20       79.00           511660.00
06/22/2018       81.00       82.00       78.75       80.90           507590.00
06/21/2018       79.50       81.00       78.95       81.00           333120.00
06/20/2018       81.55       81.60       79.20       79.50           475480.00
06/19/2018       82.85       82.85       81.40       81.55           790130.00
06/18/2018       84.00       84.00       82.75       82.90           968740.00
06/14/2018       86.00       86.00       83.85       84.00           615110.00
06/13/2018       88.50       88.50       85.60       86.50           434320.00
06/11/2018       87.40       88.90       87.40       87.80           167730.00
06/08/2018       87.80       87.80       87.80       87.80           103800.00
06/07/2018       87.70       87.90       87.40       87.50           581600.00
06/06/2018       87.10       88.05       87.10       87.80           135060.00
06/05/2018       88.00       89.00       87.00       89.00           101720.00
06/04/2018       89.00       89.00       88.50       88.50           166940.00
06/01/2018       89.00       89.00       87.05       89.00            18510.00
05/31/2018       88.00       88.00       86.60       88.00           150840.00
05/30/2018       89.90       90.00       87.90       88.00           551340.00
05/29/2018       89.60       90.00       86.40       90.00           213690.00
05/28/2018       88.60       89.60       86.20       89.60           723370.00
05/25/2018       87.00       87.15       86.00       87.15           185800.00
05/24/2018       89.80       89.90       88.00       88.60           441610.00
05/23/2018       89.50       89.90       88.60       89.80            69750.00
05/22/2018       90.00       90.00       87.00       89.95            70760.00
05/21/2018       90.00       90.00       87.15       90.00            44380.00
05/18/2018       89.90       89.90       86.55       88.30            75950.00
05/17/2018       88.00       89.90       86.20       89.90           611130.00
05/16/2018       89.95       89.95       88.00       89.00            35270.00
05/15/2018       90.00       90.70       88.40       89.90           225180.00
05/11/2018       88.50       89.00       88.35       88.95            68280.00
05/10/2018       86.00       88.95       86.00       87.60           499550.00
05/09/2018       87.50       89.65       85.40       87.00           263010.00
05/08/2018       90.00       90.00       87.40       87.65          1298290.00
05/07/2018       88.50       90.40       88.45       90.40            48670.00
05/04/2018       89.00       90.20       87.65       90.20          1001480.00
05/03/2018       90.00       90.50       88.00       90.50           615180.00
05/02/2018       88.00       91.10       88.00       90.10           207920.00
04/30/2018       88.60       92.00       87.00       91.00           240050.00
04/27/2018       88.00       89.00       86.60       88.60           217500.00
04/26/2018       88.25       88.25       87.00       87.00           714450.00
04/25/2018       89.00       89.00       87.95       88.00          3497840.00
04/24/2018       88.50       89.00       88.50       89.00          1292120.00
04/23/2018       87.50       88.80       87.15       88.80           190180.00
04/20/2018       88.00       88.00       86.00       87.00           472030.00
04/19/2018       85.00       88.00       84.00       88.00           679670.00
04/18/2018       83.40       85.00       82.70       84.30           975720.00
04/17/2018       84.00       84.00       82.60       83.40           618470.00
04/16/2018       86.50       86.50       82.60       84.00           311410.00
04/13/2018       84.50       86.00       83.65       84.90           324570.00
04/12/2018       87.45       87.50       84.60       84.60           476510.00
04/11/2018       89.00       89.00       86.60       88.00           227560.00
04/10/2018       89.00       89.35       87.00       87.00           875100.00
04/06/2018       90.00       90.00       87.15       89.90           313920.00
04/05/2018       90.00       90.00       87.75       89.30           209180.00
04/04/2018       90.00       91.00       87.60       87.60           243520.00
04/03/2018       89.00       90.00       87.20       90.00           459850.00
04/02/2018       89.30       89.30       87.00       89.00           570040.00
03/28/2018       89.85       89.85       88.20       89.30          6253850.00
03/27/2018       90.00       90.00       86.90       89.90           677680.00
03/26/2018       90.00       90.00       86.00       87.00          1192970.00
03/23/2018       86.45       87.00       85.30       86.60           588740.00
03/22/2018       85.00       87.50       84.80       87.50           486570.00
03/21/2018       84.60       85.50       84.55       84.75          1253930.00
03/20/2018       85.00       86.50       84.45       84.60          1295890.00
03/19/2018       84.50       85.00       83.80       84.60          1773260.00
03/16/2018       87.20       87.20       84.00       84.50          3991620.00
03/15/2018       91.35       91.35       86.75       87.00          2262860.00
03/14/2018       91.30       92.15       90.60       91.35          1820140.00
03/13/2018       94.40       94.40       93.00       94.00          1638680.00
03/12/2018       94.00       94.10       93.50       94.00           438560.00
03/09/2018       93.25       94.00       93.20       94.00           472150.00
03/08/2018       92.85       94.90       92.05       94.00           736750.00
03/07/2018       94.90       94.90       92.65       94.00           977980.00
03/06/2018       92.60       95.00       91.10       94.95           372910.00
03/05/2018       93.00       93.00       91.15       92.60           430430.00
03/02/2018       93.20       93.20       91.20       93.00           527150.00
03/01/2018       94.10       94.10       92.00       93.40           686220.00
02/28/2018       92.00       95.00       92.00       95.00           404010.00
02/27/2018       93.00       94.00       92.30       92.40           677310.00
02/26/2018       93.50       94.30       93.00       94.00           387540.00
02/23/2018       94.15       94.20       93.00       94.00           696600.00
02/22/2018       94.75       94.75       94.00       94.15          1379630.00
02/21/2018       95.00       95.00       94.10       94.75           249160.00
02/20/2018       95.90       95.90       94.85       95.00           435150.00
02/19/2018       95.00       95.70       94.10       95.00           789790.00
02/15/2018       94.20       95.70       94.20       95.70           154580.00
02/14/2018       95.25       95.90       94.10       95.60           406210.00
02/13/2018       95.00       95.50       94.10       95.25          1029620.00
02/12/2018       94.10       95.00       94.10       95.00           547200.00
02/09/2018       94.95       95.00       94.00       94.95           572300.00
02/08/2018       97.00       97.00       94.95       95.10           652560.00
02/07/2018       97.25       97.80       94.50       95.00           489000.00
02/06/2018       94.60       95.00       94.00       95.00           533250.00
02/05/2018       96.90       96.90       94.40       96.00           493390.00
02/02/2018       94.65       96.95       94.65       96.90           355130.00
02/01/2018       95.40       96.80       94.60       94.60           694480.00
01/31/2018       97.95       97.95       94.60       94.60           963410.00
01/30/2018       98.40       98.40       97.20       97.90           528180.00
01/29/2018       97.80       98.60       97.20       98.50           348730.00
01/26/2018      100.00      100.00       97.15       98.50           417020.00
01/25/2018       97.20      100.90       97.20      100.00           367840.00
01/24/2018       98.00      100.00       97.00       99.75            54000.00
01/23/2018       96.55      100.50       96.50       98.00           506740.00
01/22/2018       97.80       98.00       97.00       97.80           108880.00
01/19/2018       99.55      100.00       96.10       98.00           522840.00
01/18/2018       99.85      100.00       98.00      100.00           503710.00
01/17/2018      101.50      101.50       97.00       99.85           373350.00
01/16/2018       98.10      101.50       98.10      101.50           469060.00
01/15/2018      100.00      100.00       96.10       97.90           693070.00
01/12/2018       98.60      101.80       96.75      100.00          1030490.00
01/11/2018       96.60       98.95       96.60       98.50          1437560.00
01/10/2018       95.60       97.00       95.60       96.70           300810.00
01/09/2018       94.20       97.70       94.20       95.00           525100.00
01/08/2018       94.10       96.00       93.60       96.00           234030.00
01/05/2018       94.85       95.00       93.50       94.10           962750.00
01/04/2018       97.35       97.40       93.00       94.30          1074930.00
01/03/2018       96.20       97.35       95.00       97.00          1060310.00
12/29/2017       96.30       96.30       94.80       96.20           668260.00
12/28/2017       95.30       96.20       94.00       95.50           207160.00
12/27/2017       93.95       96.10       93.95       95.30           419840.00
12/22/2017       93.65       94.85       92.00       93.95           161810.00
12/21/2017       93.00       93.70       92.30       93.70            81990.00
12/20/2017       92.10       93.95       91.50       92.80           298630.00
12/19/2017       93.90       93.90       92.00       93.00           192190.00
12/18/2017       92.20       93.90       92.00       93.90            97990.00
12/15/2017       93.00       93.00       92.00       92.25           343480.00
12/14/2017       93.70       93.70       92.00       92.90           272160.00
12/13/2017       93.00       93.60       91.50       91.70           427060.00
12/12/2017       93.75       94.00       92.10       94.00           147660.00
12/11/2017       92.85       94.00       91.25       94.00           536650.00
12/08/2017       91.00       92.85       90.25       92.85          2691170.00
12/07/2017       91.95       91.95       89.95       91.00          2003130.00
12/06/2017       93.90       94.00       92.25       92.40           547640.00
12/05/2017       96.95       96.95       92.10       93.40           685620.00
12/04/2017       96.95       97.00       93.60       97.00           377630.00
12/01/2017       97.00       97.00       93.15       96.95            94510.00
11/29/2017       94.00       97.00       94.00       97.00           342640.00
11/28/2017       95.00       96.95       93.95       94.00           225140.00
11/27/2017       96.00       97.00       92.00       97.00           573290.00
11/24/2017       94.75       96.50       94.00       96.50           507490.00
11/23/2017       94.00       94.90       92.20       94.80            85070.00
11/22/2017       94.00       94.80       94.00       94.00           220730.00
11/21/2017       93.05       94.00       90.60       94.00           417650.00
11/20/2017       92.00       92.00       90.10       90.35           365190.00
11/17/2017       92.00       93.00       91.00       92.00           193690.00
11/16/2017       90.25       93.00       90.20       92.00          1589600.00
11/15/2017       91.55       91.80       91.40       91.55          1025060.00
11/14/2017       94.00       94.10       91.80       93.00          1088640.00
11/13/2017       95.00       95.50       93.40       94.00           420930.00
11/10/2017       94.60       95.20       93.50       95.00           104980.00
11/09/2017       94.95       95.15       93.60       94.00           771090.00
11/08/2017       94.20       95.80       94.20       95.00          1899600.00
11/07/2017       95.00       95.45       93.65       94.00          1981970.00
11/06/2017       95.50       95.50       93.65       95.00           291330.00
11/03/2017       96.90       97.50       93.50       93.50           706000.00
11/02/2017       96.50       97.10       95.55       97.00          1875250.00
10/30/2017       94.95       97.00       94.95       97.00          1288980.00
10/27/2017       94.90       95.00       93.55       94.45           825860.00
10/26/2017       93.00       95.00       93.00       93.80           506840.00
10/25/2017       93.00       93.50       92.50       93.00          1082050.00
10/24/2017       92.00       93.60       92.00       93.00          1918820.00
10/23/2017       91.50       92.95       91.50       92.00           698240.00
10/20/2017       93.70       93.75       91.50       91.50          1297990.00
10/19/2017       95.05       95.30       93.55       93.80           938490.00
10/18/2017       97.40       97.40       93.10       95.30          1828870.00
10/17/2017       98.00       98.00       97.40       97.40          1181450.00
10/13/2017       97.75       98.00       97.50       97.90          1515590.00
10/12/2017       98.00       99.00       97.80       98.00          1284290.00
10/11/2017      101.00      101.50       97.75       98.00          2391150.00
10/10/2017      106.30      106.30      102.50      103.00           971860.00
10/09/2017      105.50      106.40      105.00      106.10           680090.00
10/06/2017      105.00      108.10      104.90      106.00          1023030.00
10/05/2017      104.00      105.00      103.00      105.00           342110.00
10/04/2017      104.00      104.50      103.10      104.00          1367940.00
10/03/2017      100.00      105.00      100.00      105.00          2905450.00
10/02/2017       98.50      100.00       97.80      100.00          1499280.00
09/29/2017       99.00      100.00       97.70       99.00          2426700.00
09/28/2017       99.00       99.20       97.15       99.00          3541200.00
09/27/2017      100.20      101.20       98.50       98.50         13370460.00
09/26/2017       94.00      105.00       92.20      100.00          4817610.00
09/25/2017       91.10       96.00       91.10       95.20          1069010.00
09/22/2017       93.75       95.35       91.00       91.00           651270.00
09/21/2017       93.90       93.95       92.85       93.25           599460.00
09/20/2017       95.00       95.35       93.30       93.90           462270.00
09/19/2017       95.35       95.35       94.70       95.00           489110.00
09/18/2017       95.50       95.50       95.00       95.35           522220.00
09/15/2017       95.90       95.90       95.00       95.40           388530.00
09/14/2017       93.20       96.30       92.80       95.95           678620.00
09/13/2017       95.50       95.50       92.50       93.50           844590.00
09/11/2017       94.90       95.90       93.55       95.90           390110.00
09/08/2017       96.30       96.30       93.50       95.00          1163460.00
09/07/2017       94.20       96.30       93.50       95.00          1530190.00
09/06/2017       91.10       93.75       91.10       93.20           584680.00
09/05/2017       91.00       91.50       91.00       91.00           890030.00
09/04/2017       91.00       91.00       89.85       90.95           837240.00
08/31/2017       90.00       91.50       90.00       90.75           916350.00
08/30/2017       89.75       90.00       88.80       90.00           244630.00
08/29/2017       90.00       90.05       88.80       89.00           263570.00
08/25/2017       90.00       90.10       89.60       90.00           176270.00
08/24/2017       88.95       90.00       88.95       90.00           567840.00
08/23/2017       88.00       88.95       88.00       88.80            12340.00
08/22/2017       88.90       88.90       88.00       88.00           246400.00
08/18/2017       88.00       88.95       87.50       88.90           153380.00
08/17/2017       88.00       89.00       87.90       88.00            51550.00
08/16/2017       88.00       89.00       87.50       88.00           686940.00
08/15/2017       86.70       89.00       86.70       87.50           618770.00
08/14/2017       83.80       86.50       82.60       86.50           885770.00
08/11/2017       86.00       86.00       84.00       84.40           245630.00
08/10/2017       86.90       86.90       85.95       86.00           498820.00
08/09/2017       86.90       87.00       85.80       86.90          2345570.00
08/08/2017       87.00       87.00       86.55       86.90           730940.00
08/07/2017       87.00       87.00       86.90       86.95          1194400.00
08/04/2017       87.00       87.00       86.95       87.00          2717770.00
08/03/2017       86.50       87.65       86.50       87.00           364770.00
08/02/2017       87.00       87.20       84.00       85.40           708620.00
08/01/2017       86.80       87.00       86.80       86.95           239140.00
07/31/2017       87.00       87.00       86.60       86.60           328560.00
07/28/2017       87.10       87.10       86.60       86.95          1093160.00
07/27/2017       87.10       88.00       87.05       87.10           945810.00
07/26/2017       86.90       87.00       86.90       86.95           782110.00
07/25/2017       87.00       87.00       87.00       87.00           554130.00
07/24/2017       87.00       87.00       86.00       87.00          1074540.00
07/21/2017       87.35       87.65       86.50       86.50           340150.00
07/20/2017       87.50       88.00       87.00       87.65          2205660.00
07/19/2017       86.50       87.20       86.50       87.00          2206160.00
07/18/2017       87.50       87.50       86.50       86.95            71260.00
07/17/2017       86.80       87.00       86.80       87.00           496970.00
07/14/2017       87.95       87.95       86.95       87.00           740870.00
07/13/2017       87.80       91.00       87.00       87.95           248630.00
07/12/2017       86.00       88.00       86.00       88.00           694440.00
07/11/2017       88.00       88.50       86.00       87.95           545750.00
07/10/2017       87.50       89.15       87.50       88.00           744210.00
07/07/2017       88.05       89.15       88.00       88.00           962340.00
07/06/2017       87.50       88.00       87.25       88.00           925090.00
07/05/2017       87.85       88.00       87.80       87.85           991780.00
07/04/2017       87.90       88.00       87.00       87.80           910550.00
07/03/2017       87.00       88.15       87.00       87.90          1545940.00
06/30/2017       86.70       87.95       86.45       87.00          1030890.00
06/29/2017       87.85       88.00       87.35       87.85           942980.00
06/28/2017       87.50       88.00       87.00       87.75           199530.00
06/27/2017       88.00       88.15       87.00       87.50          1530360.00
06/23/2017       88.00       88.00       87.85       87.90          1100790.00
06/22/2017       87.30       88.00       87.30       88.00           798180.00
06/21/2017       88.00       88.10       87.05       88.00           463550.00
06/20/2017       87.90       87.95       87.75       87.95           671030.00
06/19/2017       87.95       88.10       87.90       87.95          1141840.00
06/16/2017       87.95       88.00       86.80       87.95          2587480.00
06/15/2017       87.80       88.00       87.70       87.95           561120.00
06/14/2017       88.50       88.50       87.60       87.80           621360.00
06/13/2017       87.65       88.15       87.65       87.95          1133780.00
06/09/2017       87.80       88.40       87.45       87.65          1127230.00
06/08/2017       89.05       89.20       87.45       87.80          2220930.00
06/07/2017       88.30       89.00       88.30       88.75          2394800.00
06/06/2017       89.00       89.00       88.00       88.00          1847280.00
06/05/2017       87.95       89.00       87.55       89.00          2258210.00
06/02/2017       88.00       88.05       87.50       87.95          1641140.00
06/01/2017       85.80       88.10       85.80       88.00          1948160.00
05/31/2017       84.50       86.10       84.50       85.70           439110.00
05/30/2017       84.65       85.20       84.40       84.50          1106930.00
05/29/2017       84.75       85.50       83.50       84.50           564830.00
05/26/2017       83.50       85.25       83.50       85.00          1109000.00
05/25/2017       83.60       83.60       83.45       83.50          1866350.00
05/24/2017       84.10       84.10       83.00       83.50          1458010.00
05/23/2017       83.55       84.30       83.55       84.20           859300.00
05/22/2017       83.00       83.85       83.00       83.55          1507890.00
05/19/2017       83.95       84.00       83.20       83.65           422390.00
05/18/2017       82.20       83.85       82.15       83.65          2343150.00
05/17/2017       80.50       82.30       80.00       82.10          1553730.00
05/16/2017       80.25       80.75       79.70       80.00          1189240.00
05/15/2017       81.00       81.05       80.00       80.05           270010.00
05/12/2017       78.00       81.00       78.00       81.00           984960.00
05/11/2017       77.75       77.75       76.00       76.60           145270.00
05/10/2017       79.50       79.50       77.00       77.00           304380.00
05/09/2017       79.80       79.80       79.00       79.00           157810.00
05/08/2017       79.80       80.00       79.60       79.80           879210.00
05/05/2017       79.50       79.85       79.50       79.60           847780.00
05/04/2017       79.00       79.80       79.00       79.50           469080.00
05/03/2017       79.00       80.90       79.00       79.00           178240.00
05/02/2017       79.00       79.00       78.55       78.85          1343900.00
04/27/2017       79.60       79.75       79.25       79.40           302960.00
04/26/2017       80.00       80.05       79.40       79.70           860970.00
04/25/2017       79.45       80.90       79.45       79.70           398500.00
04/24/2017       80.00       81.00       79.45       80.80           245930.00
04/21/2017       79.00       80.00       78.50       79.85           435340.00
04/20/2017       81.20       81.20       80.00       80.00            79630.00
04/19/2017       79.30       81.30       78.60       80.00           809340.00
04/18/2017       78.95       79.10       78.60       78.70          1216140.00
04/17/2017       78.30       78.95       76.60       78.95           939550.00
04/12/2017       78.75       78.95       77.00       78.00           199360.00
04/11/2017       79.00       79.00       78.70       78.75           781420.00
04/10/2017       78.95       79.50       78.70       78.85           885510.00
04/07/2017       76.00       78.95       76.00       78.95           727150.00
04/06/2017       77.70       77.70       75.65       76.05          1101540.00
04/05/2017       79.00       79.20       77.00       77.85           264740.00
04/04/2017       77.00       79.00       76.85       78.40           711990.00
04/03/2017       77.00       77.00       75.50       75.50           351160.00
03/31/2017       77.15       77.20       76.70       77.00            60120.00
03/30/2017       77.20       77.20       77.00       77.10           631370.00
03/29/2017       77.25       77.25       73.80       76.60           318000.00
03/28/2017       76.00       77.25       76.00       77.00           914590.00
03/27/2017       77.50       77.50       75.80       76.05           986330.00
03/24/2017       77.00       78.50       77.00       77.50          2180640.00
03/23/2017       76.50       77.10       76.05       77.00           753250.00
03/22/2017       78.20       78.20       76.45       76.50          2446650.00
03/21/2017       81.00       81.00       78.20       79.00          2234830.00
03/20/2017       81.90       82.00       80.60       81.00          1982960.00
03/17/2017       81.60       82.50       81.60       81.90          2477360.00
03/16/2017       82.40       83.00       81.60       81.60           721550.00
03/15/2017       82.35       82.35       80.60       82.00          1230990.00
03/14/2017       82.35       82.90       82.05       82.35          1825150.00
03/13/2017       82.20       82.50       82.00       82.05          1118640.00
03/10/2017       81.20       82.20       81.20       81.20            76530.00
03/09/2017       80.80       82.35       80.80       81.50           907650.00
03/08/2017       80.80       81.50       80.00       80.80           367780.00
03/07/2017       81.05       81.05       79.05       80.80           404860.00
03/06/2017       80.00       81.50       79.50       81.00          3218840.00
03/03/2017       80.00       80.00       79.90       80.00           977250.00
03/02/2017       80.00       80.60       79.80       80.00           589850.00
03/01/2017       81.15       81.15       80.00       80.00          2238500.00
02/28/2017       80.00       81.50       80.00       81.15          1281570.00
02/27/2017       79.00       81.20       79.00       81.00           249470.00
02/24/2017       80.40       80.40       79.00       79.20          1764000.00
02/23/2017       79.60       80.35       78.00       80.35           519620.00
02/22/2017       80.00       80.00       79.50       79.50            44590.00
02/21/2017       80.95       80.95       78.00       79.35           533980.00
02/20/2017       81.45       81.45       80.15       80.50            27300.00
02/17/2017       80.70       81.50       79.75       81.45           650640.00
02/16/2017       78.30       80.00       78.00       79.00           797270.00
02/15/2017       78.75       78.75       77.90       78.00           173760.00
02/14/2017       79.35       79.50       77.90       78.75           881070.00
02/13/2017       79.25       82.70       79.20       80.00           186310.00
02/10/2017       79.50       79.50       79.00       79.25          1061840.00
02/09/2017       80.70       81.05       79.00       79.00           836540.00
02/08/2017       81.20       81.30       80.75       80.75          1964140.00
02/07/2017       80.60       81.50       80.60       81.20          1415940.00
02/06/2017       81.00       83.95       80.75       80.75          1479620.00
02/03/2017       80.60       80.95       80.60       80.75          1019900.00
02/02/2017       79.25       80.55       79.25       80.50          1436690.00
02/01/2017       79.20       79.50       78.85       79.15          1268490.00
01/31/2017       79.00       79.10       78.70       79.00          2104070.00
01/30/2017       78.70       80.25       78.60       78.70          1107610.00
01/27/2017       78.00       78.90       77.80       78.05          1220480.00
01/26/2017       77.80       78.95       77.50       77.50          1342680.00
01/25/2017       77.00       77.85       76.50       77.45           890480.00
01/24/2017       76.50       77.25       76.45       76.55          1819160.00
01/23/2017       75.80       76.95       75.35       76.50          1220240.00
01/20/2017       73.05       76.00       73.05       75.80           849960.00
01/19/2017       73.20       74.00       72.70       72.70          1064590.00
01/18/2017       73.95       73.95       73.20       73.20           380220.00
01/17/2017       73.50       74.00       73.50       73.50            73780.00
01/16/2017       73.50       74.00       73.45       73.50           433690.00
01/13/2017       75.00       75.00       73.10       73.50           650270.00
01/12/2017       76.00       76.80       74.65       74.65           612380.00
01/11/2017       77.00       77.00       74.50       75.00          1421530.00
01/10/2017       75.20       77.50       75.20       77.00           812990.00
01/09/2017       76.00       77.45       74.80       75.30           125320.00
01/06/2017       75.90       77.50       75.00       76.00          1769310.00
01/05/2017       73.85       76.00       73.80       75.00          1385250.00
01/04/2017       74.00       74.30       73.50       73.85          4057970.00
01/03/2017       74.45       74.45       73.90       73.90           134640.00
12/29/2016       72.90       74.45       72.90       74.25          1303910.00
12/28/2016       72.50       72.90       72.10       72.60           333470.00
12/27/2016       72.90       72.90       71.00       71.05            55100.00
12/23/2016       72.55       72.95       71.05       71.05           545940.00
12/22/2016       74.00       74.00       72.80       73.00           706810.00
12/21/2016       71.80       74.00       71.80       74.00           711240.00
12/20/2016       72.00       72.95       72.00       72.05           504580.00
12/19/2016       71.50       72.85       71.00       72.85           442500.00
12/16/2016       73.00       73.00       71.05       71.05          1173530.00
12/15/2016       75.00       75.00       72.15       74.00           984390.00
12/14/2016       73.80       73.95       72.05       72.10            42840.00
12/13/2016       72.50       73.00       71.50       71.50           800810.00
12/12/2016       73.90       73.90       72.50       72.50           142650.00
12/09/2016       74.00       74.10       73.10       73.90           277490.00
12/08/2016       73.00       74.45       73.00       74.05           541960.00
12/07/2016       72.70       75.00       72.70       74.00           119200.00
12/06/2016       75.00       75.90       73.00       73.00           128430.00
12/05/2016       76.50       76.50       74.00       75.00           729310.00
12/02/2016       75.40       77.30       75.00       76.50          1242940.00
12/01/2016       73.65       75.50       73.65       75.40           630330.00
11/29/2016       72.60       72.60       72.00       72.25           124470.00
11/28/2016       73.95       73.95       72.30       72.60            41830.00
11/25/2016       72.60       73.95       72.35       72.60           480800.00
11/24/2016       72.05       73.00       72.05       72.60           173810.00
11/23/2016       72.00       74.85       72.00       73.00           242230.00
11/22/2016       74.80       74.80       72.00       72.00           412410.00
11/21/2016       74.85       75.20       74.70       74.80             4910.00
11/18/2016       74.60       75.00       74.60       74.95          1323830.00
11/17/2016       74.85       75.00       74.60       74.60           567600.00
11/16/2016       74.95       75.00       73.50       74.00          1790980.00
11/15/2016       73.50       74.50       72.10       72.15          1559480.00
11/14/2016       78.00       78.00       74.00       74.00           567730.00
11/11/2016       76.00       78.50       75.00       78.00           365770.00
11/10/2016       76.00       78.00       75.95       77.65           657580.00
11/09/2016       77.75       77.75       74.50       75.95          1251990.00
11/08/2016       75.45       78.00       75.45       77.10          1018490.00
11/07/2016       74.00       74.10       74.00       74.00           702100.00
11/04/2016       74.05       74.90       74.05       74.20           663920.00
11/03/2016       74.50       75.35       73.50       74.05          1993080.00
11/02/2016       78.00       78.00       75.00       75.35           523330.00
10/28/2016       76.85       78.00       76.85       77.30           120330.00
10/27/2016       78.00       78.00       76.70       77.00           285810.00
10/26/2016       79.90       79.90       77.00       77.10           621690.00
10/25/2016       80.80       80.80       78.00       79.90           266880.00
10/24/2016       81.00       81.10       80.80       81.00           518280.00
10/21/2016       78.80       81.00       78.80       81.00          1236990.00
10/20/2016       77.10       79.15       76.85       79.00          1645670.00
10/19/2016       72.00       78.50       72.00       78.50          4953730.00
10/18/2016       72.60       72.60       72.00       72.00          1520460.00
10/17/2016       73.05       73.05       71.20       71.95          2225540.00
10/14/2016       73.35       73.95       73.05       73.25           660770.00
10/13/2016       74.50       74.50       73.35       73.35          1043420.00
10/12/2016       75.50       75.50       74.45       74.50          1882060.00
10/11/2016       75.90       75.90       75.00       75.50           664490.00
10/10/2016       77.00       77.00       75.00       75.75          1305610.00
10/07/2016       76.35       76.50       76.00       76.00           620290.00
10/06/2016       76.85       77.00       76.00       76.35           420130.00
10/05/2016       76.95       76.95       76.80       76.85           749940.00
10/04/2016       76.70       77.20       76.60       77.00           649040.00
10/03/2016       75.95       77.00       75.80       76.50          2012000.00
09/30/2016       77.50       77.50       75.00       75.05          1976280.00
09/29/2016       78.50       78.50       77.50       77.50           526960.00
09/28/2016       78.00       78.20       77.90       77.90           553510.00
09/27/2016       78.05       78.10       77.05       77.95           783550.00
09/26/2016       78.60       79.20       78.40       78.40           512740.00
09/23/2016       80.00       80.20       78.60       78.60           901540.00
09/22/2016       79.50       80.50       79.05       80.00          1792900.00
09/21/2016       79.00       79.85       78.50       79.10           979550.00
09/20/2016       79.00       80.00       79.00       80.00           692540.00
09/19/2016       79.05       79.50       79.05       79.40           279580.00
09/16/2016       79.50       79.90       78.60       79.05           524790.00
09/15/2016       78.50       79.00       78.30       79.00          2042200.00
09/14/2016       76.80       79.00       76.80       78.50          4295760.00
09/13/2016       76.80       77.25       76.50       76.80          1912920.00
09/09/2016       76.50       77.00       76.00       77.00          1044140.00
09/08/2016       78.00       78.00       75.95       76.20          2023550.00
09/07/2016       81.20       81.20       78.00       78.00          2793780.00
09/06/2016       81.65       82.00       81.20       81.20           358940.00
09/05/2016       81.60       81.80       81.50       81.70           256690.00
09/02/2016       81.00       83.75       81.00       81.70           177930.00
09/01/2016       84.00       84.00       81.00       81.60           115930.00
08/31/2016       80.90       84.00       80.90       84.00           286110.00
08/30/2016       82.75       82.95       81.85       81.90           279980.00
08/26/2016       83.40       83.40       82.00       82.75           181510.00
08/25/2016       81.90       83.40       81.75       81.80           790600.00
08/24/2016       83.60       84.00       81.00       81.95          5573520.00
08/23/2016       82.10       84.10       82.00       83.60          2527050.00
08/22/2016       82.00       83.95       81.95       82.00           540200.00
08/19/2016       81.00       82.50       81.00       82.00          1247590.00
08/18/2016       79.50       82.00       79.30       80.50          1381210.00
08/17/2016       82.50       82.50       78.50       79.60          2245610.00
08/16/2016       85.00       85.00       82.00       82.00           912980.00
08/15/2016       86.00       86.00       84.50       84.90           752840.00
08/12/2016       85.30       86.50       84.80       86.00           198710.00
08/11/2016       87.95       87.95       86.00       86.50           315270.00
08/10/2016       87.00       87.00       86.00       87.00           754050.00
08/09/2016       86.55       87.00       86.55       87.00           166250.00
08/08/2016       86.10       87.00       86.00       86.55          2853750.00
08/05/2016       86.10       86.50       86.00       86.00           715710.00
08/04/2016       84.80       86.50       84.80       86.10           822240.00
08/03/2016       87.50       87.50       86.00       86.10           207950.00
08/02/2016       85.50       88.00       85.50       87.50           592590.00
08/01/2016       86.50       87.00       85.00       85.50           731820.00
07/29/2016       86.00       86.80       84.80       86.10           488590.00
07/28/2016       85.00       86.15       84.90       86.00           797960.00
07/27/2016       86.15       86.50       84.90       84.90          1738280.00
07/26/2016       86.45       86.75       85.80       86.15          1306380.00
07/25/2016       86.90       87.10       86.30       86.30           881570.00
07/22/2016       87.05       87.05       86.80       86.90           374320.00
07/21/2016       87.05       87.05       86.70       86.80          1696920.00
07/20/2016       87.75       87.75       87.10       87.40          2182400.00
07/19/2016       85.20       88.00       85.20       87.75           199860.00
07/18/2016       88.00       88.00       87.90       88.00          1508730.00
07/15/2016       88.00       88.00       87.15       87.85          1646320.00
07/14/2016       88.00       89.00       87.30       88.00           491950.00
07/13/2016       86.50       89.00       86.50       88.00          1019700.00
07/12/2016       84.00       86.70       84.00       86.50           258830.00
07/11/2016       84.20       84.55       83.50       84.00          3115240.00
07/08/2016       84.45       84.50       83.95       84.00           745040.00
07/07/2016       84.50       84.60       83.10       84.50           365760.00
07/05/2016       85.75       86.15       83.00       84.50          3392570.00
07/04/2016       86.35       86.35       83.45       85.95          1508540.00
07/01/2016       86.05       86.45       86.00       86.10           664460.00
06/30/2016       83.00       86.60       83.00       85.95          1729950.00
06/29/2016       82.80       83.10       82.10       82.80           493250.00
06/28/2016       81.60       82.50       81.50       82.00           822370.00
06/27/2016       77.95       80.40       76.95       80.00           974890.00
06/24/2016       80.05       82.40       76.90       78.00          2356410.00
06/23/2016       83.20       83.20       80.45       80.45           196700.00
06/22/2016       83.50       83.55       82.60       83.20          1851450.00
06/21/2016       80.20       83.00       80.20       82.50           968160.00
06/20/2016       79.75       81.20       79.75       81.00           779750.00
06/17/2016       80.10       80.20       79.60       79.75          1717680.00
06/16/2016       79.00       81.00       79.00       80.10           471520.00
06/15/2016       79.90       80.50       79.90       80.10          1266460.00
06/14/2016       80.20       80.50       79.75       79.90          1489780.00
06/13/2016       81.15       81.50       80.20       80.20          1495480.00
06/10/2016       82.50       82.50       80.95       81.15          1809790.00
06/09/2016       81.30       82.00       80.00       81.85          1006290.00
06/08/2016       81.90       82.05       81.50       82.00          3036780.00
06/07/2016       82.00       82.20       80.10       81.95           697990.00
06/06/2016       80.55       82.45       80.55       82.00           631520.00
06/03/2016       78.60       80.50       77.80       80.50           425510.00
06/02/2016       80.00       80.00       78.55       78.55           127250.00
06/01/2016       81.00       81.30       80.80       80.90          1152920.00
05/31/2016       79.30       80.50       78.00       80.50           806570.00
05/30/2016       80.00       80.00       79.00       79.25           239560.00
05/27/2016       78.50       79.80       78.40       79.25           446440.00
05/26/2016       77.40       78.80       77.40       78.40           240760.00
05/25/2016       77.30       78.00       77.30       77.40           867070.00
05/24/2016       77.20       77.70       77.00       77.05           480810.00
05/23/2016       77.55       77.70       77.10       77.20           789510.00
05/20/2016       78.95       78.95       77.55       77.65           349730.00
05/19/2016       78.30       80.00       78.30       78.95           302050.00
05/18/2016       78.80       78.80       78.00       78.20           526100.00
05/17/2016       80.40       81.00       77.30       78.00          2254640.00
05/16/2016       82.45       82.45       80.20       80.40          2189060.00
05/13/2016       81.20       82.95       80.50       82.95          1527630.00
05/12/2016       82.20       82.20       80.85       81.05          3787750.00
05/11/2016       79.40       82.55       79.40       82.20          2976780.00
05/10/2016       74.95       78.00       74.50       77.50           637160.00
05/06/2016       74.80       76.00       74.80       74.95          2292770.00
05/05/2016       76.00       77.00       74.00       75.00           183530.00
05/04/2016       76.85       77.00       75.80       76.00           762670.00
05/03/2016       76.95       77.60       76.75       76.85           552620.00
05/02/2016       76.85       77.00       76.80       76.95          1145080.00
04/29/2016       76.65       77.70       76.65       77.00          1789240.00
04/28/2016       76.50       77.00       76.50       76.70           419840.00
04/27/2016       77.25       77.50       75.40       76.60           618980.00
04/26/2016       78.40       78.40       76.80       77.25          4223300.00
04/25/2016       80.00       80.00       77.25       77.60          1563310.00
04/22/2016       80.10       80.10       79.45       79.90          1441380.00
04/21/2016       79.50       80.60       79.50       80.05          1961640.00
04/20/2016       79.30       79.80       79.30       79.50           451140.00
04/19/2016       78.40       79.45       78.00       79.30          1718090.00
04/18/2016       78.00       78.55       77.75       78.15          1311010.00
04/15/2016       79.10       79.20       77.50       78.00          8604320.00
04/14/2016       78.05       79.10       78.00       79.10          1280220.00
04/13/2016       78.70       78.70       77.50       78.00           657020.00
04/12/2016       78.50       79.40       78.10       78.30           953430.00
04/11/2016       77.25       79.00       76.90       78.30          1217180.00
04/08/2016       76.50       77.25       76.40       77.00           929930.00
04/07/2016       75.30       77.30       75.30       76.00          1359360.00
04/06/2016       72.10       75.05       72.10       74.50          2191340.00
04/05/2016       73.50       73.80       72.00       73.70           854770.00
04/04/2016       74.00       74.20       73.85       74.00          1528520.00
04/01/2016       74.70       74.80       73.85       74.00          3756200.00
03/31/2016       72.00       74.65       72.00       74.00          3797570.00
03/30/2016       72.00       72.15       70.50       71.85          2116650.00
03/29/2016       72.10       72.10       71.65       72.00          3270010.00
03/28/2016       71.00       72.10       71.00       71.80          1963430.00
03/23/2016       69.25       70.95       68.80       70.15           773630.00
03/22/2016       71.00       71.00       69.00       69.25           473970.00
03/21/2016       71.80       72.00       70.00       70.80           925610.00
03/18/2016       72.00       72.00       70.60       71.80          2490440.00
03/17/2016       70.90       72.35       70.90       72.00          2447170.00
03/16/2016       71.00       71.00       68.50       70.50          1763890.00
03/15/2016       70.00       71.00       69.95       71.00          2244980.00
03/14/2016       70.00       70.50       68.90       70.00          1250430.00
03/11/2016       69.10       70.90       68.90       70.00          2157770.00
03/10/2016       68.30       69.10       67.90       69.00          2243520.00
03/09/2016       64.95       68.15       64.85       68.00          7693310.00
03/08/2016       64.90       64.95       64.75       64.95          1868580.00
03/07/2016       63.80       65.00       62.90       64.75          2565540.00
03/04/2016       62.50       63.00       62.50       62.50          4374070.00
03/03/2016       62.65       62.75       61.90       62.30          3238880.00
03/02/2016       60.30       61.80       60.30       60.85          1855910.00
03/01/2016       62.00       62.00       60.10       60.30          1098120.00
02/29/2016       59.80       61.95       59.80       61.30           482490.00
02/26/2016       60.50       60.50       59.60       59.80           554010.00
02/24/2016       62.50       62.50       60.35       60.50           860850.00
02/23/2016       63.00       63.00       62.70       62.70           788310.00
02/22/2016       63.50       63.50       62.50       63.00           456800.00
02/19/2016       62.40       63.20       62.40       63.00          1302880.00
02/18/2016       61.50       62.70       61.50       62.50           431130.00
02/17/2016       61.50       62.00       61.00       61.50          1009460.00
02/16/2016       61.05       61.65       61.05       61.50          1779160.00
02/15/2016       60.35       61.40       60.30       61.05           426600.00
02/12/2016       60.80       60.80       60.00       60.00           326080.00
02/11/2016       59.95       61.70       59.95       60.90           278330.00
02/10/2016       60.00       60.05       59.90       59.90           491610.00
02/09/2016       60.05       60.30       59.50       60.00            28860.00
02/05/2016       60.00       61.90       60.00       61.10          1754490.00
02/04/2016       60.55       60.55       59.50       60.25           831280.00
02/03/2016       61.10       61.15       59.00       60.20          1586020.00
02/02/2016       59.00       63.00       59.00       63.00           724630.00
02/01/2016       61.00       61.80       59.00       59.00          1116450.00
01/29/2016       57.60       59.05       57.60       59.05          2221850.00
01/28/2016       58.00       58.00       56.55       57.30          1579050.00
01/27/2016       58.20       59.70       56.80       58.00          1545380.00
01/26/2016       57.80       57.80       56.20       57.00          2717720.00
01/25/2016       58.60       59.05       58.20       58.50          2717790.00
01/22/2016       59.90       59.90       56.10       58.20          1782240.00
01/21/2016       61.50       61.50       56.00       57.15          2271550.00
01/20/2016       60.55       60.55       58.70       58.90          1329310.00
01/19/2016       61.55       61.55       60.55       60.95          1546330.00
01/18/2016       62.00       62.10       61.40       61.55          1559090.00
01/15/2016       64.30       64.30       64.00       64.00          1327270.00
01/14/2016       65.00       65.00       64.00       64.00          1099540.00
01/13/2016       65.00       65.10       64.40       65.10           448740.00
01/12/2016       63.10       66.20       63.10       65.00          1723110.00
01/11/2016       64.00       64.50       62.40       63.10           943450.00
01/08/2016       67.35       67.35       64.00       65.00          1882340.00
01/07/2016       67.00       67.40       66.00       67.40           917280.00
01/06/2016       65.35       67.80       65.30       66.75           980500.00
01/05/2016       64.50       65.50       63.90       65.30           289300.00
01/04/2016       64.30       64.50       63.60       64.15          1279510.00
12/29/2015       62.95       63.45       62.75       63.00          1655320.00
12/28/2015       62.50       63.45       62.50       62.95           380160.00
12/23/2015       63.00       63.70       62.40       62.45           720640.00
12/22/2015       63.35       64.00       62.80       63.00          1412320.00
12/21/2015       62.00       62.15       61.70       61.80          1061050.00
12/18/2015       64.00       64.00       61.20       62.00          1477220.00
12/17/2015       63.00       64.00       62.70       62.70          1931670.00
12/16/2015       64.30       64.30       62.70       62.70           362420.00
12/15/2015       64.25       65.40       63.00       63.00          1042840.00
12/14/2015       65.85       65.85       63.20       63.60          1960490.00
12/11/2015       67.90       67.90       65.80       66.30           821560.00
12/10/2015       68.20       68.20       67.75       67.90           261360.00
12/09/2015       68.00       68.70       68.00       68.05           672720.00
12/08/2015       68.90       69.00       67.50       68.00          1657110.00
12/07/2015       68.85       69.00       68.85       69.00           463050.00
12/04/2015       69.35       69.35       68.75       68.85          1482360.00
12/03/2015       69.95       69.95       69.30       69.30           359650.00
12/02/2015       71.50       71.50       69.10       70.00          1413020.00
12/01/2015       72.15       73.50       71.50       71.50           356620.00
11/27/2015       73.80       73.80       70.05       72.15           187100.00
11/26/2015       70.40       73.70       70.40       73.70           362010.00
11/25/2015       70.00       70.10       69.70       70.10             3030.00
11/24/2015       70.10       70.10       69.10       69.50          1058530.00
11/23/2015       70.00       70.40       70.00       70.10           522800.00
11/20/2015       71.50       71.50       68.15       69.95           141950.00
11/17/2015       70.00       71.80       70.00       71.50           121740.00
11/16/2015       69.00       71.00       69.00       69.20           232400.00
11/13/2015       70.85       70.85       67.00       69.00          1315610.00
11/12/2015       71.00       71.00       70.85       70.90           429820.00
11/11/2015       71.50       71.50       71.00       71.00           347510.00
11/10/2015       72.35       72.35       71.50       72.00           889930.00
11/09/2015       75.20       75.20       72.60       72.95            45840.00
11/06/2015       75.20       75.20       73.10       74.45            66000.00
11/05/2015       77.95       77.95       72.00       72.50           945090.00
11/04/2015       74.00       77.00       74.00       75.50           181910.00
11/03/2015       76.50       77.00       76.50       76.50          1232250.00
11/02/2015       77.50       77.50       73.55       76.50           518070.00
10/30/2015       77.00       77.10       76.90       76.90           821760.00
10/29/2015       77.00       77.30       77.00       77.15           290510.00
10/28/2015       77.00       77.50       77.00       77.15          1073610.00
10/27/2015       78.60       78.60       77.00       77.00          1385510.00
10/26/2015       76.00       79.20       76.00       78.00          1867480.00
10/23/2015       74.85       76.10       74.85       76.00           325670.00
10/22/2015       74.00       74.85       73.10       74.00           609250.00
10/21/2015       74.00       74.30       72.80       73.75            10270.00
10/20/2015       73.55       74.85       73.55       74.85           618530.00
10/19/2015       72.50       73.50       72.50       73.00            63550.00
10/16/2015       73.15       73.50       72.00       72.00           414060.00
10/15/2015       73.00       73.30       72.80       73.00           493820.00
10/14/2015       73.00       74.00       70.15       70.15           408800.00
10/13/2015       75.00       76.80       75.00       76.00           828450.00
10/12/2015       76.00       76.30       75.00       76.10           138400.00
10/09/2015       72.50       75.30       72.50       75.00           900110.00
10/08/2015       76.80       76.80       76.00       76.20           280920.00
10/07/2015       75.00       76.75       74.60       76.20           399480.00
10/06/2015       75.60       76.00       75.00       75.00           677780.00
10/05/2015       74.75       76.00       74.75       75.60           736390.00
10/02/2015       73.75       74.90       73.75       74.50           584690.00
10/01/2015       74.40       74.40       72.95       73.75          1073740.00
09/30/2015       72.95       72.95       72.75       72.95           610010.00
09/29/2015       71.00       72.95       71.00       72.95           812540.00
09/28/2015       72.50       72.95       72.50       72.95           610280.00
09/24/2015       73.10       73.10       71.50       71.90           107590.00
09/23/2015       73.00       73.00       72.00       72.00           301750.00
09/22/2015       71.55       73.00       71.00       73.00           510860.00
09/21/2015       71.55       71.55       70.00       71.50          1553210.00
09/18/2015       71.20       73.00       69.50       71.90           676350.00
09/17/2015       69.70       71.20       69.30       70.00           389790.00
09/16/2015       68.55       69.35       68.55       69.30           393050.00
09/15/2015       68.00       68.95       67.90       68.55           282950.00
09/14/2015       68.00       68.90       67.30       68.00           836840.00
09/11/2015       66.00       68.70       66.00       67.35           124360.00
09/10/2015       65.90       66.65       65.80       66.65           138280.00
09/09/2015       68.00       68.00       66.00       66.00           820160.00
09/08/2015       66.00       67.00       66.00       66.10           135530.00
09/07/2015       67.10       67.15       65.85       66.00          1082140.00
09/04/2015       67.90       67.90       66.80       67.45           268460.00
09/03/2015       69.00       69.00       67.70       67.90          1188180.00
09/02/2015       69.90       69.90       65.00       67.90          1238410.00
09/01/2015       69.50       69.75       67.25       67.25           831170.00
08/28/2015       70.60       71.20       69.50       69.50          1600500.00
08/27/2015       69.00       70.00       69.00       69.75          4861260.00
08/26/2015       71.50       71.50       65.00       68.00           589290.00
08/25/2015       64.00       69.00       63.80       66.00          1273830.00
08/24/2015       69.00       69.00       64.50       64.50          2554740.00
08/20/2015       72.00       73.05       71.50       71.50            42040.00
08/19/2015       72.95       73.00       72.00       72.00           176340.00
08/18/2015       73.30       74.00       72.00       72.95          1494260.00
08/17/2015       74.25       74.50       73.00       73.25          1866820.00
08/14/2015       75.00       75.00       74.05       74.50           330500.00
08/13/2015       79.10       79.10       74.95       75.00           671530.00
08/12/2015       78.50       79.35       78.25       78.50          2823190.00
08/11/2015       78.15       80.00       78.15       79.05           976100.00
08/10/2015       77.40       79.30       77.40       78.05          1032250.00
08/07/2015       76.05       78.00       76.05       77.40           846130.00
08/06/2015       78.80       78.80       77.00       77.75           110160.00
08/05/2015       78.00       78.80       76.55       78.80          1571780.00
08/04/2015       76.45       79.00       75.40       76.35           811600.00
08/03/2015       75.45       76.50       75.30       76.50           901960.00
07/31/2015       75.35       75.45       75.35       75.40           394320.00
07/30/2015       76.80       78.00       75.20       75.35           554080.00
07/29/2015       76.10       78.90       76.10       76.60           451310.00
07/28/2015       79.05       79.05       76.20       77.00           301390.00
07/27/2015       79.05       79.25       78.95       79.20           820350.00
07/24/2015       79.00       79.10       79.00       79.05           981240.00
07/23/2015       79.25       79.35       77.00       79.00          1668160.00
07/22/2015       77.00       79.60       77.00       79.25          1431840.00
07/21/2015       75.40       77.20       75.40       77.00          1473330.00
07/20/2015       73.50       75.20       73.45       74.60           408450.00
07/16/2015       72.00       72.75       72.00       72.75            33200.00
07/15/2015       71.50       72.00       71.50       72.00            10760.00
07/14/2015       71.95       71.95       70.50       70.50           408960.00
07/13/2015       70.50       71.95       70.50       70.65           150490.00
07/10/2015       71.30       71.30       70.15       70.50          1528040.00
07/09/2015       70.60       72.45       70.00       71.30           958540.00
07/08/2015       71.35       72.15       71.35       71.60           257280.00
07/07/2015       72.00       72.50       71.30       71.35          1122650.00
07/06/2015       74.60       74.60       72.05       72.05           496530.00
07/03/2015       76.50       76.50       74.75       74.80            51360.00
07/02/2015       75.50       76.40       75.20       76.00           280190.00
07/01/2015       74.00       75.50       73.00       75.50            49280.00
06/30/2015       76.00       76.00       73.70       74.45           822760.00
06/29/2015       73.00       76.50       72.50       76.50          2021500.00
06/26/2015       73.80       74.50       73.80       74.00          4232010.00
06/25/2015       74.50       74.50       73.70       73.85           862980.00
06/24/2015       76.80       76.95       73.85       74.00          1889170.00
06/23/2015       76.00       76.00       73.80       73.85          1762520.00
06/22/2015       76.70       77.00       75.10       75.50           203620.00
06/19/2015       76.30       76.50       75.95       75.95          1171580.00
06/18/2015       76.20       76.60       76.20       76.30           417680.00
06/17/2015       77.30       77.30       75.40       76.10          1978440.00
06/16/2015       77.80       78.00       77.30       78.00          2334560.00
06/15/2015       76.00       77.90       76.00       77.35          1503580.00
06/11/2015       72.80       76.00       72.75       76.00          1088680.00
06/10/2015       70.80       72.80       70.80       72.05          2427480.00
06/09/2015       74.15       74.15       70.20       70.50          2215090.00
06/08/2015       74.90       74.95       74.05       74.15           952170.00
06/05/2015       74.10       74.90       74.10       74.25           467510.00
06/04/2015       74.20       75.00       74.00       74.10          3838140.00
06/03/2015       73.05       74.40       73.05       73.85          1158620.00
06/02/2015       75.40       75.40       73.00       73.05          2560190.00
06/01/2015       75.00       75.55       75.00       75.40           723090.00
05/29/2015       74.00       75.95       74.00       75.00          5896930.00
05/28/2015       79.00       79.00       73.00       74.00          2853960.00
05/27/2015       77.20       77.20       75.10       75.10          2664810.00
05/26/2015       80.00       80.00       76.00       77.20          1143560.00
05/25/2015       81.90       81.90       79.40       79.40          1543640.00
05/22/2015       84.00       84.00       81.90       81.90           123280.00
05/21/2015       82.50       83.85       81.90       81.90           578230.00
05/20/2015       84.00       84.00       82.30       82.50           604020.00
05/19/2015       85.40       85.40       83.95       84.00          1205040.00
05/18/2015       88.20       88.20       84.50       85.50          1112350.00
05/15/2015       83.60       88.20       83.60       87.50           945470.00
05/14/2015       82.90       84.90       82.35       83.80           613490.00
05/13/2015       85.50       85.50       82.00       82.35          1813870.00
05/12/2015       85.60       85.60       85.00       85.00           984400.00
05/11/2015       85.50       86.00       85.50       86.00            30150.00
05/08/2015       85.00       85.80       84.80       85.50           329630.00
05/07/2015       85.45       85.45       84.55       84.95           768590.00
05/06/2015       86.95       86.95       85.90       85.90           309230.00
05/05/2015       85.95       87.00       85.90       85.90          1677620.00
05/04/2015       87.00       87.00       86.00       86.10           162520.00
04/30/2015       85.35       87.00       85.00       87.00          1172530.00
04/29/2015       87.10       87.30       85.00       85.35           872320.00
04/28/2015       87.20       88.50       87.20       87.40          1245300.00
04/27/2015       85.00       87.80       85.00       87.30          1266410.00
04/24/2015       86.30       87.35       86.30       86.95          1599390.00
04/23/2015       84.00       86.25       84.00       86.25          1188800.00
04/22/2015       84.00       84.00       83.00       83.60          1128360.00
04/21/2015       83.20       84.50       82.80       84.00           813470.00
04/20/2015       84.00       84.00       82.30       83.00           999750.00
04/17/2015       85.50       85.50       84.00       84.00           899190.00
04/16/2015       85.10       85.50       84.85       85.50          2326360.00
04/15/2015       86.50       86.50       84.45       85.00          1989470.00
04/14/2015       83.10       86.00       82.65       86.00          1709050.00
04/13/2015       84.10       84.10       82.75       83.10          2803970.00
04/10/2015       84.00       84.50       83.80       84.25          1599580.00
04/08/2015       84.20       86.00       84.20       84.70          1129880.00
04/07/2015       84.20       85.00       83.80       84.00           959520.00
04/06/2015       84.50       84.50       84.00       84.20           791990.00
04/01/2015       84.05       85.80       84.00       84.50          1622810.00
03/31/2015       85.50       85.60       84.00       84.00           737150.00
03/30/2015       84.30       86.50       84.00       85.50          1103670.00
03/27/2015       86.50       86.50       84.50       84.55          1242340.00
03/26/2015       84.40       84.95       84.00       84.80          1704160.00
03/25/2015       85.00       85.60       84.60       84.80          3607850.00
03/24/2015       89.00       89.00       84.00       84.95          4789240.00
03/23/2015       88.95       89.50       87.55       88.70           564980.00
03/20/2015       87.00       90.10       87.00       89.00          2878580.00
03/19/2015       85.65       88.00       85.65       87.00          1296100.00
03/18/2015       85.15       85.90       84.90       85.75           700610.00
03/17/2015       86.50       86.80       85.30       85.50          1341430.00
03/16/2015       87.00       87.00       85.30       85.90           723130.00
03/13/2015       88.95       90.05       87.00       87.00          2150000.00
03/12/2015       87.00       88.50       86.50       88.00          3170650.00
03/11/2015       87.20       87.25       86.00       86.70           623660.00
03/10/2015       85.50       87.50       85.50       86.15          2460140.00
03/09/2015       84.90       85.10       84.60       84.90           329310.00
03/06/2015       85.80       86.50       84.00       84.20          1296600.00
03/05/2015       86.60       87.00       85.50       85.80           619890.00
03/04/2015       83.80       87.45       83.80       86.60          2030340.00
03/03/2015       84.00       86.70       83.50       83.60           505150.00
03/02/2015       85.00       87.00       83.60       87.00          1765980.00
02/27/2015       82.00       86.00       81.50       85.00          1312950.00
02/26/2015       83.90       83.90       81.30       82.00          2188750.00
02/25/2015       85.85       85.85       83.70       83.85          1118990.00
02/24/2015       85.00       86.00       85.00       85.85          2274890.00
02/23/2015       87.50       87.70       85.00       85.20           221230.00
02/20/2015       87.60       88.00       87.45       87.50          2077820.00
02/18/2015       84.30       89.80       84.30       87.60          2327920.00
02/17/2015       84.50       85.00       84.00       84.30           839270.00
02/16/2015       85.60       87.50       84.00       84.00          1279220.00
02/13/2015       84.00       86.50       84.00       85.60          3970690.00
02/12/2015       84.50       85.00       83.50       84.50          2795770.00
02/11/2015       84.00       84.20       83.80       84.20          1279140.00
02/10/2015       83.50       85.00       83.50       84.00          3702120.00
02/09/2015       81.05       83.00       80.20       83.00          1016070.00
02/06/2015       81.20       82.00       80.00       81.00           409490.00
02/05/2015       78.00       82.00       77.60       81.20          1632120.00
02/04/2015       78.80       78.80       77.50       77.80           708390.00
02/03/2015       78.00       79.00       77.80       78.00           988870.00
02/02/2015       79.20       79.20       79.00       79.00          1851660.00
01/30/2015       79.90       80.05       78.80       79.20          1172820.00
01/29/2015       80.00       80.55       79.00       80.10          1884250.00
01/28/2015       80.00       80.00       78.70       80.00           646700.00
01/27/2015       79.00       81.00       79.00       79.60           688770.00
01/26/2015       77.35       79.95       77.35       79.00          1816140.00
01/23/2015       76.00       77.80       76.00       77.35          2158970.00
01/22/2015       77.00       77.20       74.50       75.30          2764080.00
01/21/2015       77.60       77.60       76.50       77.00           308500.00
01/20/2015       77.40       79.00       77.40       77.50          1219910.00
01/19/2015       80.00       80.00       77.30       77.30           587640.00
01/14/2015       78.05       80.50       78.00       80.00          1005650.00
01/13/2015       78.00       78.20       77.75       78.00           855240.00
01/12/2015       78.10       78.50       78.00       78.25           359230.00
01/09/2015       77.95       80.50       77.95       78.00           914370.00
01/08/2015       77.80       80.85       77.80       78.00          2449030.00
01/07/2015       78.25       78.25       77.90       77.95           968250.00
01/06/2015       77.80       78.10       77.25       77.80          1694870.00
01/05/2015       75.00       80.00       75.00       78.10          1289970.00
