SCC  1216

12/27/2019       22.00       22.60       21.60       22.00          2253400.00
12/26/2019       21.90       21.95       21.70       21.95           585400.00
12/23/2019       21.60       21.90       21.60       21.80          1129800.00
12/20/2019       21.15       21.55       21.10       21.55          1146500.00
12/19/2019       21.20       21.20       20.95       21.10          1098000.00
12/18/2019       21.00       21.40       20.65       21.20          1603800.00
12/17/2019       21.00       21.65       20.95       21.00           915600.00
12/16/2019       20.45       21.60       20.45       20.90          2644500.00
12/13/2019       20.20       21.20       20.20       20.40          4309400.00
12/12/2019       20.45       20.60       19.90       20.15          2332000.00
12/11/2019       20.30       20.50       20.15       20.40          1072200.00
12/10/2019       20.20       20.30       20.00       20.15          1613600.00
12/09/2019       20.00       20.60       20.00       20.20          3065400.00
12/06/2019       20.80       21.00       19.00       20.00          4472200.00
12/05/2019       21.35       21.35       20.65       20.80          1430800.00
12/04/2019       21.00       21.50       20.45       20.85          2553600.00
12/03/2019       21.30       21.60       21.00       21.00          2804800.00
12/02/2019       21.85       21.85       21.50       21.60          2544200.00
11/29/2019       21.85       21.95       21.75       21.80           571700.00
11/28/2019       21.90       22.00       21.80       21.85          3639900.00
11/27/2019       21.75       22.00       21.50       21.90          2636200.00
11/26/2019       20.55       22.00       20.55       22.00          2756700.00
11/25/2019       21.00       21.40       20.20       20.50          2556000.00
11/22/2019       20.20       20.85       20.15       20.75          2396800.00
11/21/2019       21.90       21.95       19.76       19.76          4759800.00
11/20/2019       23.00       23.05       20.35       21.85          8647400.00
11/19/2019       23.60       23.60       23.30       23.40           407000.00
11/18/2019       23.90       23.90       23.55       23.65           150300.00
11/15/2019       23.70       23.90       23.40       23.90          1122700.00
11/14/2019       23.65       23.70       23.15       23.70          1094000.00
11/13/2019       23.55       23.60       23.20       23.55           252000.00
11/12/2019       23.70       23.75       23.50       23.55           344700.00
11/11/2019       23.50       23.80       23.50       23.65           491500.00
11/08/2019       23.45       23.80       23.20       23.80          1608200.00
11/07/2019       23.30       23.45       23.25       23.45           368900.00
11/06/2019       23.10       23.25       23.00       23.05           238900.00
11/05/2019       23.65       23.70       22.90       23.00          1909400.00
11/04/2019       23.35       23.75       23.35       23.65           595200.00
10/31/2019       23.30       23.35       23.15       23.35           895200.00
10/30/2019       23.20       23.35       23.05       23.35           583000.00
10/29/2019       23.60       23.60       23.10       23.35          1527100.00
10/28/2019       23.75       23.75       23.10       23.70           846100.00
10/25/2019       23.50       23.80       22.75       23.80           847300.00
10/24/2019       23.40       23.75       23.15       23.50           741200.00
10/23/2019       23.15       23.50       23.00       23.50          3143700.00
10/22/2019       22.75       23.10       22.75       23.10          1522400.00
10/21/2019       22.60       22.95       22.55       22.75           189500.00
10/18/2019       22.90       22.90       22.50       22.50           645400.00
10/17/2019       22.95       22.95       22.70       22.95            34300.00
10/16/2019       22.95       23.00       22.60       22.80           680500.00
10/15/2019       23.00       23.00       22.95       23.00           111200.00
10/14/2019       22.90       23.00       22.90       23.00           134100.00
10/11/2019       23.00       23.00       22.70       22.90          1370600.00
10/10/2019       23.00       23.00       22.85       22.90           748300.00
10/09/2019       22.95       23.15       22.85       23.00           756900.00
10/08/2019       22.10       23.15       21.85       23.00          1961400.00
10/07/2019       21.85       22.20       21.80       22.20           145300.00
10/04/2019       22.30       22.30       21.70       21.85           389300.00
10/03/2019       21.75       22.35       21.70       22.35           426200.00
10/02/2019       22.10       22.60       22.00       22.05          2044700.00
10/01/2019       22.60       22.60       22.10       22.10           294400.00
09/30/2019       22.50       22.85       22.05       22.80          1023800.00
09/27/2019       22.40       22.50       22.05       22.05           431400.00
09/26/2019       22.75       22.75       22.20       22.70          1486300.00
09/25/2019       22.35       22.75       22.15       22.75           238500.00
09/24/2019       22.65       22.85       22.05       22.35          1128500.00
09/23/2019       23.05       23.15       22.65       22.65           436600.00
09/20/2019       23.45       23.45       23.05       23.05          1448900.00
09/19/2019       23.50       23.50       23.20       23.50           114800.00
09/18/2019       23.35       23.50       23.10       23.50           558900.00
09/17/2019       23.90       23.90       23.05       23.40           797400.00
09/16/2019       23.75       23.95       23.05       23.95         15713100.00
09/13/2019       23.80       23.85       23.50       23.75           331100.00
09/12/2019       23.45       23.80       23.00       23.70          3642300.00
09/11/2019       23.45       23.70       23.00       23.40          1125700.00
09/10/2019       23.20       23.40       22.95       23.40          1379600.00
09/09/2019       23.40       23.40       23.00       23.15           129800.00
09/06/2019       22.80       23.35       22.50       23.35           410500.00
09/05/2019       23.00       23.00       22.60       22.80           514700.00
09/04/2019       23.10       23.25       22.80       23.05           240000.00
09/03/2019       23.00       23.10       22.90       23.00           433600.00
09/02/2019       23.25       23.25       22.95       23.00          1397400.00
08/30/2019       23.10       23.20       22.95       23.20          1707300.00
08/29/2019       23.00       23.10       22.90       23.00           697700.00
08/28/2019       22.90       23.00       22.75       23.00           432400.00
08/27/2019       22.65       22.90       22.10       22.90           601200.00
08/23/2019       22.80       22.95       22.50       22.65           297000.00
08/22/2019       22.40       23.00       22.40       22.80           523500.00
08/20/2019       23.00       23.00       22.50       22.95           228700.00
08/19/2019       22.35       23.00       22.35       23.00          1283500.00
08/16/2019       22.15       22.65       22.15       22.30           665700.00
08/15/2019       22.10       22.70       21.90       22.70           789300.00
08/14/2019       23.00       23.00       22.45       22.90          1099500.00
08/13/2019       22.80       23.50       21.55       23.50          1623400.00
08/09/2019       22.45       22.90       22.20       22.90           900800.00
08/08/2019       22.45       22.45       22.00       22.40          2191000.00
08/07/2019       22.55       22.55       22.30       22.45           601700.00
08/06/2019       22.95       22.95       22.10       22.55           986500.00
08/05/2019       23.15       23.15       22.50       23.00          1011200.00
08/02/2019       23.00       23.15       22.40       23.15           555700.00
08/01/2019       22.90       23.45       22.80       23.00          1380500.00
07/31/2019       23.25       23.45       22.80       23.00          1374800.00
07/30/2019       24.20       24.20       23.00       23.30         17617301.00
07/29/2019       23.80       24.20       23.45       23.90          1517600.00
07/26/2019       24.50       24.50       23.50       23.80          1789300.00
07/25/2019       24.55       24.80       24.20       24.55          3150000.00
07/24/2019       24.55       24.60       24.40       24.55          3472100.00
07/23/2019       24.15       24.70       24.15       24.55          2567800.00
07/22/2019       24.00       24.10       23.80       24.10          1223000.00
07/19/2019       23.75       24.15       23.75       24.00          3599400.00
07/18/2019       23.50       23.80       23.35       23.75          1162100.00
07/17/2019       23.90       23.90       23.35       23.50          1421500.00
07/16/2019       22.80       23.95       22.80       23.95          4117200.00
07/15/2019       22.55       22.90       22.55       22.80           837400.00
07/12/2019       22.35       22.90       22.35       22.50          1477000.00
07/11/2019       23.15       23.15       22.30       22.30          2051300.00
07/10/2019       23.25       23.25       22.75       23.00          1385000.00
07/09/2019       23.15       23.25       22.70       23.25           942600.00
07/08/2019       22.75       23.15       22.50       22.80           733900.00
07/05/2019       22.80       23.10       22.50       22.70          1119400.00
07/04/2019       23.30       23.30       22.75       22.80           542700.00
07/03/2019       23.70       23.75       23.00       23.00          1117600.00
07/02/2019       23.70       23.75       23.20       23.70          1010100.00
07/01/2019       23.20       23.70       23.20       23.45          1201500.00
06/28/2019       22.90       23.20       22.90       23.15          1017600.00
06/27/2019       22.75       23.15       22.65       22.80          4439500.00
06/26/2019       22.45       23.10       22.35       22.75          2412500.00
06/25/2019       22.10       22.50       22.00       22.40          3215400.00
06/24/2019       21.80       22.20       21.80       22.10           504300.00
06/21/2019       22.15       22.15       21.80       21.80          1774000.00
06/20/2019       21.30       22.15       21.30       22.00          2138600.00
06/19/2019       21.75       21.85       21.30       21.50           890700.00
06/18/2019       22.10       22.10       21.60       21.75           370600.00
06/17/2019       21.65       22.45       21.60       22.00          2358300.00
06/14/2019       22.00       22.00       21.65       21.75           489800.00
06/13/2019       21.80       22.00       21.60       22.00           632700.00
06/11/2019       21.85       21.85       21.55       21.80           582500.00
06/10/2019       21.90       21.90       21.70       21.85           726600.00
06/07/2019       21.75       21.95       21.60       21.90           601600.00
06/06/2019       21.60       21.90       21.55       21.80          1954400.00
06/04/2019       22.25       22.25       21.50       21.50           870700.00
06/03/2019       22.00       22.05       21.85       21.95          1030800.00
05/31/2019       21.80       22.25       21.50       22.00          1648200.00
05/30/2019       21.95       22.20       21.30       21.30          2725100.00
05/29/2019       22.00       22.35       21.85       21.95          1532700.00
05/28/2019       22.65       22.75       21.65       22.50         26260301.00
05/27/2019       22.30       22.95       22.05       22.15          3358900.00
05/24/2019       22.65       22.65       22.30       22.35          2514800.00
05/23/2019       22.45       22.70       22.35       22.35          3069600.00
05/22/2019       22.30       23.00       22.00       22.00          3012100.00
05/21/2019       22.00       22.80       22.00       22.30          1845900.00
05/20/2019       21.95       22.80       21.95       22.00          2357300.00
05/17/2019       21.90       22.35       21.85       21.95          2300200.00
05/16/2019       22.00       22.40       21.90       22.00          4088400.00
05/15/2019       22.50       22.50       21.80       22.00          4320000.00
05/14/2019       22.60       23.55       22.00       22.35          3923600.00
05/10/2019       22.50       22.50       21.50       21.70          3096600.00
05/09/2019       23.00       23.35       22.25       22.40          2747400.00
05/08/2019       23.65       23.65       22.10       23.00          3390400.00
05/07/2019       23.40       23.75       23.30       23.65          1302500.00
05/06/2019       23.85       24.15       23.35       23.65          1385200.00
05/03/2019       23.70       24.40       23.50       24.00          2272800.00
05/02/2019       23.75       24.00       23.70       23.70          1473500.00
04/30/2019       23.85       23.90       23.50       23.85          2480700.00
04/29/2019       23.55       23.95       23.35       23.60          2832900.00
04/26/2019       23.70       23.70       23.60       23.60           756300.00
04/25/2019       23.70       23.95       23.50       23.70           627700.00
04/24/2019       23.65       24.00       23.45       23.70           804700.00
04/23/2019       23.70       23.75       23.20       23.65           554700.00
04/22/2019       24.35       24.35       23.50       23.70          1118500.00
04/17/2019       24.50       24.50       24.10       24.30          1432800.00
04/16/2019       23.85       24.50       23.00       24.50          3331600.00
04/15/2019       23.35       23.85       23.00       23.85          1709900.00
04/12/2019       23.30       23.45       23.00       23.35          1706700.00
04/11/2019       22.70       23.35       22.40       23.30          2868700.00
04/10/2019       22.10       22.65       22.10       22.35           969800.00
04/08/2019       21.75       22.30       21.75       22.00          2365700.00
04/05/2019       21.90       22.00       21.75       21.85           241500.00
04/04/2019       22.00       22.10       21.70       21.90           366500.00
04/03/2019       22.00       22.20       21.70       22.00           830700.00
04/02/2019       21.50       22.30       21.40       22.00          1049600.00
04/01/2019       21.95       21.95       21.45       21.55           324200.00
03/29/2019       21.85       21.95       21.50       21.95          1507300.00
03/28/2019       21.95       22.00       21.00       21.95          1233500.00
03/27/2019       22.70       23.00       22.50       22.80          2272800.00
03/26/2019       22.80       23.00       22.60       22.65          1019500.00
03/25/2019       23.10       23.20       22.55       22.55          2001800.00
03/22/2019       23.00       23.40       22.95       23.00          1745900.00
03/21/2019       23.20       23.70       22.90       22.90          3537100.00
03/20/2019       22.00       23.20       22.00       23.20          3118500.00
03/19/2019       22.50       22.80       21.80       22.00          1413800.00
03/18/2019       21.80       22.60       21.80       22.50          3241500.00
03/15/2019       21.05       21.60       21.05       21.60          7589300.00
03/14/2019       20.00       21.25       20.00       21.00          3125600.00
03/13/2019       20.15       20.25       19.86       19.90          3289200.00
03/12/2019       20.00       20.35       20.00       20.10          1196200.00
03/11/2019       20.35       20.40       20.00       20.00           620900.00
03/08/2019       20.00       20.45       19.90       20.35          1376700.00
03/07/2019       20.20       20.40       19.94       20.00          2591000.00
03/06/2019       19.90       20.30       19.90       19.96          4817300.00
03/05/2019       20.40       20.80       19.80       19.90          4465800.00
03/04/2019       21.65       21.65       20.25       20.35          2779900.00
03/01/2019       22.50       22.50       21.00       21.75          1818600.00
02/28/2019       23.00       23.00       22.30       22.50           815300.00
02/27/2019       23.00       23.10       22.80       22.85          2700300.00
02/26/2019       22.75       23.15       22.75       22.90           727700.00
02/22/2019       22.75       22.85       22.65       22.75          1047800.00
02/21/2019       22.80       22.85       22.60       22.75           875000.00
02/20/2019       22.50       22.95       22.50       22.60           628000.00
02/19/2019       22.80       22.95       22.50       22.50          1136700.00
02/18/2019       23.10       23.20       22.60       22.60          1290200.00
02/15/2019       23.50       23.50       23.05       23.05           734500.00
02/14/2019       23.65       23.75       23.25       23.25           211100.00
02/13/2019       23.30       23.70       23.05       23.70          1137400.00
02/12/2019       23.55       23.80       23.10       23.30          1314700.00
02/11/2019       23.60       23.70       23.50       23.55           768100.00
02/08/2019       23.90       24.00       23.60       23.70           687900.00
02/07/2019       24.30       24.40       23.50       23.90          1183500.00
02/06/2019       23.60       24.40       23.60       24.15          1526800.00
02/04/2019       23.60       23.85       23.50       23.60          1361500.00
02/01/2019       23.70       24.15       23.50       23.50          1852100.00
01/31/2019       23.30       23.70       23.30       23.70           524200.00
01/30/2019       23.60       23.60       23.00       23.20          1352500.00
01/29/2019       23.35       23.70       23.25       23.50          1162200.00
01/28/2019       23.10       24.00       23.10       23.25          1009100.00
01/25/2019       23.15       23.50       23.05       23.05          1357700.00
01/24/2019       24.50       24.50       23.10       23.10          4177200.00
01/23/2019       24.50       24.70       24.25       24.40           253100.00
01/22/2019       24.30       24.75       24.25       24.45           698200.00
01/21/2019       24.40       24.40       24.05       24.20          1157900.00
01/18/2019       24.00       24.15       24.00       24.00          1730200.00
01/17/2019       24.25       24.45       24.00       24.00          1091700.00
01/16/2019       24.40       24.45       24.00       24.15           857100.00
01/15/2019       24.15       24.65       24.00       24.10          2434900.00
01/14/2019       24.30       24.70       23.80       24.10          1105300.00
01/11/2019       25.05       25.05       24.30       24.30           678700.00
01/10/2019       24.60       25.25       24.40       24.40          3186700.00
01/09/2019       24.40       24.85       24.35       24.60          1183400.00
01/08/2019       24.95       25.10       24.30       24.40           734400.00
01/07/2019       24.70       25.30       24.70       24.90          1712400.00
01/04/2019       24.20       24.85       24.20       24.70          1534000.00
01/03/2019       23.20       24.30       23.20       24.15          1220800.00
01/02/2019       23.05       23.30       23.05       23.20           418900.00
12/28/2018       23.60       23.60       23.00       23.05          1366100.00
12/27/2018       23.75       23.75       23.10       23.50          1313100.00
12/26/2018       22.50       23.45       22.50       23.30           847600.00
12/21/2018       23.50       23.75       22.50       22.50          4152600.00
12/20/2018       24.00       24.40       23.45       23.50          2569000.00
12/19/2018       23.50       24.60       23.40       23.95          1464300.00
12/18/2018       23.30       23.55       23.30       23.40           702000.00
12/17/2018       24.00       24.10       23.30       23.30          3020100.00
12/14/2018       24.25       24.55       23.45       24.00          3029600.00
12/13/2018       24.60       24.80       24.15       24.20          2449700.00
12/12/2018       24.55       24.70       24.50       24.50          1265500.00
12/11/2018       24.70       24.70       24.20       24.50          2117500.00
12/10/2018       24.55       25.00       24.20       24.50          1957900.00
12/07/2018       25.00       25.75       24.50       24.55          2140200.00
12/06/2018       25.20       26.00       24.90       24.95          3813000.00
12/05/2018       26.00       26.00       25.20       25.20          1916900.00
12/04/2018       26.60       26.80       25.80       26.00          1619800.00
12/03/2018       26.50       27.10       26.30       26.65          1408300.00
11/29/2018       26.10       26.60       26.10       26.20          1228400.00
11/28/2018       26.05       26.15       25.60       25.90          1023400.00
11/27/2018       26.90       26.90       25.80       26.05          1298700.00
11/26/2018       25.65       27.15       25.65       26.90          1199900.00
11/23/2018       25.10       25.75       24.70       25.60           600000.00
11/22/2018       25.00       25.05       24.75       24.75           589600.00
11/21/2018       26.00       26.00       24.75       25.00          3076300.00
11/20/2018       26.10       26.10       25.50       26.00           560600.00
11/19/2018       26.00       26.50       25.70       26.00          2190200.00
11/16/2018       25.85       26.25       24.85       26.00          2802400.00
11/15/2018       26.10       26.70       26.05       26.25           802400.00
11/14/2018       26.05       26.65       25.50       26.10           846700.00
11/13/2018       26.15       26.60       26.05       26.05           841500.00
11/12/2018       25.50       26.60       25.50       26.10           957700.00
11/09/2018       26.00       26.50       25.50       25.50          2426600.00
11/08/2018       27.95       27.95       26.00       26.00          3075000.00
11/07/2018       29.00       29.15       28.70       28.90          1559000.00
11/06/2018       29.10       29.30       28.75       29.00          1014800.00
11/05/2018       28.20       28.95       28.00       28.95          1770500.00
10/31/2018       28.10       28.10       27.20       27.95           653100.00
10/30/2018       27.20       27.90       27.20       27.80            77200.00
10/29/2018       27.10       27.65       27.00       27.20           356100.00
10/26/2018       27.20       28.10       26.60       26.60           407700.00
10/25/2018       28.20       28.20       26.90       27.20          1304100.00
10/24/2018       28.70       29.10       27.75       28.25           346100.00
10/23/2018       28.80       29.25       28.50       28.80           428500.00
10/22/2018       29.00       29.00       28.25       28.60          1181300.00
10/19/2018       27.80       29.50       27.15       29.50          8768500.00
10/18/2018       27.60       27.95       27.30       27.90           708500.00
10/17/2018       26.40       27.65       26.40       27.05          2134200.00
10/16/2018       26.75       26.75       25.70       26.10           672400.00
10/15/2018       26.15       26.85       25.90       26.00          2895300.00
10/12/2018       25.00       26.05       24.90       26.00          1301800.00
10/11/2018       24.45       25.00       24.00       25.00          1039200.00
10/10/2018       25.00       25.40       24.45       24.65          2910100.00
10/09/2018       25.50       25.80       24.55       24.70          1905900.00
10/08/2018       25.10       26.00       25.10       25.50          1826200.00
10/05/2018       25.00       25.40       24.95       25.10          3279800.00
10/04/2018       24.75       25.10       24.50       25.00          1055900.00
10/03/2018       25.00       25.00       24.40       24.70           871400.00
10/02/2018       26.00       26.15       24.45       24.50          2611800.00
10/01/2018       26.70       27.40       26.00       26.00           692400.00
09/28/2018       27.00       27.35       26.70       26.70          1076000.00
09/27/2018       27.00       27.10       26.85       27.00          1461300.00
09/26/2018       27.45       27.60       26.75       26.95           402300.00
09/25/2018       27.70       27.70       26.95       27.45           265600.00
09/24/2018       27.35       27.90       27.15       27.65           576800.00
09/21/2018       26.60       27.60       26.60       27.15          3215400.00
09/20/2018       27.05       27.20       26.60       26.60           616700.00
09/19/2018       27.90       28.20       26.95       27.00          2111600.00
09/18/2018       28.60       28.60       27.60       27.90          1439700.00
09/17/2018       29.00       29.35       28.50       28.60           481100.00
09/14/2018       29.40       29.40       28.95       29.00          1154700.00
09/13/2018       29.30       29.30       28.90       29.25          1315900.00
09/12/2018       29.20       29.40       29.20       29.30           732000.00
09/11/2018       29.50       29.50       28.95       29.10          1004400.00
09/10/2018       29.45       29.90       28.80       29.50          4598800.00
09/07/2018       29.60       30.20       29.00       29.00          2717000.00
09/06/2018       30.00       30.00       29.00       29.50          1298300.00
09/05/2018       30.60       31.00       29.90       30.00          2041000.00
09/04/2018       29.70       30.70       29.70       30.50          2762900.00
09/03/2018       29.10       29.70       29.05       29.55           672300.00
08/31/2018       29.10       29.75       29.00       29.00          4713600.00
08/30/2018       28.90       29.35       28.70       29.10          4158400.00
08/29/2018       29.70       29.70       28.65       28.90          2862900.00
08/28/2018       29.50       29.50       29.10       29.20          2375300.00
08/24/2018       30.00       30.00       29.20       29.25          1278600.00
08/23/2018       29.80       30.00       29.70       29.90          5430800.00
08/22/2018       29.15       29.70       29.10       29.70          2402600.00
08/20/2018       29.90       30.00       29.10       29.15          1255200.00
08/17/2018       30.10       30.25       29.75       30.00          5958700.00
08/16/2018       30.80       30.80       29.80       30.00          2857900.00
08/15/2018       31.35       31.35       30.35       30.80          1741800.00
08/14/2018       31.90       31.90       31.05       31.30          3055300.00
08/13/2018       32.00       32.30       31.70       31.90          2549200.00
08/10/2018       32.00       32.30       31.95       32.00          3381300.00
08/09/2018       32.25       32.90       31.85       31.85          2395500.00
08/08/2018       32.20       32.30       32.10       32.20          1961900.00
08/07/2018       32.35       32.35       31.90       32.20          1385700.00
08/06/2018       32.70       32.70       31.80       32.30          2033600.00
08/03/2018       32.80       32.95       32.55       32.75          2277500.00
08/02/2018       32.35       32.95       32.10       32.75           677200.00
08/01/2018       31.80       32.40       31.80       32.30           450800.00
07/31/2018       32.40       32.40       31.60       31.70          2363200.00
07/30/2018       31.70       32.50       31.70       32.00          1212000.00
07/27/2018       31.95       32.20       31.30       31.60          1030600.00
07/26/2018       32.85       32.85       31.90       31.90          1278200.00
07/25/2018       33.05       33.05       32.30       32.50          1818200.00
07/24/2018       31.55       33.05       31.55       33.05          2322200.00
07/23/2018       31.50       31.65       31.45       31.50          1058200.00
07/20/2018       31.50       31.70       31.50       31.55          1307200.00
07/19/2018       31.65       31.65       31.40       31.50           397500.00
07/18/2018       31.50       31.75       31.40       31.65          1089500.00
07/17/2018       31.80       31.90       31.10       31.65          1103900.00
07/16/2018       31.85       31.90       31.50       31.65           451700.00
07/13/2018       31.55       31.95       31.55       31.85          1115100.00
07/12/2018       31.95       31.95       31.45       31.50           909700.00
07/11/2018       31.20       31.80       31.00       31.80          2574400.00
07/10/2018       30.75       31.20       30.75       31.15           742200.00
07/09/2018       30.40       30.80       30.30       30.70           256500.00
07/06/2018       30.80       30.80       30.30       30.70           306800.00
07/05/2018       30.85       30.85       30.50       30.80           138800.00
07/04/2018       30.30       31.25       30.30       30.80          1501300.00
07/03/2018       30.95       30.95       30.30       30.55           934600.00
07/02/2018       30.30       30.95       30.20       30.60          1278800.00
06/29/2018       30.05       30.40       30.00       30.30          2689700.00
06/28/2018       30.25       30.25       29.55       30.05          1092500.00
06/27/2018       29.70       30.30       29.50       30.10          1854700.00
06/26/2018       29.85       29.85       29.55       29.70          1103900.00
06/25/2018       30.00       30.05       29.10       30.00          1403900.00
06/22/2018       28.80       29.15       28.15       29.10          2653600.00
06/21/2018       29.25       30.00       28.50       28.80          3868500.00
06/20/2018       29.20       29.90       29.10       29.25          1257400.00
06/19/2018       29.55       30.00       29.25       29.25          1825500.00
06/18/2018       30.65       30.65       29.50       29.90          2382400.00
06/14/2018       30.75       30.95       30.40       30.65          3915900.00
06/13/2018       31.05       31.45       30.40       30.90          3174100.00
06/11/2018       30.25       31.65       30.10       31.40          2961100.00
06/08/2018       30.55       30.55       29.75       30.00          2953900.00
06/07/2018       29.85       30.85       29.85       30.55          4806100.00
06/06/2018       30.65       30.70       29.60       29.75          2981500.00
06/05/2018       29.10       30.30       29.10       30.05          5369000.00
06/04/2018       28.75       29.20       28.50       29.00          1890100.00
06/01/2018       28.50       29.05       28.40       28.75          1588400.00
05/31/2018       28.50       28.75       28.50       28.60           754600.00
05/30/2018       28.35       28.50       28.10       28.25           883100.00
05/29/2018       28.40       28.40       28.25       28.30           928200.00
05/28/2018       28.20       28.45       28.00       28.40           633800.00
05/25/2018       28.55       28.60       27.90       28.00          2116000.00
05/24/2018       28.95       28.95       28.05       28.20          1424200.00
05/23/2018       29.00       29.35       28.65       28.95           895000.00
05/22/2018       29.40       29.40       28.65       28.75           589900.00
05/21/2018       28.65       29.65       28.55       29.65          1300400.00
05/18/2018       29.80       29.80       28.75       29.00          1356600.00
05/17/2018       29.85       30.00       29.60       29.80          1421500.00
05/16/2018       29.70       30.20       29.50       29.70          4631700.00
05/15/2018       29.10       29.80       29.10       29.30          1935100.00
05/11/2018       28.20       29.60       28.20       29.00          2315400.00
05/10/2018       28.25       28.50       28.10       28.20          1646400.00
05/09/2018       28.05       28.40       28.00       28.25           844900.00
05/08/2018       27.65       28.40       27.55       28.00          2421400.00
05/07/2018       29.70       29.70       27.50       27.65          2736000.00
05/04/2018       29.80       30.05       29.00       29.15          1461400.00
05/03/2018       30.40       30.50       29.75       29.75          1438500.00
05/02/2018       30.70       30.70       29.75       29.90           596000.00
04/30/2018       30.25       30.85       29.60       30.85          1415600.00
04/27/2018       29.55       30.25       29.55       30.25           296600.00
04/26/2018       30.00       30.00       29.60       29.60          1692400.00
04/25/2018       30.00       30.20       29.70       29.70          1201200.00
04/24/2018       30.45       30.45       29.75       29.85           721000.00
04/23/2018       30.40       30.65       30.00       30.00           884900.00
04/20/2018       30.20       30.75       30.20       30.25           261700.00
04/19/2018       30.20       30.75       30.05       30.10          2160800.00
04/18/2018       31.00       31.25       30.20       30.20           708800.00
04/17/2018       31.00       31.00       30.70       31.00           360200.00
04/16/2018       31.40       31.40       30.80       31.15           641400.00
04/13/2018       31.30       31.55       30.80       31.40           840500.00
04/12/2018       30.35       31.60       30.35       31.60          1361400.00
04/11/2018       31.70       31.75       30.05       30.05          2996800.00
04/10/2018       32.35       32.50       31.00       31.70          3813400.00
04/06/2018       32.10       32.70       31.85       32.35           968700.00
04/05/2018       32.85       32.85       31.70       32.00          1089200.00
04/04/2018       31.75       32.85       31.75       32.85          3110300.00
04/03/2018       31.25       32.50       31.15       31.60          1123400.00
04/02/2018       30.50       31.25       30.50       31.20           654300.00
03/28/2018       30.55       30.90       30.20       30.30          2303000.00
03/27/2018       30.35       31.00       30.15       30.60          3882000.00
03/26/2018       30.80       30.80       29.65       30.35          2351800.00
03/23/2018       30.50       30.95       30.20       30.95           791800.00
03/22/2018       29.90       31.60       29.60       31.20          3536900.00
03/21/2018       29.65       30.20       29.60       29.70          3714400.00
03/20/2018       30.15       30.95       29.60       29.75          3000300.00
03/19/2018       32.30       32.95       30.15       30.15          4392400.00
03/16/2018       33.00       33.95       32.30       32.30          3361400.00
03/15/2018       33.55       33.55       32.70       32.90          2038000.00
03/14/2018       33.15       33.20       32.80       33.20          1336900.00
03/13/2018       33.00       33.55       32.85       32.90          1702600.00
03/12/2018       33.60       33.65       32.75       33.00          3179500.00
03/09/2018       33.80       33.80       33.50       33.55          2167400.00
03/08/2018       33.80       33.85       33.45       33.80          2148200.00
03/07/2018       35.10       35.10       33.45       33.80          5372800.00
03/06/2018       35.95       35.95       35.10       35.10          2410700.00
03/05/2018       36.40       37.00       35.55       35.95          2176500.00
03/02/2018       37.00       37.00       36.35       36.70          3874900.00
03/01/2018       37.05       37.40       36.60       36.80          1366500.00
02/28/2018       37.40       37.40       36.80       36.80          1815900.00
02/27/2018       38.30       38.50       36.80       37.00          3455100.00
02/26/2018       37.30       38.20       36.80       38.20          1826100.00
02/23/2018       36.50       37.30       36.50       37.30          2177900.00
02/22/2018       36.85       36.85       35.80       36.65          2196500.00
02/21/2018       36.30       37.45       36.05       36.95          1285000.00
02/20/2018       36.00       36.30       35.55       36.30           684900.00
02/19/2018       35.25       36.35       35.25       35.50           514700.00
02/15/2018       36.00       36.25       35.15       35.15          1008100.00
02/14/2018       35.70       36.40       35.30       36.40           790000.00
02/13/2018       35.50       35.70       35.30       35.60          2587800.00
02/12/2018       35.70       35.80       35.30       35.30          2154200.00
02/09/2018       36.00       36.00       35.50       35.80          1443300.00
02/08/2018       36.70       36.80       35.20       36.00          4019400.00
02/07/2018       36.55       37.30       36.50       36.50          1239000.00
02/06/2018       36.70       36.80       36.05       36.05          2142700.00
02/05/2018       37.45       37.45       36.95       37.00          1267200.00
02/02/2018       37.25       37.90       37.20       37.90          7554900.00
02/01/2018       37.90       37.90       37.25       37.25          4277300.00
01/31/2018       37.95       37.95       36.85       37.90          3922200.00
01/30/2018       38.20       38.20       37.75       38.00          1614000.00
01/29/2018       38.60       38.90       38.10       38.20          1585000.00
01/26/2018       38.70       38.90       38.30       38.55          1185800.00
01/25/2018       38.15       39.00       38.15       38.70          1248600.00
01/24/2018       38.90       39.05       37.85       37.85          2911100.00
01/23/2018       38.30       38.95       38.15       38.65          1468900.00
01/22/2018       38.40       38.40       37.60       38.20           984100.00
01/19/2018       38.40       38.70       38.20       38.55           999500.00
01/18/2018       38.80       39.10       38.20       38.40          4294500.00
01/17/2018       38.55       38.80       38.50       38.70          3485500.00
01/16/2018       37.70       38.50       37.30       38.50          2271800.00
01/15/2018       37.00       37.75       37.00       37.10           385300.00
01/12/2018       37.85       38.05       36.70       37.00          3896600.00
01/11/2018       38.25       38.40       37.75       37.85          1877300.00
01/10/2018       36.20       38.30       36.15       38.00          7817000.00
01/09/2018       36.35       36.80       36.15       36.55          1818400.00
01/08/2018       36.80       36.95       36.00       36.00          2775100.00
01/05/2018       36.60       37.10       36.30       36.35          1006400.00
01/04/2018       36.15       36.70       36.15       36.30           526300.00
01/03/2018       37.00       37.40       36.05       36.10          1308000.00
12/29/2017       37.50       37.75       36.80       36.80          2359900.00
12/28/2017       37.00       37.50       36.90       37.50          6514700.00
12/27/2017       36.80       37.00       36.60       36.90          1288000.00
12/22/2017       36.35       36.85       36.35       36.80           371200.00
12/21/2017       37.00       37.00       35.90       36.00          2696300.00
12/20/2017       36.30       37.00       36.00       37.00          2183600.00
12/19/2017       36.00       36.30       35.80       36.05          3671000.00
12/18/2017       35.30       36.00       35.30       35.85          3389400.00
12/15/2017       37.00       37.00       35.10       35.10         12081200.00
12/14/2017       37.80       37.90       36.10       37.00          3025600.00
12/13/2017       37.50       38.00       37.05       37.80          2584300.00
12/12/2017       37.70       38.35       36.80       36.95          1529700.00
12/11/2017       37.05       37.95       37.05       37.60          4356100.00
12/08/2017       39.00       39.10       36.80       36.95          4698600.00
12/07/2017       36.30       38.50       35.50       38.00          7602100.00
12/06/2017       35.70       35.70       35.20       35.50          5487400.00
12/05/2017       35.35       36.20       35.35       35.70          1715700.00
12/04/2017       35.45       36.40       34.85       35.35           970000.00
12/01/2017       36.00       36.55       35.20       35.40           577800.00
11/29/2017       35.60       36.65       34.70       36.00          4869100.00
11/28/2017       37.00       37.15       35.00       35.35          5899600.00
11/27/2017       36.50       38.00       36.40       38.00           570900.00
11/24/2017       37.05       37.05       36.15       36.50          2243500.00
11/23/2017       37.10       37.20       36.65       37.05          2228600.00
11/22/2017       36.20       37.00       36.20       36.75          3144800.00
11/21/2017       37.00       37.10       36.00       36.10          2514400.00
11/20/2017       36.80       36.80       36.20       36.35          2707700.00
11/17/2017       38.00       38.00       36.80       36.80          3498800.00
11/16/2017       37.50       38.05       37.20       37.40          2053700.00
11/15/2017       38.50       39.15       37.50       37.50          2405300.00
11/14/2017       37.50       38.80       37.20       38.70          2505300.00
11/13/2017       38.00       38.80       37.00       37.10          4606300.00
11/10/2017       38.50       39.50       37.60       38.30          7156700.00
11/09/2017       41.35       41.40       38.50       38.50         10116500.00
11/08/2017       42.45       42.45       41.40       41.80           788400.00
11/07/2017       42.00       42.00       41.40       41.95          1435200.00
11/06/2017       41.00       41.95       40.95       41.95           885400.00
11/03/2017       41.75       42.50       41.30       41.30          2202900.00
11/02/2017       42.55       42.60       41.50       41.50          1589700.00
10/30/2017       41.95       42.50       41.95       42.50          1099200.00
10/27/2017       42.55       42.55       41.70       42.55           837500.00
10/26/2017       42.55       43.20       42.40       42.55          1160400.00
10/25/2017       43.20       43.90       42.50       42.55          3192200.00
10/24/2017       42.00       43.00       41.00       42.80          2406000.00
10/23/2017       41.40       41.50       40.05       40.90          4058900.00
10/20/2017       42.00       42.00       41.10       41.10          3664300.00
10/19/2017       42.00       42.70       41.65       42.00          4149200.00
10/18/2017       43.50       43.95       41.75       41.75          4727100.00
10/17/2017       44.25       44.60       43.50       43.50          4815700.00
10/13/2017       44.90       44.90       44.10       44.25          2342600.00
10/12/2017       45.00       45.05       44.00       45.00          2184200.00
10/11/2017       45.25       46.20       44.90       45.15          2242100.00
10/10/2017       46.00       46.30       45.40       45.40           719500.00
10/09/2017       45.05       46.50       45.05       46.05           687400.00
10/06/2017       45.50       46.15       45.10       46.00          2035100.00
10/05/2017       46.00       46.20       43.60       43.60           555100.00
10/04/2017       46.00       46.40       45.90       45.95          1430100.00
10/03/2017       46.60       46.60       45.90       46.10          1354300.00
10/02/2017       46.70       46.70       46.50       46.60           555400.00
09/29/2017       47.40       47.40       46.65       46.70           539900.00
09/28/2017       45.60       47.40       45.55       47.40          2434500.00
09/27/2017       45.35       46.00       45.00       45.50          1799300.00
09/26/2017       45.60       46.10       45.20       45.35           584300.00
09/25/2017       47.00       47.00       45.30       45.60          2769300.00
09/22/2017       46.90       47.00       46.50       46.50           655400.00
09/21/2017       47.00       47.00       46.15       46.35          1743100.00
09/20/2017       47.85       47.85       46.15       46.15          1327000.00
09/19/2017       48.50       48.50       46.50       46.50          1382400.00
09/18/2017       48.40       48.75       47.55       47.90          3287600.00
09/15/2017       47.90       48.40       47.80       48.00          6290300.00
09/14/2017       46.20       47.40       46.20       47.00          4059400.00
09/13/2017       49.00       50.00       45.00       45.60          3643500.00
09/11/2017       44.75       45.45       44.50       44.75          4276280.00
09/08/2017       44.50       44.52       43.55       44.50          1265960.00
09/07/2017       43.60       45.05       43.52       44.25          2154520.00
09/06/2017       43.60       43.60       43.27       43.33          2970240.00
09/05/2017       43.75       43.75       43.48       43.60           836280.00
09/04/2017       43.00       43.67       43.00       43.52          1606680.00
08/31/2017       43.00       43.75       42.50       43.40         15663280.00
08/30/2017       42.08       43.20       42.08       42.75          1676280.00
08/29/2017       42.38       42.42       42.05       42.20          1420280.00
08/25/2017       42.50       42.50       42.38       42.42          1215200.00
08/24/2017       42.75       43.00       42.30       42.75          1172080.00
08/23/2017       42.48       42.73       42.45       42.50           514080.00
08/22/2017       42.48       42.48       42.00       42.48          1164000.00
08/18/2017       43.67       43.73       42.27       42.50          2594480.00
08/17/2017       43.98       44.25       43.50       43.67          1472040.00
08/16/2017       42.15       44.20       42.15       44.00          2239880.00
08/15/2017       42.38       42.55       42.00       42.25          2088880.00
08/14/2017       41.45       42.60       41.45       42.50          4167800.00
08/11/2017       42.00       42.00       41.12       41.45          3904800.00
08/10/2017       41.88       42.23       41.58       41.58          2816840.00
08/09/2017       41.62       41.90       41.38       41.45          3306600.00
08/08/2017       42.05       42.05       41.62       41.62          1650800.00
08/07/2017       41.98       42.10       41.88       41.95          1783480.00
08/04/2017       42.23       42.23       41.73       41.88          2718720.00
08/03/2017       41.52       42.25       41.52       41.73          3645400.00
08/02/2017       41.75       42.50       41.25       41.48          4957920.00
08/01/2017       42.40       42.75       41.73       41.75          7078680.00
07/31/2017       43.42       43.42       42.38       42.38          2723280.00
07/28/2017       43.50       43.85       43.00       43.20          2323960.00
07/27/2017       43.62       43.83       43.50       43.67          2687040.00
07/26/2017       42.80       43.73       42.75       43.50          3053160.00
07/25/2017       42.02       43.48       42.02       42.75          5536800.00
07/24/2017       42.05       42.10       41.77       42.02          4064880.00
07/21/2017       41.33       42.05       41.25       42.00          5560280.00
07/20/2017       40.58       41.80       40.58       41.30          7522560.00
07/19/2017       40.02       41.25       40.00       40.58         10190080.00
07/18/2017       40.02       40.08       40.00       40.02          4536880.00
07/17/2017       40.00       40.25       40.00       40.05          2870320.00
07/14/2017       40.02       40.15       40.00       40.08          5426640.00
07/13/2017       40.25       40.65       40.02       40.12          4803560.00
07/12/2017       40.25       40.25       40.10       40.25          4354840.00
07/11/2017       40.25       40.30       40.05       40.17          2316360.00
07/10/2017       40.08       40.10       39.98       40.08          3041160.00
07/07/2017       40.00       40.20       40.00       40.08          3051680.00
07/06/2017       40.25       40.30       40.02       40.12          6336720.00
07/05/2017       40.05       40.05       39.98       40.02          4025040.00
07/04/2017       40.08       40.25       39.95       40.05          4247200.00
07/03/2017       40.12       40.48       40.00       40.12          4245760.00
06/30/2017       40.38       40.38       40.08       40.12         10157200.00
06/29/2017       40.30       40.50       40.20       40.25          3485920.00
06/28/2017       40.45       40.75       40.15       40.33          1546280.00
06/27/2017       40.75       40.75       40.45       40.50          4044320.00
06/23/2017       40.23       41.00       40.00       40.10          5820960.00
06/22/2017       40.15       40.15       40.00       40.02          3793440.00
06/21/2017       40.10       40.15       39.95       40.15          3412480.00
06/20/2017       40.12       40.20       39.95       40.10          3767080.00
06/19/2017       40.00       40.15       40.00       40.10          4436000.00
06/16/2017       39.50       40.08       39.50       39.98          6198040.00
06/15/2017       40.00       40.38       39.45       39.45          3878240.00
06/14/2017       39.88       40.12       39.80       40.00          2844000.00
06/13/2017       40.12       40.25       39.75       40.00          4441600.00
06/09/2017       40.50       41.25       40.12       40.12          4768360.00
06/08/2017       40.52       41.10       40.12       40.12          6242320.00
06/07/2017       40.12       41.25       40.12       40.48          5884360.00
06/06/2017       40.00       40.70       40.00       40.10          6032120.00
06/05/2017       39.50       40.62       39.33       40.00          2458800.00
06/02/2017       39.50       39.75       39.30       39.38          5513080.00
06/01/2017       39.50       39.95       39.42       39.48          3558240.00
05/31/2017       39.50       39.73       39.48       39.50          3851280.00
05/30/2017       39.45       39.52       39.35       39.45          2436920.00
05/29/2017       39.45       39.52       39.38       39.45          2406240.00
05/26/2017       39.67       39.67       39.42       39.45          3686640.00
05/25/2017       39.73       40.00       39.58       39.67          2982760.00
05/24/2017       39.70       40.10       39.65       39.70          7311120.00
05/23/2017       39.80       40.50       39.48       40.20          4154200.00
05/22/2017       39.50       39.88       39.38       39.48          4210040.00
05/19/2017       39.52       39.70       39.40       39.50          4403960.00
05/18/2017       39.70       39.75       39.50       39.75          4507240.00
05/17/2017       39.52       40.00       39.52       39.70          2225040.00
05/16/2017       39.50       39.75       39.40       39.45          2885320.00
05/15/2017       39.75       40.00       39.27       39.42          3088520.00
05/12/2017       40.77       40.88       39.27       39.75          5402000.00
05/11/2017       40.50       41.00       40.48       40.58          5246080.00
05/10/2017       40.02       40.85       40.00       40.50          4620200.00
05/09/2017       40.60       40.60       39.75       39.92          6492720.00
05/08/2017       38.88       40.65       38.75       40.65          6292960.00
05/05/2017       38.73       38.80       38.60       38.70          5270280.00
05/04/2017       38.75       39.38       38.73       38.75          5830680.00
05/03/2017       38.00       39.00       38.00       38.60          4837480.00
05/02/2017       37.25       38.10       37.20       37.77          3629120.00
04/27/2017       37.40       37.45       37.23       37.25          6856520.00
04/26/2017       37.40       37.70       37.35       37.45          3722240.00
04/25/2017       37.10       37.70       37.10       37.40          2842760.00
04/24/2017       37.15       37.35       37.10       37.15          1650400.00
04/21/2017       37.35       37.35       37.10       37.15          1501880.00
04/20/2017       37.42       37.42       37.23       37.35          1119280.00
04/19/2017       37.50       37.73       37.35       37.42          3132600.00
04/18/2017       37.58       37.62       37.50       37.50          1642440.00
04/17/2017       37.88       37.88       37.42       37.62           995280.00
04/12/2017       38.25       38.25       37.65       37.88          2435280.00
04/11/2017       37.75       38.65       37.75       38.25          4197440.00
04/10/2017       37.70       38.25       37.52       37.83          1747160.00
04/07/2017       37.52       38.23       37.52       37.70          2529000.00
04/06/2017       38.35       38.35       37.48       37.52          2926360.00
04/05/2017       38.20       38.85       38.02       38.83          9229320.00
04/04/2017       37.75       38.40       37.50       38.20          4455520.00
04/03/2017       36.90       37.75       36.90       37.35          2805160.00
03/31/2017       36.85       37.25       36.85       36.90          5437960.00
03/30/2017       36.77       37.25       36.75       36.85          6038240.00
03/29/2017       36.95       37.12       36.75       36.77          4122920.00
03/28/2017       36.75       37.25       36.62       36.88          3114720.00
03/27/2017       37.00       37.45       36.10       36.62          4033600.00
03/24/2017       36.73       36.73       36.38       36.52          3573640.00
03/23/2017       36.25       36.62       36.25       36.30          2680360.00
03/22/2017       36.30       37.70       36.15       36.25          7326520.00
03/21/2017       36.25       36.62       36.23       36.30          3482480.00
03/20/2017       36.12       36.80       36.12       36.23          3186960.00
03/17/2017       35.77       36.27       35.60       36.12          4630720.00
03/16/2017       36.60       36.73       35.73       35.80          3474080.00
03/15/2017       36.88       37.00       36.02       36.60          2827800.00
03/14/2017       37.75       37.75       36.80       36.88          2799160.00
03/13/2017       36.85       37.85       36.75       37.75          5438040.00
03/10/2017       37.00       37.25       36.85       36.85           765560.00
03/09/2017       37.23       37.23       36.92       36.95          1695920.00
03/08/2017       36.75       37.00       36.75       36.80          1610240.00
03/07/2017       37.00       37.20       36.75       36.75          1987440.00
03/06/2017       36.80       37.25       36.27       37.00          3500000.00
03/03/2017       36.65       36.77       36.40       36.55           810240.00
03/02/2017       36.70       36.80       36.23       36.50          3267760.00
03/01/2017       35.55       36.80       35.55       36.60          3748720.00
02/28/2017       35.62       35.77       35.25       35.58          7717880.00
02/27/2017       35.30       36.00       35.20       35.62          9229360.00
02/24/2017       37.98       38.60       35.25       35.25          9295360.00
02/23/2017       36.20       37.50       35.77       37.25          9758320.00
02/22/2017       35.27       36.25       35.08       36.25          4861160.00
02/21/2017       35.50       36.00       35.27       35.27          6380440.00
02/20/2017       34.25       36.75       34.23       35.25         11968280.00
02/17/2017       33.88       34.33       33.85       34.25          6328720.00
02/16/2017       33.88       34.00       33.60       33.88          4421840.00
02/15/2017       34.02       34.02       33.75       33.92          4677480.00
02/14/2017       33.95       34.12       33.80       34.00          6217800.00
02/13/2017       34.00       34.08       33.65       33.95          4284520.00
02/10/2017       33.98       33.98       33.75       33.95          2253440.00
02/09/2017       33.95       33.98       33.90       33.92          3852680.00
02/08/2017       33.85       34.00       33.85       33.92          2747760.00
02/07/2017       33.95       34.10       33.77       33.85          2997160.00
02/06/2017       33.75       34.10       33.75       33.95          3274520.00
02/03/2017       33.75       33.75       33.25       33.38          7092040.00
02/02/2017       33.90       33.90       33.50       33.75          1712200.00
02/01/2017       34.25       34.25       33.50       33.90          2232200.00
01/31/2017       34.65       34.65       33.48       33.80          2057160.00
01/30/2017       34.10       34.50       34.00       34.42          1907200.00
01/27/2017       34.62       34.62       33.35       34.15          6583440.00
01/26/2017       34.75       34.83       34.60       34.65          4173400.00
01/25/2017       34.65       34.70       34.60       34.62          2939480.00
01/24/2017       34.83       34.85       34.50       34.70          5249120.00
01/23/2017       34.98       35.08       34.65       34.88          2829240.00
01/20/2017       34.33       35.00       34.25       34.92          3995480.00
01/19/2017       33.52       34.38       33.52       34.25          6645480.00
01/18/2017       33.40       33.67       33.40       33.52          1288840.00
01/17/2017       33.45       33.70       33.25       33.42          3563480.00
01/16/2017       33.52       33.67       33.42       33.48          1464200.00
01/13/2017       33.50       33.73       33.48       33.50          3512600.00
01/12/2017       33.58       33.58       33.33       33.50          3409160.00
01/11/2017       33.85       33.88       33.45       33.50          7376640.00
01/10/2017       33.25       34.20       33.25       33.75         10799880.00
01/09/2017       33.10       33.33       33.08       33.10          7998880.00
01/06/2017       33.25       33.88       32.80       33.00          5361160.00
01/05/2017       33.20       34.15       32.85       33.20          9209000.00
01/04/2017       32.67       33.50       32.45       33.20          3336440.00
01/03/2017       32.33       32.67       32.33       32.67           297120.00
12/29/2016       32.62       32.62       32.35       32.50          3203960.00
12/28/2016       32.50       32.75       32.50       32.60          1412120.00
12/27/2016       32.25       32.75       32.25       32.50          1825680.00
12/23/2016       32.50       32.50       32.12       32.50          1176400.00
12/22/2016       32.98       32.98       32.27       32.50          2763200.00
12/21/2016       32.70       32.98       32.38       32.98           891680.00
12/20/2016       32.75       32.88       32.42       32.80          1796160.00
12/19/2016       32.88       32.88       32.75       32.88          1794080.00
12/16/2016       32.88       32.95       32.75       32.88          1921240.00
12/15/2016       32.88       32.92       32.62       32.88          4129240.00
12/14/2016       32.80       33.50       32.80       33.12          5286720.00
12/13/2016       32.75       32.90       32.62       32.80          3803240.00
12/12/2016       32.90       32.90       32.75       32.85          3822400.00
12/09/2016       33.45       33.45       32.58       32.90          3163720.00
12/08/2016       32.83       32.88       32.80       32.83          2348160.00
12/07/2016       32.88       32.90       32.75       32.83          2076000.00
12/06/2016       33.00       33.00       32.75       32.88          1799360.00
12/05/2016       32.98       33.23       32.90       32.95          1143240.00
12/02/2016       33.00       33.30       32.50       32.98          1133840.00
12/01/2016       33.25       33.25       32.75       32.75          1120600.00
11/29/2016       33.00       33.50       32.75       32.75          1803160.00
11/28/2016       32.38       33.35       32.35       32.50          2122040.00
11/25/2016       32.88       33.38       32.25       32.38          3591720.00
11/24/2016       32.50       33.50       32.50       33.50          3054000.00
11/23/2016       32.50       33.00       32.38       32.45          1569600.00
11/22/2016       32.88       33.75       32.20       32.38          2466640.00
11/21/2016       33.38       33.50       32.12       32.50          1825160.00
11/18/2016       31.95       33.75       31.25       33.38         10973560.00
11/17/2016       31.25       32.00       31.25       31.38          2823280.00
11/16/2016       31.07       31.20       31.00       31.10           734920.00
11/15/2016       30.57       31.32       30.57       31.07           599360.00
11/14/2016       31.00       31.10       30.45       30.88          1448200.00
11/11/2016       31.68       31.68       30.75       31.00          1422520.00
11/10/2016       31.75       32.25       31.60       31.68          3731280.00
11/09/2016       31.70       31.75       30.50       31.43          3891320.00
11/08/2016       31.27       31.70       30.77       31.25          1419760.00
11/07/2016       31.23       31.23       30.95       31.07          3152880.00
11/04/2016       30.50       31.23       30.50       31.23          1623040.00
11/03/2016       30.50       30.88       30.43       30.62           975000.00
11/02/2016       31.48       31.48       30.50       31.12           366880.00
10/28/2016       31.65       31.65       31.25       31.48           802280.00
10/27/2016       31.52       31.75       31.25       31.73          1881240.00
10/26/2016       31.50       31.60       31.45       31.50          2315920.00
10/25/2016       31.60       31.75       31.50       31.50          1411000.00
10/24/2016       31.70       31.75       31.12       31.12           903120.00
10/21/2016       31.60       31.70       31.25       31.38          1929240.00
10/20/2016       31.27       31.75       31.27       31.62          3059200.00
10/19/2016       31.12       32.00       31.12       31.62          3880400.00
10/18/2016       31.50       32.12       31.12       31.12          4532960.00
10/17/2016       30.25       31.88       30.25       31.50          7824960.00
10/14/2016       29.65       31.00       29.50       30.68          6083280.00
10/13/2016       30.23       30.23       29.60       29.65           993640.00
10/12/2016       30.73       30.73       29.50       30.12          1426120.00
10/11/2016       30.02       31.12       30.00       31.00          4588480.00
10/10/2016       30.18       30.18       29.75       30.02           469000.00
10/07/2016       30.25       30.25       30.00       30.12          2685800.00
10/06/2016       30.25       30.25       29.93       30.00          4505800.00
10/05/2016       30.50       30.60       29.75       30.25           810320.00
10/04/2016       28.68       30.60       28.65       30.50          7024200.00
10/03/2016       28.48       28.77       28.48       28.68          2939560.00
09/30/2016       28.65       28.65       27.88       28.48          8448880.00
09/29/2016       28.60       28.75       28.38       28.65          2409680.00
09/28/2016       28.50       28.75       28.43       28.60           623240.00
09/27/2016       28.88       28.88       28.15       28.30          1081080.00
09/26/2016       29.25       29.25       28.75       28.88          1183200.00
09/23/2016       29.40       29.48       28.88       29.12          2985560.00
09/22/2016       29.25       29.25       29.00       29.25          3309040.00
09/21/2016       28.55       29.30       28.55       29.25          3022200.00
09/20/2016       28.70       29.25       28.38       28.55          4367480.00
09/19/2016       27.68       27.68       27.00       27.25          1348480.00
09/16/2016       27.00       28.02       26.57       27.70          2488200.00
09/15/2016       27.25       27.50       27.25       27.32          1426520.00
09/14/2016       27.60       27.60       25.75       27.30          2423160.00
09/13/2016       27.60       27.75       27.55       27.60          1605040.00
09/09/2016       27.88       27.90       27.62       27.62          1728920.00
09/08/2016       28.25       28.25       27.75       27.88          2246640.00
09/07/2016       28.32       28.38       28.20       28.27          2116120.00
09/06/2016       28.38       28.43       28.25       28.38          3023480.00
09/05/2016       28.38       28.38       28.00       28.38           734480.00
09/02/2016       28.00       28.52       27.80       28.38          3354040.00
09/01/2016       28.00       28.00       27.65       27.80          1738280.00
08/31/2016       28.20       28.20       27.73       27.73          2172240.00
08/30/2016       28.25       28.25       27.82       28.05          1638040.00
08/26/2016       28.10       28.10       27.75       27.95          1401960.00
08/25/2016       28.25       28.25       27.93       28.10          1866240.00
08/24/2016       28.25       28.38       28.10       28.25          3642720.00
08/23/2016       28.57       28.57       27.70       28.12          3510000.00
08/22/2016       28.25       28.70       28.00       28.43          5763480.00
08/19/2016       26.55       28.25       26.50       28.00          9674720.00
08/18/2016       26.55       26.80       26.20       26.45          4636960.00
08/17/2016       27.12       27.50       25.68       25.93          6969560.00
08/16/2016       26.32       27.38       26.32       27.02          9862400.00
08/15/2016       25.20       25.50       23.88       25.50         14197080.00
08/12/2016       26.50       26.50       24.50       25.20         15611200.00
08/11/2016       29.05       29.35       27.02       27.25          5076600.00
08/10/2016       29.20       29.73       28.62       28.98          4914000.00
08/09/2016       29.20       29.25       28.38       28.50          3966800.00
08/08/2016       29.25       29.50       29.12       29.20          2381960.00
08/05/2016       29.45       29.73       29.25       29.25          1044080.00
08/04/2016       29.50       30.00       29.40       29.45          2195200.00
08/03/2016       29.85       29.85       29.38       29.50          1555600.00
08/02/2016       30.00       30.00       29.80       29.85          1030240.00
08/01/2016       29.85       30.25       29.80       30.00          1929400.00
07/29/2016       29.88       29.90       29.80       29.85           690440.00
07/28/2016       29.93       30.00       29.73       29.80          2563640.00
07/27/2016       29.82       29.95       29.80       29.88          1815800.00
07/26/2016       30.35       30.38       29.80       29.80          2117360.00
07/25/2016       30.25       30.25       29.98       30.00          1761960.00
07/22/2016       30.25       30.48       30.05       30.25          1750840.00
07/21/2016       30.00       30.25       29.93       29.98          1668680.00
07/20/2016       29.75       30.48       29.75       29.75          1708040.00
07/19/2016       29.52       30.00       29.52       29.52          1312120.00
07/18/2016       30.12       30.12       29.50       29.50          1650200.00
07/15/2016       30.23       30.40       30.07       30.07          1113920.00
07/14/2016       30.50       30.50       30.20       30.20           455320.00
07/13/2016       30.12       30.40       30.10       30.25          1125080.00
07/12/2016       30.25       30.25       30.07       30.12          1929880.00
07/11/2016       30.43       30.75       30.25       30.25           775080.00
07/08/2016       30.75       30.75       30.30       30.48           812160.00
07/07/2016       31.12       31.12       30.38       31.00           928560.00
07/05/2016       30.73       31.25       29.88       31.25          2976880.00
07/04/2016       31.40       31.40       30.62       30.75          1486040.00
07/01/2016       31.27       31.52       31.23       31.40          2112480.00
06/30/2016       30.88       31.35       30.88       31.27          3361040.00
06/29/2016       30.82       31.00       30.50       30.88          1964000.00
06/28/2016       30.95       30.98       30.38       30.75          1766800.00
06/27/2016       29.25       31.00       29.25       30.75          3685200.00
06/24/2016       30.35       30.88       28.98       29.25          5556040.00
06/23/2016       29.75       30.48       28.00       30.20          8577040.00
06/22/2016       31.95       31.95       29.88       29.88          6858280.00
06/21/2016       32.77       33.00       32.25       32.45          4513960.00
06/20/2016       32.38       32.77       32.38       32.38          2106480.00
06/17/2016       32.12       32.33       32.00       32.25          1872880.00
06/16/2016       32.25       32.30       32.12       32.12           875920.00
06/15/2016       32.42       32.42       32.17       32.20          1035920.00
06/14/2016       32.27       32.42       32.17       32.25           535840.00
06/13/2016       32.50       32.50       32.02       32.27          1601240.00
06/10/2016       32.50       33.12       32.30       32.33          1606280.00
06/09/2016       32.67       32.67       32.33       32.50          1329360.00
06/08/2016       32.50       33.12       32.38       32.67          7296880.00
06/07/2016       32.05       32.75       32.05       32.35          2754960.00
06/06/2016       32.12       32.50       32.10       32.12          1777320.00
06/03/2016       32.50       32.50       32.10       32.12          1399840.00
06/02/2016       32.05       32.75       32.00       32.42          2590320.00
06/01/2016       32.38       32.38       31.98       32.00          1074240.00
05/31/2016       32.45       32.45       29.25       32.25          7208800.00
05/30/2016       32.42       32.45       32.15       32.35          1722160.00
05/27/2016       31.77       32.25       31.77       32.10          6946680.00
05/26/2016       31.88       32.00       31.75       31.77          1631480.00
05/25/2016       31.65       31.88       31.65       31.80          3714400.00
05/24/2016       31.62       31.75       31.60       31.62          3674560.00
05/23/2016       31.75       31.75       31.62       31.62          1258440.00
05/20/2016       31.88       31.93       31.62       31.75          5481520.00
05/19/2016       32.10       32.12       31.90       31.93           972120.00
05/18/2016       32.25       32.50       32.00       32.12          1445280.00
05/17/2016       32.23       32.38       32.00       32.02          2272000.00
05/16/2016       31.62       32.12       31.62       32.00          2701440.00
05/13/2016       31.88       32.25       31.75       31.75          4498120.00
05/12/2016       32.45       32.45       31.75       31.88          2720240.00
05/11/2016       32.45       32.67       32.25       32.50          3642040.00
05/10/2016       31.60       32.45       31.55       32.00          1436560.00
05/06/2016       31.50       31.62       31.50       31.60           644360.00
05/05/2016       31.75       31.75       31.52       31.62           960080.00
05/04/2016       31.73       31.77       31.73       31.75          1800200.00
05/03/2016       31.38       31.77       31.38       31.73          2262840.00
05/02/2016       32.23       32.23       31.25       31.38          2171080.00
04/29/2016       32.00       32.12       31.70       31.75           589720.00
04/28/2016       31.73       32.25       31.73       32.00          3647080.00
04/27/2016       31.93       31.93       31.70       31.75           936720.00
04/26/2016       31.95       31.95       31.52       31.77          2705040.00
04/25/2016       31.50       31.50       31.38       31.50          5708040.00
04/22/2016       31.60       31.62       31.48       31.50          1052120.00
04/21/2016       31.50       31.62       31.40       31.50          2196200.00
04/20/2016       31.73       31.75       31.50       31.50          2135440.00
04/19/2016       31.52       31.75       31.52       31.73          2391720.00
04/18/2016       31.75       31.93       31.62       31.62          2037040.00
04/15/2016       31.88       31.88       31.73       31.75          1522160.00
04/14/2016       31.95       31.98       31.82       31.85          1522520.00
04/13/2016       31.93       31.95       31.65       31.88          4281160.00
04/12/2016       32.25       32.25       31.62       31.93          2670680.00
04/11/2016       32.00       32.12       31.75       31.98          1507200.00
04/08/2016       31.88       31.90       31.55       31.75          1645600.00
04/07/2016       32.00       32.50       31.88       31.93          1950040.00
04/06/2016       32.35       32.38       32.00       32.00          4814920.00
04/05/2016       32.83       33.00       32.35       32.35          1740120.00
04/04/2016       32.62       32.83       32.50       32.83           506480.00
04/01/2016       32.83       33.00       32.62       32.62            87280.00
03/31/2016       33.00       33.00       32.77       32.83          5813840.00
03/30/2016       32.75       33.00       32.73       32.83          2433760.00
03/29/2016       32.85       33.00       32.70       32.75          2902400.00
03/28/2016       32.88       33.25       32.75       32.85           621160.00
03/23/2016       32.95       33.50       32.85       32.88          3374080.00
03/22/2016       33.38       33.38       31.95       32.70          4528400.00
03/21/2016       33.75       34.00       32.48       33.12          6518800.00
03/18/2016       34.50       34.50       33.75       33.75          3304000.00
03/17/2016       34.02       34.50       34.02       34.50           831320.00
03/16/2016       33.77       34.70       33.77       34.00          2318960.00
03/15/2016       33.85       34.38       33.65       34.25          2132680.00
03/14/2016       33.02       34.00       33.02       33.85          3490000.00
03/11/2016       32.25       33.98       32.25       33.98          2203040.00
03/10/2016       32.50       32.55       32.50       32.50          1087040.00
03/09/2016       32.00       32.50       32.00       32.25          1965960.00
03/08/2016       32.25       32.25       31.68       32.00          1649400.00
03/07/2016       31.50       31.75       31.50       31.65           779440.00
03/04/2016       31.30       31.65       31.30       31.50          1529560.00
03/03/2016       32.05       32.05       31.27       31.27           888920.00
03/02/2016       31.95       32.12       31.62       32.02           926640.00
03/01/2016       31.00       32.12       31.00       31.80          2603240.00
02/29/2016       30.75       30.88       30.70       30.75          2305360.00
02/26/2016       30.68       30.75       30.65       30.70          3230560.00
02/24/2016       31.00       31.00       30.60       30.68            32000.00
02/23/2016       30.62       31.00       30.38       30.57          1758240.00
02/22/2016       30.80       30.80       30.00       30.70          2870320.00
02/19/2016       30.85       30.85       30.50       30.75          1499640.00
02/18/2016       30.82       30.88       30.75       30.88           808640.00
02/17/2016       31.15       31.15       30.75       30.82          1624680.00
02/16/2016       31.25       31.25       30.50       30.50          2342160.00
02/15/2016       30.52       30.75       30.12       30.62           908720.00
02/12/2016       30.88       30.88       30.05       30.52          1674600.00
02/11/2016       30.27       31.00       30.05       30.77          2202680.00
02/10/2016       30.50       30.57       30.23       30.38          2698960.00
02/09/2016       31.50       31.50       30.50       30.98          2122320.00
02/05/2016       31.12       31.75       31.12       31.52          1549600.00
02/04/2016       30.40       31.40       30.00       31.12          3172440.00
02/03/2016       30.65       30.65       30.00       30.30          1662240.00
02/02/2016       30.12       31.50       30.12       30.62          2093760.00
02/01/2016       29.68       30.30       29.68       30.25          3593480.00
01/29/2016       30.25       30.25       29.62       29.68          1434960.00
01/28/2016       29.65       30.20       29.32       29.62          1645240.00
01/27/2016       29.48       30.25       29.48       29.65          1967800.00
01/26/2016       29.82       29.85       29.38       29.48          2092440.00
01/25/2016       31.25       31.25       29.82       30.25           542000.00
01/22/2016       29.85       30.00       29.80       30.00           486600.00
01/21/2016       30.50       30.50       29.75       30.00          4267960.00
01/20/2016       30.50       30.95       30.50       30.85           409440.00
01/19/2016       31.62       31.62       30.75       30.75          3857960.00
01/18/2016       31.52       31.57       31.23       31.57           537920.00
01/15/2016       31.88       31.88       31.38       31.62           493040.00
01/14/2016       31.55       31.90       31.50       31.88          1861920.00
01/13/2016       31.75       32.67       31.75       32.25          1618920.00
01/12/2016       31.07       32.50       31.07       31.40           438000.00
01/11/2016       32.58       32.58       31.10       31.38          1251280.00
01/08/2016       32.70       32.77       32.58       32.73           752640.00
01/07/2016       34.00       34.00       32.62       32.75          2121160.00
01/06/2016       33.75       34.00       33.75       33.83          1096280.00
01/05/2016       33.75       34.00       33.62       33.75          1096320.00
01/04/2016       34.12       34.12       33.73       34.12           461960.00
12/29/2015       34.00       34.25       33.75       34.12          1583960.00
12/28/2015       33.50       34.00       33.38       33.75          1299880.00
12/23/2015       33.67       33.67       33.40       33.50           971400.00
12/22/2015       33.25       33.67       33.10       33.10           541920.00
12/21/2015       33.35       33.60       33.25       33.40          1577200.00
12/18/2015       33.50       33.73       33.25       33.35          1978120.00
12/17/2015       33.88       33.88       33.75       33.88           926080.00
12/16/2015       33.50       33.50       33.15       33.40          2458480.00
12/15/2015       33.00       33.30       33.00       33.17          1461840.00
12/14/2015       32.77       33.70       32.77       33.33           437040.00
12/11/2015       33.80       33.95       33.42       33.75          2106880.00
12/10/2015       34.00       34.15       33.98       34.08          1664480.00
12/09/2015       33.83       34.00       33.80       34.00           481160.00
12/08/2015       34.00       34.00       33.83       34.00           477040.00
12/07/2015       34.08       34.08       33.90       34.00           420120.00
12/04/2015       34.20       34.20       33.88       34.02           172840.00
12/03/2015       34.23       34.23       33.85       34.23           872280.00
12/02/2015       34.20       34.25       33.75       34.25           301120.00
12/01/2015       33.50       34.25       33.50       34.25           603280.00
11/27/2015       34.00       34.25       33.75       34.00          2503200.00
11/26/2015       34.33       34.33       33.95       34.00          1418440.00
11/25/2015       34.20       34.30       33.95       34.25          4298640.00
11/24/2015       33.50       34.00       33.50       34.00          1669880.00
11/23/2015       34.20       34.20       33.50       33.70          2041840.00
11/20/2015       33.90       33.90       33.00       33.70          1199920.00
11/17/2015       33.65       34.23       33.60       33.95          1035680.00
11/16/2015       33.35       33.65       33.08       33.65           864080.00
11/13/2015       33.38       34.12       33.35       34.12          1096720.00
11/12/2015       34.23       34.23       33.35       34.00           987280.00
11/11/2015       34.10       34.25       33.95       34.25           115400.00
11/10/2015       34.05       34.23       33.48       34.17          1475080.00
11/09/2015       34.12       34.25       33.77       34.05          1078760.00
11/06/2015       33.75       34.25       33.50       34.25           644280.00
11/05/2015       34.12       34.25       34.00       34.25           480560.00
11/04/2015       34.50       34.50       33.75       34.20          1620560.00
11/03/2015       33.75       34.50       33.70       34.40          1014440.00
11/02/2015       33.48       33.77       33.48       33.75           983320.00
10/30/2015       34.00       34.00       33.48       33.48           170200.00
10/29/2015       34.10       34.10       33.83       33.92           870960.00
10/28/2015       33.83       34.25       33.83       34.10          1085040.00
10/27/2015       34.35       34.35       33.30       33.92           987840.00
10/26/2015       33.38       34.40       33.38       33.98          2630720.00
10/23/2015       32.45       33.50       32.38       33.38          4200320.00
10/22/2015       32.45       32.50       32.33       32.45          3560400.00
10/21/2015       32.85       33.12       32.45       32.45          3493480.00
10/20/2015       32.25       32.75       32.25       32.75          1856080.00
10/19/2015       32.75       32.75       32.20       32.25          8544280.00
10/16/2015       34.00       34.00       32.25       32.50         17673240.00
10/15/2015       33.40       34.25       33.40       34.00          2400600.00
10/14/2015       34.73       34.73       33.02       33.40          1305240.00
10/13/2015       35.25       35.25       34.52       34.73           782760.00
10/12/2015       34.52       34.85       34.38       34.38          1027040.00
10/09/2015       34.92       35.00       34.55       34.95          2010400.00
10/08/2015       35.50       35.50       34.50       34.92          1510760.00
10/07/2015       35.50       35.50       34.25       34.88          2410000.00
10/06/2015       34.75       35.75       34.05       35.15          4507640.00
10/05/2015       34.05       34.75       33.75       34.75          3346440.00
10/02/2015       34.17       34.17       33.88       34.05          1303000.00
10/01/2015       34.05       34.42       34.05       34.17          1237760.00
09/30/2015       34.25       34.25       34.02       34.02          2691400.00
09/29/2015       33.67       34.33       33.45       34.15          1957640.00
09/28/2015       33.27       33.80       33.10       33.70          2849920.00
09/24/2015       34.00       34.00       33.65       33.67         12639400.00
09/23/2015       34.90       34.90       34.00       34.10          1532600.00
09/22/2015       34.75       35.12       34.50       34.85          6790560.00
09/21/2015       34.75       34.92       34.50       34.75          4630280.00
09/18/2015       33.85       34.80       33.80       34.25          3718680.00
09/17/2015       33.77       34.00       33.65       33.85          1706000.00
09/16/2015       34.62       34.62       33.17       34.05          1624800.00
09/15/2015       34.67       34.75       34.25       34.38          3062880.00
09/14/2015       33.38       34.75       33.38       34.38          5390880.00
09/11/2015       33.00       33.75       33.00       33.33          2552360.00
09/10/2015       32.75       33.05       32.20       32.90          2927800.00
09/09/2015       33.00       33.50       32.50       32.75          3287320.00
09/08/2015       33.17       33.17       31.68       32.50           890360.00
09/07/2015       33.65       33.75       33.08       33.23          1243360.00
09/04/2015       32.62       34.48       32.62       33.75          5533760.00
09/03/2015       32.25       32.85       32.10       32.65          4797720.00
09/02/2015       30.50       32.50       30.50       32.00          4332240.00
09/01/2015       30.62       31.50       30.62       31.32          1638880.00
08/28/2015       31.68       32.25       30.80       32.00          8891200.00
08/27/2015       30.75       31.50       30.73       31.12          2562320.00
08/26/2015       29.88       31.20       29.88       30.25          1932640.00
08/25/2015       29.50       30.50       29.12       29.73          2751560.00
08/24/2015       31.68       31.68       29.50       29.70          4019080.00
08/20/2015       32.00       32.50       32.00       32.23          4209760.00
08/19/2015       30.95       32.50       30.88       31.75          4879880.00
08/18/2015       30.25       30.98       30.25       30.88          1815640.00
08/17/2015       32.35       32.38       30.25       30.25          8078840.00
08/14/2015       31.85       32.48       31.85       32.38          2184000.00
08/13/2015       32.75       33.12       31.50       31.85          7591520.00
08/12/2015       31.75       33.15       30.75       32.50         16786600.00
08/11/2015       29.50       31.88       29.48       31.88         10359960.00
08/10/2015       29.05       29.82       29.00       29.50          4820400.00
08/07/2015       29.00       29.20       28.73       29.05          4027280.00
08/06/2015       29.70       29.70       28.52       28.77          3617600.00
08/05/2015       29.75       29.98       29.65       29.70          2863320.00
08/04/2015       29.80       29.85       29.55       29.75          4258080.00
08/03/2015       29.73       29.82       29.68       29.80          4114200.00
07/31/2015       29.75       30.00       29.75       29.85          3926400.00
07/30/2015       29.68       30.02       29.68       29.75          8959080.00
07/29/2015       29.68       30.10       29.62       29.75         10354080.00
07/28/2015       29.88       29.88       29.40       29.62          7140800.00
07/27/2015       30.00       30.45       29.75       29.75         14753840.00
07/24/2015       29.50       30.45       29.50       30.00         14490360.00
07/23/2015       28.00       29.88       28.00       29.50         20705560.00
07/22/2015       30.38       30.38       27.70       27.77         17086320.00
07/21/2015       31.00       31.88       30.55       30.62          7705560.00
07/20/2015       32.17       32.17       30.00       30.88          7491400.00
07/16/2015       35.50       35.75       35.48       35.75           706800.00
07/15/2015       35.38       35.75       35.38       35.48           390560.00
07/14/2015       35.40       35.50       35.35       35.40           996840.00
07/13/2015       34.62       35.40       34.62       35.40          2367280.00
07/10/2015       34.83       34.90       34.45       34.73          3346520.00
07/09/2015       35.00       35.83       34.75       35.17          1021600.00
07/08/2015       35.12       35.25       34.88       35.00          3408600.00
07/07/2015       35.20       35.75       35.15       35.15         10977120.00
07/06/2015       35.50       36.00       34.77       35.20          2210600.00
07/03/2015       36.62       36.75       35.55       36.00           774000.00
07/02/2015       36.25       36.67       35.65       36.62          3491520.00
07/01/2015       35.50       36.50       34.75       36.25          1352000.00
06/30/2015       34.95       35.62       34.45       35.62          3396080.00
06/29/2015       35.60       35.60       34.75       34.98          1208680.00
06/26/2015       35.75       35.75       35.45       35.62          1479280.00
06/25/2015       35.80       35.88       35.77       35.80          2379520.00
06/24/2015       35.52       36.00       35.50       35.77           598680.00
06/23/2015       35.50       35.60       35.50       35.52           873600.00
06/22/2015       35.50       35.62       35.25       35.48          1676920.00
06/19/2015       35.50       35.75       35.42       35.50          6353040.00
06/18/2015       36.25       36.25       35.12       35.50          3247640.00
06/17/2015       35.40       35.75       35.27       35.50         12442800.00
06/16/2015       34.98       35.75       34.75       35.30          6040520.00
06/15/2015       35.12       35.12       34.50       34.80          2318160.00
06/11/2015       34.75       35.73       34.75       35.12          2299960.00
06/10/2015       34.90       35.00       34.25       34.52          3340520.00
06/09/2015       36.25       36.25       34.05       34.38          4830400.00
06/08/2015       37.33       37.33       35.75       36.25          3042040.00
06/05/2015       37.23       37.25       37.12       37.15           654680.00
06/04/2015       37.25       37.50       37.15       37.23          1357480.00
06/03/2015       37.75       37.75       36.25       37.25          2013800.00
06/02/2015       38.10       38.10       37.65       38.00          1666480.00
06/01/2015       38.75       39.00       37.75       38.10          1209400.00
05/29/2015       38.00       38.88       38.00       38.50          2577040.00
05/28/2015       38.25       39.23       37.65       38.00          2207280.00
05/27/2015       39.42       39.42       38.12       38.23          1503560.00
05/26/2015       39.45       39.45       39.33       39.42           601400.00
05/25/2015       39.80       40.00       39.38       39.45          2794520.00
05/22/2015       40.50       40.50       39.75       39.83          2254560.00
05/21/2015       40.00       40.00       39.62       39.62          1793800.00
05/20/2015       39.95       40.00       39.75       39.95          2348360.00
05/19/2015       40.00       40.00       39.92       39.95          2536560.00
05/18/2015       40.75       40.75       39.75       39.88           778760.00
05/15/2015       39.50       40.77       39.50       40.75          3730680.00
05/14/2015       39.00       40.27       39.00       39.50          4307720.00
05/13/2015       39.55       39.62       38.80       39.00          2367720.00
05/12/2015       40.50       40.50       39.45       39.55          4397120.00
05/11/2015       40.62       40.70       40.38       40.50           646920.00
05/08/2015       40.75       40.88       40.67       40.70          3569440.00
05/07/2015       40.88       40.88       40.50       40.75          3435760.00
05/06/2015       41.38       41.38       40.88       40.88          4324800.00
05/05/2015       41.02       41.38       41.00       41.12          2157800.00
05/04/2015       40.75       41.38       39.05       40.95          3318880.00
04/30/2015       41.25       42.00       41.12       41.38          3504760.00
04/29/2015       42.00       42.25       41.00       41.25          2455080.00
04/28/2015       42.10       42.23       42.00       42.00          3942640.00
04/27/2015       41.50       42.25       41.50       42.10          2918760.00
04/24/2015       41.25       41.70       40.88       41.50          2774280.00
04/23/2015       40.35       41.38       40.25       41.00          2655240.00
04/22/2015       40.17       40.40       40.02       40.38          1257080.00
04/21/2015       40.12       40.80       40.12       40.17          1635120.00
04/20/2015       39.75       40.12       39.55       40.12          1821000.00
04/17/2015       41.35       41.35       39.83       39.85          1694200.00
04/16/2015       41.75       41.75       39.75       40.12          3257920.00
04/15/2015       41.67       41.67       40.50       40.50          4299000.00
04/14/2015       41.70       42.25       41.50       41.67          1248800.00
04/13/2015       41.60       42.00       41.55       41.70          1769080.00
04/10/2015       41.50       42.15       41.45       41.55          1544680.00
04/08/2015       41.85       41.85       41.65       41.70          1658600.00
04/07/2015       42.00       42.40       41.85       41.85          1442560.00
04/06/2015       40.98       42.30       40.98       42.00          2287480.00
04/01/2015       41.75       41.75       40.95       40.98           662760.00
03/31/2015       40.77       41.75       40.75       41.75          5971960.00
03/30/2015       40.50       40.75       40.23       40.75          2032600.00
03/27/2015       40.38       40.50       40.35       40.38          2093240.00
03/26/2015       39.88       40.62       39.88       40.38          3720160.00
03/25/2015       39.55       40.00       39.52       39.88          1431320.00
03/24/2015       39.75       39.75       39.48       39.52          2223080.00
03/23/2015       39.88       39.88       39.48       39.75          3870160.00
03/20/2015       39.50       41.75       39.50       39.88         18712680.00
03/19/2015       39.62       39.80       39.00       39.30          3868280.00
03/18/2015       39.98       39.98       39.12       39.75          3550960.00
03/17/2015       38.58       40.50       38.58       39.25          7107320.00
03/16/2015       39.00       39.00       38.02       38.58          1130240.00
03/13/2015       40.00       40.00       38.83       39.00          2673480.00
03/12/2015       39.95       40.90       39.60       40.00          3748440.00
03/11/2015       40.25       40.33       39.60       39.95          2455240.00
03/10/2015       40.62       40.62       40.08       40.42          2758880.00
03/09/2015       41.50       41.50       40.55       40.88          7698560.00
03/06/2015       42.00       42.17       41.38       41.60          1873640.00
03/05/2015       41.25       42.17       41.25       41.70          9379760.00
03/04/2015       40.90       40.92       40.25       40.83          7056200.00
03/03/2015       40.00       41.05       40.00       40.92          4601480.00
03/02/2015       39.05       40.25       38.92       39.88          4064520.00
02/27/2015       38.75       39.17       38.75       38.90          3485200.00
02/26/2015       38.85       38.85       38.50       38.75         12311840.00
02/25/2015       39.17       39.20       38.35       38.50          2469160.00
02/24/2015       39.17       39.23       38.75       38.75          1452040.00
02/23/2015       39.10       39.25       38.95       39.00          3063600.00
02/20/2015       39.10       39.20       38.75       39.12          1350920.00
02/18/2015       39.25       39.25       39.12       39.12           883240.00
02/17/2015       39.73       39.73       39.20       39.25          1647440.00
02/16/2015       39.27       39.80       39.15       39.25          1882600.00
02/13/2015       39.02       40.00       39.02       39.27          2327520.00
02/12/2015       39.00       39.50       39.00       39.20          2943760.00
02/11/2015       38.88       39.75       38.88       39.00          1516560.00
02/10/2015       39.95       39.95       38.77       38.80          1832800.00
02/09/2015       40.02       40.75       39.90       39.98          2765840.00
02/06/2015       39.80       40.83       39.80       40.00         11810240.00
02/05/2015       39.75       39.98       39.25       39.75          3344160.00
02/04/2015       37.75       39.98       37.75       39.23          5157160.00
02/03/2015       36.73       37.50       36.60       37.50          4873000.00
02/02/2015       36.70       37.00       36.50       36.70           643280.00
01/30/2015       36.80       37.00       36.75       36.75          1906040.00
01/29/2015       36.75       37.25       36.60       36.77          3997800.00
01/28/2015       36.25       36.88       36.25       36.75          4238040.00
01/27/2015       36.27       36.62       36.25       36.27          6681720.00
01/26/2015       36.48       36.48       36.02       36.27          1533440.00
01/23/2015       35.98       36.70       35.98       36.38          2782320.00
01/22/2015       36.25       36.25       35.73       35.95          3322640.00
01/21/2015       35.95       36.70       35.75       36.00          2064720.00
01/20/2015       36.70       36.70       36.00       36.00          2371240.00
01/19/2015       37.00       37.00       36.75       36.75           990080.00
01/14/2015       36.73       37.23       36.73       37.10          2099120.00
01/13/2015       36.75       36.77       36.60       36.73          1668920.00
01/12/2015       36.42       36.95       36.42       36.75          2529760.00
01/09/2015       36.38       37.50       36.25       36.40          3986520.00
01/08/2015       36.20       36.98       36.12       36.25          1852600.00
01/07/2015       35.50       37.00       35.50       36.20          4981600.00
01/06/2015       35.00       35.85       35.00       35.50          4509520.00
01/05/2015       35.50       35.60       35.25       35.50          3159160.00
