SECB  1216

12/27/2019      192.00      197.00      190.00      195.00           186470.00
12/26/2019      186.60      196.00      185.80      196.00           302450.00
12/23/2019      181.90      187.70      181.90      186.60          1913760.00
12/20/2019      186.80      188.20      179.70      183.00          1988700.00
12/19/2019      193.90      193.90      186.10      187.00          1103210.00
12/18/2019      197.00      197.00      189.20      193.00           657740.00
12/17/2019      197.00      197.00      190.10      196.50           905590.00
12/16/2019      200.00      200.00      195.00      195.00           309670.00
12/13/2019      200.00      200.00      196.30      200.00           421270.00
12/12/2019      199.50      200.00      194.40      200.00           786030.00
12/11/2019      196.00      200.00      196.00      199.50           365150.00
12/10/2019      199.40      199.60      196.00      196.00           449670.00
12/09/2019      202.40      202.40      197.10      199.60           113350.00
12/06/2019      197.90      198.90      195.00      195.80          1538920.00
12/05/2019      199.00      199.60      197.50      197.90          1427610.00
12/04/2019      202.00      203.00      198.00      199.60           843420.00
12/03/2019      206.20      206.20      201.00      202.00           630130.00
12/02/2019      205.00      206.00      201.60      206.00           398390.00
11/29/2019      204.00      205.00      199.40      205.00           547740.00
11/28/2019      201.60      204.00      199.00      204.00           453430.00
11/27/2019      203.00      204.20      198.10      204.00           517470.00
11/26/2019      201.00      202.00      199.00      202.00          1060000.00
11/25/2019      200.60      202.20      199.40      202.00           235670.00
11/22/2019      201.00      201.00      197.20      201.00           405410.00
11/21/2019      202.80      203.00      197.10      201.00           689820.00
11/20/2019      203.80      203.80      199.90      203.00           218440.00
11/19/2019      202.60      203.80      199.10      203.80           225610.00
11/18/2019      200.00      202.80      198.20      200.60           357920.00
11/15/2019      195.90      205.00      195.90      200.00           634710.00
11/14/2019      193.00      195.90      193.00      195.90           312010.00
11/13/2019      195.50      195.50      193.00      195.30           951940.00
11/12/2019      200.60      201.40      195.00      195.50           842790.00
11/11/2019      200.80      201.00      200.00      200.00           213320.00
11/08/2019      203.60      203.60      196.00      203.00           223760.00
11/07/2019      202.00      203.00      200.00      203.00           247310.00
11/06/2019      204.00      204.00      200.00      202.00           177310.00
11/05/2019      203.00      204.80      200.20      203.20           688410.00
11/04/2019      199.10      204.80      199.10      204.00           286800.00
10/31/2019      204.80      204.80      199.20      199.20           451210.00
10/30/2019      204.00      205.60      201.00      205.00           440450.00
10/29/2019      203.40      205.00      200.80      204.00           502100.00
10/28/2019      199.00      203.60      198.70      203.60           335200.00
10/25/2019      201.00      203.00      201.00      203.00           476330.00
10/24/2019      200.00      201.00      198.60      201.00           527070.00
10/23/2019      200.60      200.60      198.30      200.00           372450.00
10/22/2019      199.00      202.00      198.00      202.00           401260.00
10/21/2019      199.50      199.50      197.10      199.00            89220.00
10/18/2019      199.90      199.90      197.10      199.50          1122160.00
10/17/2019      196.50      200.00      194.50      200.00           985680.00
10/16/2019      192.50      198.50      192.50      198.40          1058570.00
10/15/2019      197.50      197.50      192.40      197.00           314800.00
10/14/2019      197.90      199.00      196.60      197.50           217630.00
10/11/2019      198.80      199.00      194.80      198.00           494960.00
10/10/2019      191.10      199.00      190.20      199.00           349820.00
10/09/2019      194.40      194.50      191.00      191.00           722550.00
10/08/2019      196.00      199.00      194.50      194.60           162500.00
10/07/2019      197.90      197.90      190.40      197.00           224810.00
10/04/2019      190.30      198.00      190.30      197.90           190100.00
10/03/2019      192.00      196.00      189.50      190.20           548070.00
10/02/2019      187.30      197.00      187.30      194.20           500940.00
10/01/2019      195.80      195.80      188.90      190.00           994900.00
09/30/2019      196.00      197.80      195.30      197.00           330660.00
09/27/2019      197.00      198.90      197.00      198.00           121280.00
09/26/2019      197.90      198.00      193.10      197.00           614590.00
09/25/2019      196.00      198.00      193.20      198.00           460490.00
09/24/2019      196.00      197.90      195.80      196.00           306230.00
09/23/2019      197.00      198.00      195.80      197.50           462650.00
09/20/2019      196.20      199.80      196.00      199.00           661790.00
09/19/2019      197.80      199.00      196.00      199.00           452150.00
09/18/2019      199.70      199.70      197.00      198.30           446230.00
09/17/2019      203.00      203.20      199.80      200.00          1147940.00
09/16/2019      205.40      206.00      203.20      205.60           240780.00
09/13/2019      206.00      206.40      205.00      206.00           634720.00
09/12/2019      203.80      206.00      202.20      206.00           232760.00
09/11/2019      203.20      205.00      203.00      204.00           723720.00
09/10/2019      205.00      205.00      202.00      204.60           449870.00
09/09/2019      203.40      205.00      201.00      205.00           194800.00
09/06/2019      201.00      205.00      200.00      203.40           520240.00
09/05/2019      200.00      202.20      198.20      202.00           442420.00
09/04/2019      201.00      201.20      197.10      199.80           132080.00
09/03/2019      198.20      205.00      195.00      205.00           680470.00
09/02/2019      200.00      200.00      195.00      199.00           183960.00
08/30/2019      194.90      204.00      192.50      204.00          1339130.00
08/29/2019      192.10      195.40      189.00      195.40          1226160.00
08/28/2019      186.00      193.00      185.10      193.00           749260.00
08/27/2019      186.00      186.50      185.40      186.20           588740.00
08/23/2019      187.40      191.00      185.20      189.80           566160.00
08/22/2019      187.20      190.00      186.00      189.40           608800.00
08/20/2019      191.70      192.10      186.20      190.60           379950.00
08/19/2019      183.10      191.90      183.10      191.90           440460.00
08/16/2019      189.30      190.10      182.40      182.40           300030.00
08/15/2019      187.00      189.80      183.60      189.30           879310.00
08/14/2019      194.40      194.40      185.20      189.30           271170.00
08/13/2019      194.00      195.00      183.60      195.00           484190.00
08/09/2019      192.00      202.20      190.40      193.50          1746730.00
08/08/2019      182.50      192.00      182.00      192.00          2157140.00
08/07/2019      173.30      182.40      170.50      182.40           864350.00
08/06/2019      173.00      173.50      170.00      173.30           723620.00
08/05/2019      180.00      180.00      174.60      175.50           369720.00
08/02/2019      181.90      181.90      178.00      180.00           128840.00
08/01/2019      182.00      182.40      178.10      182.00           352470.00
07/31/2019      182.50      184.00      181.10      182.50           722160.00
07/30/2019      185.00      185.00      182.40      184.00           172310.00
07/29/2019      185.00      185.00      182.10      185.00           200980.00
07/26/2019      186.00      186.00      183.20      185.00            74480.00
07/25/2019      184.00      186.30      182.10      186.00           348750.00
07/24/2019      185.00      185.50      182.00      184.60           271720.00
07/23/2019      185.00      186.70      183.90      185.50           311910.00
07/22/2019      185.00      186.90      185.00      186.90           222460.00
07/19/2019      187.40      187.40      186.30      187.00           474620.00
07/18/2019      182.10      187.50      182.10      187.40           395070.00
07/17/2019      185.00      186.00      181.00      182.10           140810.00
07/16/2019      183.00      187.10      183.00      185.00           931750.00
07/15/2019      179.00      183.50      178.20      182.00           491610.00
07/12/2019      180.00      183.00      178.40      179.00           668390.00
07/11/2019      173.00      180.10      172.00      179.80          1567440.00
07/10/2019      173.00      174.00      171.80      173.00            91550.00
07/09/2019      172.00      173.00      171.80      173.00           406440.00
07/08/2019      172.40      172.50      170.00      171.90           583640.00
07/05/2019      171.50      172.60      171.40      172.00          1306450.00
07/04/2019      170.50      172.00      169.30      171.50           397130.00
07/03/2019      170.00      170.90      169.60      170.00          1099170.00
07/02/2019      168.50      170.00      168.50      170.00           203820.00
07/01/2019      171.10      171.10      168.50      168.60           155920.00
06/28/2019      171.90      171.90      168.00      170.00           492910.00
06/27/2019      171.90      171.90      170.10      171.50            97570.00
06/26/2019      169.90      171.90      168.60      171.90           324850.00
06/25/2019      169.50      170.00      168.80      170.00           193120.00
06/24/2019      170.00      170.00      168.50      169.10           402550.00
06/21/2019      165.50      170.00      165.50      170.00           616890.00
06/20/2019      165.00      165.90      164.90      165.10          1038980.00
06/19/2019      165.50      166.00      163.10      165.00          1077560.00
06/18/2019      168.80      168.80      162.50      162.50           634000.00
06/17/2019      171.50      172.40      168.10      168.60           478180.00
06/14/2019      171.90      172.50      168.10      171.50           244340.00
06/13/2019      171.30      172.30      167.90      171.00           591170.00
06/11/2019      172.40      173.00      170.70      170.90           867190.00
06/10/2019      171.90      171.90      170.40      170.90           585210.00
06/07/2019      172.00      172.50      170.00      171.90           116120.00
06/06/2019      172.00      173.80      167.90      172.10          2183820.00
06/04/2019      175.00      175.00      170.00      170.10           441980.00
06/03/2019      175.00      176.00      174.00      174.00           342220.00
05/31/2019      176.00      176.30      175.00      175.00           264570.00
05/30/2019      175.00      177.00      175.00      175.30           310900.00
05/29/2019      173.80      177.00      172.00      175.00           750050.00
05/28/2019      173.80      174.60      170.00      171.10          1166850.00
05/27/2019      170.40      174.60      170.40      173.80          1112000.00
05/24/2019      171.70      171.70      170.10      170.40           240210.00
05/23/2019      174.50      175.00      171.40      172.00           214590.00
05/22/2019      179.00      179.00      174.00      175.50           295890.00
05/21/2019      178.60      179.10      176.10      178.80           793260.00
05/20/2019      175.00      179.10      172.10      178.50           730630.00
05/17/2019      162.30      175.00      162.30      175.00           867650.00
05/16/2019      165.40      165.40      161.60      162.00           364120.00
05/15/2019      168.20      169.00      165.50      166.00           445110.00
05/14/2019      171.70      171.90      168.00      168.00           607670.00
05/10/2019      170.10      173.60      169.00      171.90           365650.00
05/09/2019      172.60      175.00      169.30      170.00           559950.00
05/08/2019      177.90      177.90      172.50      172.50           340900.00
05/07/2019      180.00      180.00      175.00      175.00           414580.00
05/06/2019      181.30      182.90      177.80      180.00           606330.00
05/03/2019      184.60      187.50      181.20      181.20           603920.00
05/02/2019      180.00      186.50      179.00      184.50           654490.00
04/30/2019      179.40      181.00      178.10      180.00           190680.00
04/29/2019      180.90      180.90      179.10      180.00            96640.00
04/26/2019      181.00      181.00      178.00      180.50           380900.00
04/25/2019      178.00      181.20      176.10      181.20           349640.00
04/24/2019      178.00      179.00      177.90      178.80           173270.00
04/23/2019      178.30      178.50      176.00      177.50           149120.00
04/22/2019      180.00      180.00      177.00      178.50           155040.00
04/17/2019      176.20      180.00      176.20      180.00           104080.00
04/16/2019      177.60      179.90      177.30      178.00           129170.00
04/15/2019      178.00      178.30      177.00      177.60           231490.00
04/12/2019      180.00      180.50      175.50      176.00            71800.00
04/11/2019      180.50      180.70      179.50      180.00           114580.00
04/10/2019      179.70      181.10      179.50      180.50           452300.00
04/08/2019      178.40      179.70      177.70      179.70           153780.00
04/05/2019      177.40      178.50      177.40      178.30           133150.00
04/04/2019      175.00      179.30      174.80      177.00          1451410.00
04/03/2019      171.60      177.00      171.60      175.00           735810.00
04/02/2019      172.00      172.00      170.80      171.70           194750.00
04/01/2019      172.90      172.90      169.70      172.00           116440.00
03/29/2019      170.30      173.00      169.60      173.00           358660.00
03/28/2019      172.90      172.90      168.00      170.30           228790.00
03/27/2019      171.90      171.90      168.00      171.00           435600.00
03/26/2019      167.70      172.00      167.70      172.00           633680.00
03/25/2019      173.80      173.80      166.80      167.70           399040.00
03/22/2019      172.90      174.80      170.80      171.20           828640.00
03/21/2019      172.50      174.80      172.10      172.90           222420.00
03/20/2019      165.00      173.00      165.00      172.70          1081400.00
03/19/2019      169.00      170.00      165.90      165.90           540950.00
03/18/2019      168.00      168.50      164.40      168.50           232510.00
03/15/2019      170.50      170.50      164.30      164.30           537370.00
03/14/2019      168.00      171.50      167.00      170.50           745970.00
03/13/2019      167.00      168.00      166.00      167.00           255510.00
03/12/2019      167.00      167.00      166.00      167.00           488440.00
03/11/2019      170.70      170.70      163.80      167.00           171120.00
03/08/2019      169.90      170.90      167.00      167.80            77120.00
03/07/2019      163.50      169.90      163.50      169.90           251710.00
03/06/2019      161.00      163.50      158.40      163.50           266590.00
03/05/2019      162.00      162.30      160.60      161.90           247200.00
03/04/2019      162.60      162.60      158.10      160.20           296410.00
03/01/2019      165.90      168.00      155.10      162.50           834800.00
02/28/2019      172.20      173.00      164.80      165.80           784540.00
02/27/2019      173.30      173.30      170.50      171.80           221820.00
02/26/2019      174.00      174.00      170.60      171.00           233940.00
02/22/2019      174.00      174.40      171.80      173.00           230250.00
02/21/2019      173.00      173.00      170.90      173.00           203270.00
02/20/2019      170.40      174.00      170.00      173.00           174850.00
02/19/2019      172.40      173.60      168.50      169.80           556320.00
02/18/2019      172.20      175.40      172.20      173.10            60070.00
02/15/2019      175.10      176.50      171.50      172.20           426750.00
02/14/2019      171.50      177.00      170.00      175.10           390820.00
02/13/2019      176.40      178.50      169.90      171.50           575560.00
02/12/2019      180.60      180.60      176.00      176.40           169840.00
02/11/2019      179.00      182.10      178.60      180.00           567670.00
02/08/2019      179.80      179.80      177.00      179.00           134050.00
02/07/2019      180.40      181.40      179.00      179.80            83420.00
02/06/2019      175.10      181.50      175.10      180.50           497930.00
02/04/2019      181.90      181.90      174.50      174.80           392850.00
02/01/2019      179.00      183.60      179.00      179.10           610360.00
01/31/2019      176.50      182.00      176.00      179.00          1421070.00
01/30/2019      176.80      178.40      175.30      176.00           325050.00
01/29/2019      175.10      178.40      174.10      176.80           393940.00
01/28/2019      177.80      178.00      175.00      175.00           231070.00
01/25/2019      178.40      178.40      174.20      174.20           156920.00
01/24/2019      176.90      178.00      176.00      176.00           253860.00
01/23/2019      174.10      175.20      174.10      175.00           400850.00
01/22/2019      177.60      178.00      174.10      175.00           547750.00
01/21/2019      179.70      179.90      175.90      177.60           222670.00
01/18/2019      178.50      181.40      177.50      179.70           892350.00
01/17/2019      179.80      181.40      178.00      178.50           329860.00
01/16/2019      179.50      182.10      174.10      179.80           404160.00
01/15/2019      179.00      181.50      177.10      179.10           359400.00
01/14/2019      175.50      180.50      174.10      179.00           645030.00
01/11/2019      178.40      178.40      172.00      175.30           997120.00
01/10/2019      171.10      178.40      171.10      178.40          2807810.00
01/09/2019      163.60      171.00      163.60      171.00          2107000.00
01/08/2019      164.00      166.00      162.80      163.50          1099530.00
01/07/2019      163.40      166.50      162.50      163.40           921090.00
01/04/2019      160.50      164.70      160.20      163.30           928760.00
01/03/2019      155.90      161.00      155.90      160.50          1078010.00
01/02/2019      156.00      159.70      154.60      154.60           378880.00
12/28/2018      156.70      158.00      154.10      155.00           250060.00
12/27/2018      155.50      158.30      155.50      155.70           248970.00
12/26/2018      154.10      156.60      152.60      155.10           230740.00
12/21/2018      157.10      159.00      154.00      154.50           421240.00
12/20/2018      157.40      162.00      157.00      157.00           503280.00
12/19/2018      154.30      158.00      153.20      157.50           332780.00
12/18/2018      159.60      159.60      152.80      152.80           373910.00
12/17/2018      160.50      162.80      159.90      160.00           491170.00
12/14/2018      163.00      163.00      160.20      160.20           172790.00
12/13/2018      162.50      163.50      160.90      160.90           564850.00
12/12/2018      162.70      162.70      160.30      162.00           151560.00
12/11/2018      158.20      161.50      158.20      160.20           493760.00
12/10/2018      160.00      160.00      157.40      160.00           125200.00
12/07/2018      161.20      162.00      158.10      160.00           144250.00
12/06/2018      162.00      162.00      157.50      161.00           508990.00
12/05/2018      164.90      164.90      159.00      159.00           452970.00
12/04/2018      164.40      167.80      164.30      166.90           454750.00
12/03/2018      164.60      164.60      162.00      164.30           868570.00
11/29/2018      160.00      163.90      158.40      161.00          1375700.00
11/28/2018      160.00      161.90      156.00      158.00           618680.00
11/27/2018      163.50      164.80      159.00      159.00           535370.00
11/26/2018      162.70      165.10      160.00      163.00           735220.00
11/23/2018      155.40      163.60      155.40      162.80          1168500.00
11/22/2018      152.70      156.00      152.50      155.00           821770.00
11/21/2018      151.80      151.80      149.40      151.00           640760.00
11/20/2018      146.20      153.00      144.70      152.00          1374370.00
11/19/2018      141.80      147.30      140.10      146.50          1487340.00
11/16/2018      139.20      146.10      139.20      140.00          1792230.00
11/15/2018      138.50      139.70      137.00      139.00           428200.00
11/14/2018      138.00      139.00      136.00      136.00           435140.00
11/13/2018      142.00      142.00      135.60      138.00           541330.00
11/12/2018      144.80      144.80      140.50      142.00           330230.00
11/09/2018      145.80      145.80      141.00      145.00           455040.00
11/08/2018      143.80      145.50      138.90      143.00           588140.00
11/07/2018      146.00      146.20      140.80      144.30           471510.00
11/06/2018      146.20      149.00      145.30      145.90           321360.00
11/05/2018      144.40      149.00      144.30      146.10           634910.00
10/31/2018      143.60      145.20      138.80      144.40           688820.00
10/30/2018      142.00      144.90      138.90      143.00           837870.00
10/29/2018      140.80      146.00      140.70      142.00           795200.00
10/26/2018      138.00      140.60      137.90      139.60           819540.00
10/25/2018      144.00      144.00      137.50      137.50          1144160.00
10/24/2018      151.60      151.60      145.00      145.00           713900.00
10/23/2018      152.70      154.00      149.80      151.60           993520.00
10/22/2018      152.80      156.00      151.80      152.60           592250.00
10/19/2018      152.00      153.50      150.30      152.50           894630.00
10/18/2018      153.70      153.80      149.20      152.00          1378690.00
10/17/2018      147.00      153.60      147.00      152.00          1255670.00
10/16/2018      143.10      146.50      143.10      146.00           724610.00
10/15/2018      143.00      144.10      141.10      143.10          1819450.00
10/12/2018      133.30      144.00      133.30      140.90          1523710.00
10/11/2018      135.00      135.70      132.10      133.20          1029630.00
10/10/2018      140.50      140.50      135.00      135.70           941510.00
10/09/2018      145.40      145.40      139.00      139.80          1550620.00
10/08/2018      145.10      146.40      144.70      144.80           773450.00
10/05/2018      146.00      146.80      144.70      144.80           536490.00
10/04/2018      149.10      150.00      144.80      144.80          1200770.00
10/03/2018      148.90      150.10      147.50      149.90           884780.00
10/02/2018      150.00      152.50      145.00      146.20          1009500.00
10/01/2018      156.20      156.20      150.00      150.00           846200.00
09/28/2018      155.50      159.80      154.00      154.00           715370.00
09/27/2018      156.10      158.00      152.50      155.30           891150.00
09/26/2018      168.80      168.80      156.00      156.00          1077270.00
09/25/2018      169.50      169.50      168.00      168.80           685490.00
09/24/2018      168.60      170.00      168.10      168.90           898140.00
09/21/2018      169.50      173.00      168.00      168.50          1660520.00
09/20/2018      171.00      171.00      168.00      169.00           563170.00
09/19/2018      172.00      173.40      169.00      169.00          1163330.00
09/18/2018      176.00      176.00      172.60      175.00          1078750.00
09/17/2018      183.00      186.50      176.00      176.00           294510.00
09/14/2018      190.50      190.50      182.00      182.00           419810.00
09/13/2018      189.90      190.80      189.00      189.60           479410.00
09/12/2018      189.60      192.80      189.10      189.90           663850.00
09/11/2018      194.00      194.00      189.00      193.00           788700.00
09/10/2018      191.50      192.00      190.00      190.10           414980.00
09/07/2018      194.90      194.90      191.30      191.50           772260.00
09/06/2018      195.30      195.30      192.60      195.00           958400.00
09/05/2018      196.00      198.70      194.50      195.30           700760.00
09/04/2018      196.80      198.00      195.10      196.00           678470.00
09/03/2018      196.00      197.00      195.00      196.10           132900.00
08/31/2018      199.70      199.80      194.50      194.50           614290.00
08/30/2018      199.90      201.00      199.50      199.90           896880.00
08/29/2018      200.80      201.00      199.00      199.90           825010.00
08/28/2018      198.20      203.40      198.20      203.40           155830.00
08/24/2018      202.00      202.00      198.20      199.30           266520.00
08/23/2018      198.40      202.00      198.40      202.00           185510.00
08/22/2018      198.60      201.80      198.20      201.80           192780.00
08/20/2018      199.00      199.00      198.40      198.60           212240.00
08/17/2018      198.70      200.00      198.70      199.00           178970.00
08/16/2018      201.60      201.60      198.30      198.70           228070.00
08/15/2018      199.00      201.60      198.70      201.60           159160.00
08/14/2018      199.00      199.10      198.40      199.00           105160.00
08/13/2018      200.00      200.20      199.00      200.00            88760.00
08/10/2018      202.60      203.00      199.70      200.00          1123410.00
08/09/2018      202.40      204.00      200.00      202.60           115890.00
08/08/2018      201.00      204.00      200.80      202.40           154350.00
08/07/2018      205.00      206.00      200.40      201.20           345610.00
08/06/2018      204.00      205.00      201.20      205.00            90110.00
08/03/2018      205.80      205.80      198.00      204.00           355040.00
08/02/2018      206.00      207.00      202.00      202.00           324600.00
08/01/2018      205.80      208.00      203.80      206.00           264640.00
07/31/2018      204.60      205.40      202.20      203.00           383360.00
07/30/2018      205.00      205.80      203.20      205.00           198630.00
07/27/2018      204.00      206.00      201.60      206.00           175130.00
07/26/2018      204.00      206.60      204.00      204.00           144210.00
07/25/2018      204.00      206.60      202.80      203.00           398500.00
07/24/2018      204.00      205.00      202.80      202.80           336660.00
07/23/2018      206.60      206.60      204.00      204.00           163600.00
07/20/2018      211.20      211.20      206.40      206.60           262810.00
07/19/2018      211.00      212.00      210.20      211.60           232060.00
07/18/2018      210.00      212.00      210.00      211.60           234150.00
07/17/2018      211.80      212.00      211.40      211.60           892830.00
07/16/2018      213.00      213.00      210.60      212.00           337990.00
07/13/2018      207.00      213.00      207.00      212.00          1031660.00
07/12/2018      201.40      208.00      201.40      207.40           615370.00
07/11/2018      200.20      203.80      200.20      202.60           195950.00
07/10/2018      201.00      202.00      200.60      202.00           127700.00
07/09/2018      201.00      202.00      200.20      200.80            73970.00
07/06/2018      202.00      202.00      200.00      201.20           881370.00
07/05/2018      201.00      203.80      201.00      203.80           668090.00
07/04/2018      200.20      203.40      198.00      203.00           322180.00
07/03/2018      202.00      202.00      200.00      200.20           397960.00
07/02/2018      202.40      204.00      200.40      202.00           177170.00
06/29/2018      197.20      201.00      197.20      200.00           309380.00
06/28/2018      200.00      200.40      199.00      200.00           921340.00
06/27/2018      200.60      201.80      196.60      200.00          1674480.00
06/26/2018      194.00      200.80      192.50      200.80           335710.00
06/25/2018      198.00      199.00      195.00      195.00           579050.00
06/22/2018      200.00      200.00      195.50      198.00           751060.00
06/21/2018      200.00      201.00      196.00      200.00           776310.00
06/20/2018      205.00      205.00      199.80      200.00           372300.00
06/19/2018      202.80      202.80      197.00      199.10           240480.00
06/18/2018      198.10      205.00      198.00      202.60           397100.00
06/14/2018      201.00      206.00      198.00      206.00          1003360.00
06/13/2018      202.00      202.20      198.10      201.00           664250.00
06/11/2018      202.00      203.20      201.00      201.80           190260.00
06/08/2018      202.00      202.20      200.00      200.60           188310.00
06/07/2018      199.80      204.00      194.50      202.00           372980.00
06/06/2018      194.90      200.00      193.40      199.00           105900.00
06/05/2018      191.90      195.00      190.50      195.00           329390.00
06/04/2018      194.50      195.00      190.20      191.00           165680.00
06/01/2018      193.90      194.00      190.00      194.00           441790.00
05/31/2018      189.00      195.00      188.00      195.00          1003790.00
05/30/2018      190.10      190.10      186.80      189.00           460090.00
05/29/2018      195.00      195.00      190.50      192.90           220020.00
05/28/2018      192.00      194.90      191.30      193.00           138860.00
05/25/2018      198.50      199.70      192.00      192.00           391490.00
05/24/2018      199.00      200.00      195.50      200.00           151800.00
05/23/2018      197.60      199.00      196.20      199.00           337000.00
05/22/2018      200.80      202.20      197.00      197.70           571710.00
05/21/2018      199.50      202.00      199.50      200.60           384410.00
05/18/2018      200.40      202.00      199.60      199.90           317720.00
05/17/2018      200.00      202.00      200.00      200.20          1321050.00
05/16/2018      201.00      202.60      199.00      200.40          2086680.00
05/15/2018      200.80      204.00      200.60      201.00           682100.00
05/11/2018      196.00      201.60      195.00      200.60          1028520.00
05/10/2018      190.50      197.50      190.50      194.00           994490.00
05/09/2018      195.10      195.70      189.30      189.50           906810.00
05/08/2018      200.00      200.40      195.00      197.10           445670.00
05/07/2018      206.00      206.40      197.40      199.80           629090.00
05/04/2018      204.00      208.20      203.80      205.40           156210.00
05/03/2018      207.60      209.80      204.00      204.00           793940.00
05/02/2018      209.00      219.00      204.60      207.60           545650.00
04/30/2018      214.40      214.80      209.00      209.00           693770.00
04/27/2018      214.00      215.00      213.20      214.00           507160.00
04/26/2018      214.20      218.00      214.00      214.00           355940.00
04/25/2018      215.00      219.40      213.00      216.00           365280.00
04/24/2018      224.80      224.80      215.00      220.00           540020.00
04/23/2018      224.00      225.00      221.00      222.00           257940.00
04/20/2018      226.00      226.00      224.00      225.00           322630.00
04/19/2018      223.00      225.00      221.00      222.40           827350.00
04/18/2018      224.00      226.60      224.00      225.00           510870.00
04/17/2018      226.80      226.80      223.00      224.00           316160.00
04/16/2018      225.00      226.60      224.60      225.00           226320.00
04/13/2018      224.00      228.40      224.00      224.40           358690.00
04/12/2018      226.00      226.00      224.20      224.80           589920.00
04/11/2018      231.20      231.60      222.40      226.60           498460.00
04/10/2018      229.80      232.00      229.60      231.00           317880.00
04/06/2018      230.00      232.60      229.00      229.80           382630.00
04/05/2018      230.00      234.20      229.00      232.60           705070.00
04/04/2018      229.20      232.00      228.00      229.60          1185550.00
04/03/2018      235.00      235.00      228.00      229.20          1316560.00
04/02/2018      240.00      240.00      232.40      236.00           236840.00
03/28/2018      243.80      244.00      240.00      240.00           428370.00
03/27/2018      242.00      243.60      241.40      242.00           349970.00
03/26/2018      242.00      244.80      240.00      244.60           197050.00
03/23/2018      246.00      250.00      243.00      244.60           248160.00
03/22/2018      245.00      248.60      245.00      248.00           356310.00
03/21/2018      251.60      251.60      246.20      248.00           216670.00
03/20/2018      253.80      253.80      243.00      251.60           330300.00
03/19/2018      246.00      254.00      243.00      254.00           433040.00
03/16/2018      250.60      251.00      241.00      251.00          1039530.00
03/15/2018      248.80      248.80      242.60      244.00           722590.00
03/14/2018      251.80      251.80      243.40      244.00          1057240.00
03/13/2018      253.80      253.80      248.60      250.00           539180.00
03/12/2018      251.00      253.00      246.00      252.00           562110.00
03/09/2018      245.40      251.00      245.40      250.00           462470.00
03/08/2018      249.60      250.00      244.60      250.00           474320.00
03/07/2018      242.60      250.00      242.60      250.00           586530.00
03/06/2018      244.20      244.80      242.60      242.60           450980.00
03/05/2018      248.00      248.00      244.00      245.40           334760.00
03/02/2018      245.20      248.80      245.00      247.20           278270.00
03/01/2018      245.00      246.00      244.20      245.20           345770.00
02/28/2018      247.00      247.40      244.20      246.20           689540.00
02/27/2018      248.00      254.80      248.00      250.00           298280.00
02/26/2018      247.00      249.00      246.60      248.00           318790.00
02/23/2018      250.60      254.00      247.00      247.40           482420.00
02/22/2018      250.00      258.00      250.00      255.00           341750.00
02/21/2018      249.80      257.00      249.20      257.00           674260.00
02/20/2018      255.00      255.00      247.00      254.00           273420.00
02/19/2018      258.00      258.00      246.00      255.00           331900.00
02/15/2018      249.00      258.00      245.20      258.00           307740.00
02/14/2018      249.00      249.20      244.00      247.20           152190.00
02/13/2018      250.00      251.40      247.00      249.00           971440.00
02/12/2018      244.80      248.80      243.60      248.80           265030.00
02/09/2018      242.60      248.60      242.20      245.00           357400.00
02/08/2018      242.00      246.20      242.00      244.00           497340.00
02/07/2018      247.00      248.80      242.00      246.00           303970.00
02/06/2018      230.00      238.00      225.00      238.00           769130.00
02/05/2018      242.00      242.00      235.00      238.00           703910.00
02/02/2018      245.20      245.20      242.40      243.40          1108330.00
02/01/2018      250.00      250.00      244.40      245.20           260180.00
01/31/2018      247.00      250.00      244.00      246.00           807430.00
01/30/2018      252.00      252.40      246.80      246.80           728810.00
01/29/2018      251.60      254.00      250.80      252.00           518070.00
01/26/2018      251.60      251.80      250.20      251.60          1146120.00
01/25/2018      252.00      252.00      250.80      251.80           731920.00
01/24/2018      252.00      253.00      251.20      251.80           553110.00
01/23/2018      251.00      252.00      250.80      251.20           911490.00
01/22/2018      250.00      253.20      250.00      250.60           459940.00
01/19/2018      251.60      251.60      249.20      250.00          1165890.00
01/18/2018      252.00      253.20      250.40      251.60           925280.00
01/17/2018      255.00      256.20      251.00      252.00          1059260.00
01/16/2018      258.80      258.80      254.00      255.00           823620.00
01/15/2018      259.00      259.00      254.00      254.00           183870.00
01/12/2018      255.00      260.00      254.40      255.40          3136680.00
01/11/2018      254.00      255.60      253.00      254.20           609400.00
01/10/2018      252.80      255.40      252.80      253.00           584750.00
01/09/2018      251.00      255.00      250.80      252.60           732150.00
01/08/2018      248.00      251.00      247.40      249.00          1003270.00
01/05/2018      250.00      251.00      246.00      246.00          5333040.00
01/04/2018      251.60      254.00      249.60      249.80          1506510.00
01/03/2018      252.00      254.80      250.20      253.80           511580.00
12/29/2017      254.40      254.60      251.40      251.40           226510.00
12/28/2017      254.00      254.60      251.60      252.20           147890.00
12/27/2017      254.00      254.40      251.00      254.20           164030.00
12/22/2017      255.00      255.00      251.40      252.00            90700.00
12/21/2017      255.00      255.00      250.60      252.40           771110.00
12/20/2017      255.40      255.80      249.00      251.40           433510.00
12/19/2017      250.00      255.20      250.00      254.00          1206710.00
12/18/2017      250.20      255.00      245.60      251.80           713310.00
12/15/2017      248.00      255.00      248.00      255.00           532710.00
12/14/2017      250.00      253.00      247.80      251.40           357820.00
12/13/2017      254.40      254.40      251.00      253.00           537350.00
12/12/2017      251.40      254.20      251.40      252.00           488350.00
12/11/2017      250.00      251.00      247.00      250.20           363690.00
12/08/2017      240.20      250.00      240.20      250.00           474430.00
12/07/2017      240.80      245.60      236.00      244.00           830840.00
12/06/2017      237.00      243.00      235.00      241.00          1013060.00
12/05/2017      242.00      246.00      236.20      237.00           590410.00
12/04/2017      247.00      247.00      240.00      241.00           815410.00
12/01/2017      252.80      253.00      246.60      247.00           289910.00
11/29/2017      252.40      252.40      247.00      250.00           865330.00
11/28/2017      253.80      253.80      249.60      250.00           562680.00
11/27/2017      254.40      254.40      250.60      251.40           196010.00
11/24/2017      251.20      254.40      250.60      254.40           342120.00
11/23/2017      250.00      254.00      249.80      254.00           177700.00
11/22/2017      247.80      254.00      247.80      254.00           260870.00
11/21/2017      253.80      253.80      247.60      247.80           374710.00
11/20/2017      251.00      254.00      251.00      251.00           153070.00
11/17/2017      250.20      251.80      249.00      250.00           375170.00
11/16/2017      248.60      254.80      248.60      250.00           404980.00
11/15/2017      249.20      255.00      249.20      250.20           376780.00
11/14/2017      254.40      258.60      248.20      249.20           740100.00
11/13/2017      260.00      260.00      251.20      252.00           267620.00
11/10/2017      260.80      261.80      257.00      258.80           101660.00
11/09/2017      259.40      263.00      259.00      260.00           206900.00
11/08/2017      253.00      260.00      252.00      259.40           279470.00
11/07/2017      251.80      254.20      250.20      253.00            95370.00
11/06/2017      250.00      254.80      250.00      252.00           358470.00
11/03/2017      257.60      264.00      248.80      248.80           328490.00
11/02/2017      246.00      257.40      244.80      257.00           281950.00
10/30/2017      252.00      252.20      246.00      246.00           390280.00
10/27/2017      252.00      253.80      250.00      252.00           180560.00
10/26/2017      255.20      255.20      250.00      255.00           137060.00
10/25/2017      253.80      255.40      249.00      255.00           935890.00
10/24/2017      260.20      261.80      249.00      249.00           580630.00
10/23/2017      263.00      264.80      259.00      260.00           207560.00
10/20/2017      265.00      265.00      262.00      263.20           261180.00
10/19/2017      261.00      266.00      261.00      265.20           424920.00
10/18/2017      266.80      266.80      258.00      261.00           379280.00
10/17/2017      260.00      268.20      260.00      266.80           942690.00
10/13/2017      252.00      259.80      252.00      259.80           772290.00
10/12/2017      252.00      254.00      251.00      252.00           200210.00
10/11/2017      252.00      255.00      250.20      250.20           573620.00
10/10/2017      248.20      254.20      248.20      250.20           457140.00
10/09/2017      248.40      248.40      246.60      248.20           366790.00
10/06/2017      250.00      250.00      244.00      248.20           188010.00
10/05/2017      245.00      250.20      245.00      249.00           305520.00
10/04/2017      254.60      254.60      244.00      244.00           174980.00
10/03/2017      247.60      254.40      246.00      252.00           624870.00
10/02/2017      243.20      247.00      242.20      246.00           667750.00
09/29/2017      244.00      249.00      243.20      243.20           790060.00
09/28/2017      249.60      250.40      243.20      249.00           871870.00
09/27/2017      249.00      252.00      249.00      249.60           788940.00
09/26/2017      251.00      253.00      247.00      249.00          1125670.00
09/25/2017      254.60      256.00      251.00      252.40           377960.00
09/22/2017      252.20      254.80      252.00      254.60           501290.00
09/21/2017      249.40      253.80      249.00      252.00           210970.00
09/20/2017      248.80      249.40      248.00      249.20           774830.00
09/19/2017      244.20      247.80      244.20      247.40          1197890.00
09/18/2017      250.00      250.00      244.00      245.00           429780.00
09/15/2017      249.00      249.20      245.20      247.40          1942920.00
09/14/2017      250.80      250.80      247.00      249.00           451730.00
09/13/2017      245.00      253.40      245.00      249.00           642930.00
09/11/2017      241.20      246.00      241.20      243.20           182590.00
09/08/2017      243.00      247.00      241.20      243.40           588420.00
09/07/2017      245.40      245.40      241.40      243.00           734240.00
09/06/2017      244.60      244.60      239.60      241.00           460900.00
09/05/2017      244.40      244.60      242.60      244.60          1000240.00
09/04/2017      250.00      250.00      241.60      244.40           519570.00
08/31/2017      250.00      252.20      248.00      250.00          7855370.00
08/30/2017      253.00      257.00      246.80      248.80          1140650.00
08/29/2017      257.00      258.00      251.40      252.80           934930.00
08/25/2017      254.20      258.00      252.20      254.00           573270.00
08/24/2017      255.00      256.00      249.80      254.00           524770.00
08/23/2017      255.00      258.00      254.20      254.20           399250.00
08/22/2017      256.00      258.00      254.40      255.00           791110.00
08/18/2017      259.00      261.40      256.00      256.00           759480.00
08/17/2017      255.20      262.00      255.20      261.00          1401900.00
08/16/2017      258.00      260.00      255.00      255.00           647320.00
08/15/2017      257.00      261.60      256.40      258.00          1216600.00
08/14/2017      259.40      263.00      254.00      256.00           659560.00
08/11/2017      250.00      255.00      248.60      252.00          1896340.00
08/10/2017      241.80      245.20      241.60      244.00           561670.00
08/09/2017      243.00      247.00      236.40      241.80           673160.00
08/08/2017      235.00      244.20      233.80      243.00          1013920.00
08/07/2017      230.00      234.80      230.00      234.60           298430.00
08/04/2017      230.00      232.80      229.00      230.00           322870.00
08/03/2017      230.00      232.80      227.60      229.00           314540.00
08/02/2017      230.00      232.00      227.00      229.00           228040.00
08/01/2017      234.00      234.00      228.00      228.60           537750.00
07/31/2017      234.80      236.00      232.00      234.00           603210.00
07/28/2017      232.00      238.20      230.60      233.60           675680.00
07/27/2017      228.00      234.40      228.00      232.00           523430.00
07/26/2017      226.40      230.00      225.80      228.00           383530.00
07/25/2017      223.00      227.60      223.00      226.40           396390.00
07/24/2017      225.00      226.00      223.00      223.00           162430.00
07/21/2017      219.00      227.80      217.00      227.80           268110.00
07/20/2017      222.00      223.80      220.00      221.20           615790.00
07/19/2017      224.80      224.80      220.00      222.00           408030.00
07/18/2017      221.40      224.60      219.40      224.60           322600.00
07/17/2017      221.20      222.80      221.20      221.40           306290.00
07/14/2017      220.80      221.60      219.60      220.00           631390.00
07/13/2017      221.00      221.20      219.20      220.80          1005710.00
07/12/2017      220.00      220.40      218.20      220.20           969420.00
07/11/2017      221.00      221.00      217.80      219.40           546790.00
07/10/2017      220.80      222.80      220.60      221.00           325310.00
07/07/2017      221.00      221.40      219.40      220.60           189360.00
07/06/2017      219.40      223.00      219.40      220.80           399520.00
07/05/2017      217.00      221.00      215.00      219.40           319260.00
07/04/2017      223.00      223.00      221.00      221.20            58710.00
07/03/2017      220.00      223.80      219.60      221.00           439940.00
06/30/2017      217.00      219.80      216.00      217.00           761130.00
06/29/2017      220.00      220.00      219.20      219.80           553460.00
06/28/2017      222.20      222.20      219.00      220.00           332740.00
06/27/2017      222.00      222.80      220.00      222.20           186500.00
06/23/2017      221.40      221.40      220.00      220.20           506750.00
06/22/2017      221.00      222.40      220.80      221.40           633960.00
06/21/2017      220.60      221.00      217.80      221.00           639400.00
06/20/2017      221.60      221.60      218.00      220.60           693530.00
06/19/2017      222.20      222.20      219.20      221.60           437140.00
06/16/2017      220.00      222.20      218.60      222.20          4661880.00
06/15/2017      220.00      221.40      219.00      220.80           422080.00
06/14/2017      222.00      222.00      216.60      220.00           527890.00
06/13/2017      224.80      224.80      221.40      221.60          1142850.00
06/09/2017      224.80      225.00      221.60      221.60           533630.00
06/08/2017      222.00      225.00      221.00      221.80           689830.00
06/07/2017      224.20      225.00      221.00      222.80           276510.00
06/06/2017      226.00      228.00      223.80      224.20           265510.00
06/05/2017      225.00      225.60      223.20      225.00           427780.00
06/02/2017      222.00      225.00      221.40      224.20          1279860.00
06/01/2017      217.60      222.00      215.20      221.00           973660.00
05/31/2017      216.00      218.00      216.00      217.80          2471210.00
05/30/2017      218.80      218.80      215.20      215.60           484360.00
05/29/2017      216.00      219.80      216.00      216.80           489810.00
05/26/2017      217.00      219.00      215.20      217.60           421510.00
05/25/2017      215.60      218.00      215.20      216.40           448990.00
05/24/2017      215.40      217.60      215.00      216.40           217370.00
05/23/2017      216.80      217.80      215.60      217.00           635030.00
05/22/2017      216.00      218.00      215.00      216.00           388870.00
05/19/2017      215.80      216.00      215.20      215.60           614280.00
05/18/2017      216.00      216.60      214.00      216.40           577300.00
05/17/2017      217.40      217.40      214.00      216.20          1309510.00
05/16/2017      217.00      217.00      214.40      216.00           287600.00
05/15/2017      216.80      217.40      213.00      215.00           792710.00
05/12/2017      217.80      219.40      216.00      217.40           272160.00
05/11/2017      216.40      220.00      216.20      217.80           382580.00
05/10/2017      220.00      221.40      216.40      216.40           543030.00
05/09/2017      217.60      221.60      216.80      219.00          1656090.00
05/08/2017      216.00      219.60      216.00      217.40          1140880.00
05/05/2017      214.20      218.00      214.20      215.60          1172030.00
05/04/2017      216.40      216.40      214.40      215.00           204450.00
05/03/2017      214.60      216.60      214.00      214.40           376270.00
05/02/2017      216.80      216.80      213.20      214.80           532540.00
04/27/2017      214.00      214.20      212.00      213.20           192480.00
04/26/2017      215.40      216.80      213.00      214.00           712770.00
04/25/2017      214.00      216.60      212.20      215.20           698710.00
04/24/2017      215.40      215.40      211.00      212.00          1214590.00
04/21/2017      216.00      216.80      215.40      215.40           955740.00
04/20/2017      215.00      216.60      215.00      215.60          1073740.00
04/19/2017      216.20      216.40      215.00      216.00           694450.00
04/18/2017      219.00      219.00      213.40      216.00           766170.00
04/17/2017      217.00      219.00      214.80      218.40          1125910.00
04/12/2017      213.00      217.00      213.00      217.00           886610.00
04/11/2017      215.00      215.00      213.00      213.00           834620.00
04/10/2017      214.00      215.00      212.00      212.80           418760.00
04/07/2017      210.40      214.40      210.00      213.20           955290.00
04/06/2017      211.00      212.00      209.00      210.40           425290.00
04/05/2017      208.00      211.80      206.20      211.00          1791650.00
04/04/2017      203.00      207.20      202.00      205.60           786190.00
04/03/2017      202.20      203.00      201.20      202.80           107290.00
03/31/2017      201.80      202.20      201.00      202.00          1080060.00
03/30/2017      202.00      202.80      201.20      201.80           540480.00
03/29/2017      202.00      203.00      201.00      202.00          1000820.00
03/28/2017      202.00      202.00      200.80      201.20           261320.00
03/27/2017      201.00      201.20      199.00      201.00           851810.00
03/24/2017      201.80      201.80      199.90      201.00           382270.00
03/23/2017      202.00      202.00      199.80      200.00           486140.00
03/22/2017      201.00      203.00      197.00      203.00           646800.00
03/21/2017      202.80      203.00      200.80      201.00           631730.00
03/20/2017      201.00      203.00      200.80      201.00           614310.00
03/17/2017      204.00      204.00      200.60      201.00          1552430.00
03/16/2017      200.00      204.00      200.00      200.00           683710.00
03/15/2017      200.00      201.20      199.70      200.00           773000.00
03/14/2017      201.00      202.60      200.00      200.00           885130.00
03/13/2017      201.00      201.60      199.70      201.00           836790.00
03/10/2017      203.00      203.00      200.00      200.00           480440.00
03/09/2017      202.00      204.00      201.00      203.20           600500.00
03/08/2017      206.00      206.00      202.40      203.00          1607210.00
03/07/2017      202.20      210.00      202.20      206.80          2865270.00
03/06/2017      198.20      204.80      198.00      202.00           469900.00
03/03/2017      200.20      200.20      197.00      198.00           438730.00
03/02/2017      200.00      201.40      197.10      200.20           839260.00
03/01/2017      199.90      202.80      198.90      200.20           606790.00
02/28/2017      202.80      202.80      199.90      199.90          1049560.00
02/27/2017      201.20      203.20      201.20      203.00           427330.00
02/24/2017      205.00      205.00      200.80      202.60           554280.00
02/23/2017      209.00      209.00      202.00      205.00          1453260.00
02/22/2017      208.60      211.00      207.40      207.40          1275390.00
02/21/2017      210.40      210.40      208.00      208.60          1040150.00
02/20/2017      211.60      211.80      210.40      210.60           256810.00
02/17/2017      210.40      213.00      210.40      211.20           230460.00
02/16/2017      211.40      212.60      211.00      211.80           668640.00
02/15/2017      212.00      212.40      211.40      211.40           474730.00
02/14/2017      212.60      214.00      212.20      212.20           591610.00
02/13/2017      213.00      215.00      212.00      212.60           939290.00
02/10/2017      213.20      213.80      212.80      213.00           384550.00
02/09/2017      213.20      215.00      212.80      213.80           512930.00
02/08/2017      213.40      213.80      212.60      213.20           986670.00
02/07/2017      212.80      216.00      212.80      213.40           679400.00
02/06/2017      210.40      214.00      210.40      212.80           236230.00
02/03/2017      211.00      212.00      209.80      210.60           281610.00
02/02/2017      208.00      213.00      208.00      210.80           862340.00
02/01/2017      214.40      214.40      208.40      209.00           695430.00
01/31/2017      213.80      215.00      212.80      213.20           445770.00
01/30/2017      213.80      215.00      212.00      213.80           202320.00
01/27/2017      213.20      214.00      213.00      213.60           859500.00
01/26/2017      214.00      215.80      213.40      214.00           559530.00
01/25/2017      216.40      217.40      213.40      213.40           398980.00
01/24/2017      214.80      216.60      213.20      213.80           773890.00
01/23/2017      213.00      214.80      211.80      213.80           845400.00
01/20/2017      213.20      214.00      211.60      213.00           456220.00
01/19/2017      215.00      215.00      212.60      213.00           486900.00
01/18/2017      211.00      214.00      210.00      214.00           246150.00
01/17/2017      211.00      211.40      210.40      210.60           475850.00
01/16/2017      214.60      214.60      211.00      211.00           914020.00
01/13/2017      217.00      217.40      213.40      214.20           843360.00
01/12/2017      218.00      219.60      216.00      217.00           855070.00
01/11/2017      218.00      219.40      213.60      217.00           742180.00
01/10/2017      215.20      218.40      213.60      215.00           784360.00
01/09/2017      218.40      218.40      214.40      216.20          1355530.00
01/06/2017      220.00      220.40      215.40      218.40          1953980.00
01/05/2017      200.60      220.20      200.60      220.00          2992290.00
01/04/2017      192.00      202.00      191.90      202.00          1133200.00
01/03/2017      193.00      193.00      188.80      190.70           226260.00
12/29/2016      193.00      196.00      190.00      190.00           737570.00
12/28/2016      196.00      198.80      195.30      196.00           355910.00
12/27/2016      193.00      196.20      193.00      194.50           586640.00
12/23/2016      195.00      200.00      192.00      200.00           667790.00
12/22/2016      196.00      196.00      192.00      195.00           873710.00
12/21/2016      200.00      200.00      194.60      196.00           469470.00
12/20/2016      195.00      197.40      191.00      196.70           571870.00
12/19/2016      199.00      199.50      193.10      194.50           308090.00
12/16/2016      201.00      201.00      198.00      199.00           539200.00
12/15/2016      200.80      202.00      199.20      202.00           331650.00
12/14/2016      202.40      202.40      199.80      200.80           507970.00
12/13/2016      199.90      204.00      197.50      204.00           297350.00
12/12/2016      202.00      202.00      198.50      199.50          1013060.00
12/09/2016      192.80      201.00      191.10      201.00           735930.00
12/08/2016      188.60      193.70      187.00      193.60           444810.00
12/07/2016      185.20      188.70      184.00      188.70           661320.00
12/06/2016      184.10      186.00      183.20      184.90          1050360.00
12/05/2016      184.10      184.10      183.50      183.70           494530.00
12/02/2016      185.20      186.20      182.70      184.10           996770.00
12/01/2016      181.50      186.30      181.50      185.20          1674260.00
11/29/2016      185.00      185.00      180.40      181.50          2668550.00
11/28/2016      189.60      190.20      180.50      180.50          1587030.00
11/25/2016      189.70      192.40      188.10      188.10           870640.00
11/24/2016      190.00      196.00      189.10      189.10          1241000.00
11/23/2016      198.50      198.50      188.10      189.50          1092380.00
11/22/2016      203.20      203.20      198.00      198.40           687900.00
11/21/2016      207.00      207.00      203.80      204.00           337160.00
11/18/2016      206.40      207.20      205.40      207.00           331730.00
11/17/2016      209.00      214.00      205.60      207.00          1924810.00
11/16/2016      207.20      209.00      205.20      207.40           694180.00
11/15/2016      203.20      207.20      203.20      207.00           490110.00
11/14/2016      207.00      207.20      203.00      203.60          1123740.00
11/11/2016      210.20      210.20      207.00      207.40          1227820.00
11/10/2016      215.00      215.00      210.80      212.00           981690.00
11/09/2016      211.00      214.60      206.80      211.80          1292950.00
11/08/2016      208.20      212.40      204.20      210.00           609820.00
11/07/2016      208.80      210.00      205.00      207.40          1058390.00
11/04/2016      204.40      210.00      204.40      208.80           671150.00
11/03/2016      205.20      207.00      202.00      204.40          1773250.00
11/02/2016      216.00      217.20      204.60      205.20          1494840.00
10/28/2016      222.00      222.00      216.00      220.40           860840.00
10/27/2016      219.00      222.00      214.00      222.00           656580.00
10/26/2016      220.00      221.40      214.00      214.00          1429590.00
10/25/2016      226.80      226.80      222.20      222.20           445150.00
10/24/2016      226.00      227.00      220.00      223.40           463730.00
10/21/2016      230.00      236.00      226.00      226.00          1507510.00
10/20/2016      230.20      235.60      227.00      231.20          1505770.00
10/19/2016      223.60      233.00      223.60      232.40          1193840.00
10/18/2016      218.80      224.20      218.80      223.60          1305290.00
10/17/2016      216.00      220.00      216.00      218.80           906950.00
10/14/2016      207.00      218.00      207.00      215.80          1527820.00
10/13/2016      205.20      208.20      205.20      207.00          2177880.00
10/12/2016      218.60      218.60      202.80      202.80          1944050.00
10/11/2016      219.80      224.80      218.80      218.80          2080930.00
10/10/2016      223.00      223.00      219.60      219.60           535680.00
10/07/2016      221.40      223.20      220.20      223.00           544480.00
10/06/2016      226.00      226.00      219.20      223.00          1536730.00
10/05/2016      232.00      232.20      225.00      226.00          1586090.00
10/04/2016      237.00      237.00      230.80      232.20          2193620.00
10/03/2016      241.00      242.20      237.00      237.80           744150.00
09/30/2016      244.00      244.00      240.60      241.60           829610.00
09/29/2016      245.00      247.00      243.20      244.00          1147320.00
09/28/2016      247.00      247.00      243.00      245.00          1476710.00
09/27/2016      247.00      253.00      242.00      245.40          1060400.00
09/26/2016      245.20      250.00      245.20      247.00          1200510.00
09/23/2016      255.00      255.00      250.20      253.00          1017630.00
09/22/2016      250.00      257.00      247.00      255.00          1135150.00
09/21/2016      249.80      251.60      244.60      251.00           467520.00
09/20/2016      249.60      251.00      244.20      250.00          1174190.00
09/19/2016      245.00      249.60      240.20      249.60           895310.00
09/16/2016      248.80      248.80      244.00      248.60          1855040.00
09/15/2016      244.00      248.40      240.00      248.40          2264730.00
09/14/2016      236.00      246.00      236.00      246.00          2223420.00
09/13/2016      239.00      247.00      235.00      246.80          3406390.00
09/09/2016      230.40      248.00      225.20      248.00          8850030.00
09/08/2016      222.20      231.00      222.20      230.40          2610270.00
09/07/2016      225.80      226.00      222.00      225.20          1471530.00
09/06/2016      218.00      227.00      218.00      226.00          1964150.00
09/05/2016      215.00      222.20      214.00      219.40          1426390.00
09/02/2016      218.20      220.00      217.60      217.60          1756680.00
09/01/2016      214.00      219.60      212.40      218.00          2476780.00
08/31/2016      215.60      217.00      210.20      213.40         12727870.00
08/30/2016      218.40      219.80      212.20      214.60          1676030.00
08/26/2016      219.60      220.80      218.40      218.40           812380.00
08/25/2016      219.00      220.20      214.60      219.60          2296000.00
08/24/2016      213.00      222.40      213.00      218.40          2814710.00
08/23/2016      213.60      215.80      212.00      213.20           853460.00
08/22/2016      215.60      215.80      213.60      213.60           681620.00
08/19/2016      211.20      215.80      211.00      215.60          1117780.00
08/18/2016      217.00      217.20      210.80      215.80          1080720.00
08/17/2016      219.00      222.60      217.00      217.00           913410.00
08/16/2016      211.00      223.00      211.00      223.00          1100650.00
08/15/2016      208.80      215.00      202.00      214.40          1743890.00
08/12/2016      215.20      215.20      205.00      208.00          1886960.00
08/11/2016      220.00      220.00      218.40      220.00           480170.00
08/10/2016      222.00      224.60      221.40      222.00          1243360.00
08/09/2016      220.00      224.60      218.80      222.80           731220.00
08/08/2016      224.00      224.80      215.80      220.00          1080630.00
08/05/2016      225.60      227.00      220.40      224.00           663770.00
08/04/2016      224.40      226.20      224.40      225.60           659410.00
08/03/2016      225.00      225.00      222.40      224.40           932680.00
08/02/2016      222.00      224.40      222.00      224.00           710650.00
08/01/2016      219.20      223.00      219.20      222.00          1903490.00
07/29/2016      214.80      219.40      213.40      219.00          1577140.00
07/28/2016      214.00      215.00      212.80      214.60           858910.00
07/27/2016      210.60      213.80      210.00      213.80           853430.00
07/26/2016      211.40      211.40      207.40      210.20           686290.00
07/25/2016      211.20      213.40      210.80      211.40          4295090.00
07/22/2016      210.20      211.80      210.20      211.00           737740.00
07/21/2016      208.60      212.00      207.60      210.20           628610.00
07/20/2016      202.40      212.00      202.40      208.40           850210.00
07/19/2016      199.00      204.20      199.00      202.20          1380780.00
07/18/2016      199.00      199.20      198.00      198.70           624300.00
07/15/2016      199.60      200.00      199.00      199.50           466510.00
07/14/2016      197.40      201.00      195.10      199.10           752330.00
07/13/2016      195.40      199.70      194.40      197.40           645890.00
07/12/2016      196.50      197.70      196.40      197.30           671740.00
07/11/2016      191.50      196.60      191.40      196.40           649410.00
07/08/2016      190.00      191.20      190.00      191.00          1288080.00
07/07/2016      190.80      191.00      188.10      190.00          1648370.00
07/05/2016      192.00      192.50      191.50      191.80          1286380.00
07/04/2016      191.50      192.50      191.00      191.80          1967250.00
07/01/2016      192.20      195.80      190.00      191.00           691920.00
06/30/2016      190.50      191.90      187.10      191.90         13491450.00
06/29/2016      198.00      198.00      182.90      190.00          4856430.00
06/28/2016      200.20      200.20      198.90      198.90           294240.00
06/27/2016      198.00      200.40      196.50      198.90           581440.00
06/24/2016      202.00      203.20      198.00      198.80           477420.00
06/23/2016      202.80      202.80      200.20      201.00           549780.00
06/22/2016      203.20      204.00      201.80      202.80           406090.00
06/21/2016      202.00      203.00      201.60      203.00           469730.00
06/20/2016      201.00      201.00      198.00      199.80           228680.00
06/17/2016      203.00      203.00      199.90      201.00           749760.00
06/16/2016      199.90      203.00      196.00      202.00           647070.00
06/15/2016      198.00      199.00      197.60      199.00           243480.00
06/14/2016      196.40      198.00      196.00      198.00           616600.00
06/13/2016      198.50      200.00      196.10      196.40           489470.00
06/10/2016      198.40      200.20      198.40      198.50           614690.00
06/09/2016      202.00      202.00      197.00      198.40           269710.00
06/08/2016      198.20      203.00      198.20      203.00          1117170.00
06/07/2016      198.80      200.40      197.70      198.20           828840.00
06/06/2016      200.00      201.80      196.80      199.00           762280.00
06/03/2016      203.00      203.00      201.80      202.60           350210.00
06/02/2016      200.20      202.40      199.00      202.40          1529560.00
06/01/2016      200.00      202.80      198.50      200.20          2806630.00
05/31/2016      196.00      203.00      193.50      203.00         37362930.00
05/30/2016      198.90      200.00      194.70      196.00          3602640.00
05/27/2016      198.00      198.40      195.20      196.60          3698170.00
05/26/2016      197.00      197.30      194.80      194.80          1499630.00
05/25/2016      198.00      199.40      192.00      196.30          1580290.00
05/24/2016      198.90      199.90      197.00      197.00          2216550.00
05/23/2016      194.00      200.00      194.00      198.00          2520900.00
05/20/2016      190.00      193.20      189.30      192.60          1852080.00
05/19/2016      193.00      193.50      190.40      191.60          1889330.00
05/18/2016      190.80      195.00      186.00      193.00          3194920.00
05/17/2016      194.00      194.00      190.40      190.90          1782080.00
05/16/2016      190.00      195.00      189.90      194.00          2361520.00
05/13/2016      190.00      195.00      189.90      190.50          4340120.00
05/12/2016      186.90      186.90      179.40      180.00          1211960.00
05/11/2016      179.30      187.00      179.00      187.00          2345230.00
05/10/2016      171.00      178.10      170.60      178.10          1700980.00
05/06/2016      167.00      171.60      167.00      171.50           996120.00
05/05/2016      173.00      173.20      168.50      168.50          1416060.00
05/04/2016      175.90      176.50      171.60      173.00          1334050.00
05/03/2016      168.40      179.00      168.40      176.00           760090.00
05/02/2016      168.00      173.00      166.90      167.90           385880.00
04/29/2016      168.30      170.30      168.00      170.00           969280.00
04/28/2016      166.50      170.00      166.50      168.30          1386090.00
04/27/2016      168.60      169.60      166.00      166.50           528490.00
04/26/2016      170.20      171.00      168.00      168.70           650140.00
04/25/2016      169.00      174.00      168.00      170.00          1133030.00
04/22/2016      171.00      172.40      169.00      169.00          1327060.00
04/21/2016      174.00      177.00      171.40      171.50          1197890.00
04/20/2016      174.00      180.00      173.00      174.00          1619670.00
04/19/2016      174.00      176.60      171.80      173.00          1870300.00
04/18/2016      183.50      183.50      172.00      174.00          2283860.00
04/15/2016      188.90      188.90      183.10      183.50          2344470.00
04/14/2016      191.40      192.00      189.20      189.30          2975330.00
04/13/2016      193.10      201.00      188.00      191.40          1143950.00
04/12/2016      187.00      193.00      187.00      193.00          3588020.00
04/11/2016      179.30      186.50      178.90      186.40          1355830.00
04/08/2016      175.80      179.40      175.80      179.30          1700840.00
04/07/2016      177.00      177.00      175.80      175.80           960860.00
04/06/2016      176.90      177.10      174.80      175.60          1004790.00
04/05/2016      177.00      178.00      175.00      176.90          1131790.00
04/04/2016      172.20      178.60      172.00      177.30          1688040.00
04/01/2016      175.20      178.00      171.00      172.00          1355650.00
03/31/2016      169.70      177.70      169.70      175.00          3093380.00
03/30/2016      162.30      169.60      162.30      169.60          1599840.00
03/29/2016      160.50      162.30      160.10      161.40          1040630.00
03/28/2016      163.60      163.60      159.50      160.50           490380.00
03/23/2016      162.10      163.60      160.00      163.60           735210.00
03/22/2016      163.00      163.40      157.00      162.00           976450.00
03/21/2016      161.00      163.40      160.80      162.30           975060.00
03/18/2016      159.90      161.30      159.90      161.00           663880.00
03/17/2016      157.00      160.70      157.00      159.90          1651680.00
03/16/2016      155.00      158.00      153.50      155.80          1647770.00
03/15/2016      155.10      155.50      154.70      154.90          1021680.00
03/14/2016      155.40      155.70      154.90      155.00          1357050.00
03/11/2016      151.00      155.00      150.90      154.50          1672340.00
03/10/2016      146.80      151.00      146.80      150.10          1444440.00
03/09/2016      143.30      147.60      143.20      146.80          1152290.00
03/08/2016      143.40      143.40      142.30      142.80           191230.00
03/07/2016      143.50      144.00      143.10      143.30           685690.00
03/04/2016      142.80      143.80      142.20      143.20           458940.00
03/03/2016      142.90      142.90      141.70      142.30          1059370.00
03/02/2016      143.80      143.80      141.00      141.50           876510.00
03/01/2016      142.40      143.10      141.00      141.80           632900.00
02/29/2016      144.90      144.90      142.00      142.40           276360.00
02/26/2016      140.90      141.10      140.40      140.70           580320.00
02/24/2016      142.40      144.00      140.70      141.30           259620.00
02/23/2016      141.80      144.00      141.20      142.50           387180.00
02/22/2016      143.00      143.00      141.10      141.50           289280.00
02/19/2016      144.00      144.00      141.00      141.70           128750.00
02/18/2016      143.50      143.50      142.00      142.80           317180.00
02/17/2016      142.10      142.20      141.00      141.00          1446820.00
02/16/2016      143.20      143.20      141.80      141.90           286510.00
02/15/2016      143.50      143.60      140.80      140.80           830150.00
02/12/2016      145.00      145.00      142.70      143.80           544240.00
02/11/2016      144.20      145.50      144.20      145.30           604470.00
02/10/2016      142.00      144.00      140.00      143.80           789410.00
02/09/2016      144.50      144.50      142.70      143.60           157150.00
02/05/2016      143.40      145.30      142.50      144.10          1008190.00
02/04/2016      144.00      144.00      141.50      142.40          1089680.00
02/03/2016      144.00      144.10      140.50      144.00           225690.00
02/02/2016      145.00      145.50      144.80      144.90           186100.00
02/01/2016      141.90      145.20      141.90      144.80          1587990.00
01/29/2016      142.00      142.80      141.70      141.80           779720.00
01/28/2016      139.10      143.00      139.00      141.60           815140.00
01/27/2016      138.90      140.10      138.80      139.10          1628870.00
01/26/2016      139.20      141.00      138.00      138.60           762870.00
01/25/2016      140.00      143.00      139.70      140.50           655140.00
01/22/2016      143.50      145.00      140.00      140.00          1344130.00
01/21/2016      146.20      146.20      141.90      141.90           781730.00
01/20/2016      147.40      149.80      145.70      146.30           666240.00
01/19/2016      146.60      147.40      145.20      147.00          1466850.00
01/18/2016      138.00      147.20      136.80      143.50          3048730.00
01/15/2016      145.00      147.60      139.50      139.50          2661220.00
01/14/2016      150.00      156.00      143.00      144.00          1449560.00
01/13/2016      134.10      135.40      134.10      135.00          1674380.00
01/12/2016      138.00      138.00      133.80      134.00           690440.00
01/11/2016      136.00      136.10      133.00      133.00           631630.00
01/08/2016      137.10      137.20      136.00      136.00           335560.00
01/07/2016      142.10      142.10      137.10      137.10           540090.00
01/06/2016      143.30      143.40      142.00      142.00           532630.00
01/05/2016      142.00      143.20      138.00      143.20           352490.00
01/04/2016      142.00      143.70      142.00      143.00           573640.00
12/29/2015      140.00      142.00      140.00      142.00           821330.00
12/28/2015      138.10      139.00      137.80      139.00           296770.00
12/23/2015      140.00      140.00      138.00      138.00            60440.00
12/22/2015      137.50      138.50      137.50      138.00           294870.00
12/21/2015      137.00      138.60      137.00      137.50           443630.00
12/18/2015      137.50      140.90      136.00      137.00           204010.00
12/17/2015      136.40      139.60      136.40      138.30           308190.00
12/16/2015      136.00      137.00      135.60      136.00           597790.00
12/15/2015      137.10      137.20      136.90      137.00           370720.00
12/14/2015      135.00      138.00      134.80      138.00            71550.00
12/11/2015      138.50      140.00      136.00      136.20           390630.00
12/10/2015      137.00      137.80      135.00      137.20           117560.00
12/09/2015      138.50      138.50      136.80      138.00           410540.00
12/08/2015      137.70      140.00      137.70      138.50           100560.00
12/07/2015      138.70      139.10      138.00      138.10           447180.00
12/04/2015      136.00      138.70      135.50      138.70           504990.00
12/03/2015      139.80      139.80      136.00      137.00           601110.00
12/02/2015      139.40      141.00      138.80      140.00           666820.00
12/01/2015      138.00      139.00      138.00      139.00           643180.00
11/27/2015      138.20      139.50      136.20      137.60           442200.00
11/26/2015      132.80      137.00      132.80      135.00           662640.00
11/25/2015      132.00      134.90      131.90      132.60           951390.00
11/24/2015      135.50      135.50      131.40      131.40           700760.00
11/23/2015      136.00      137.00      135.60      135.60           535610.00
11/20/2015      133.70      136.50      133.00      136.00           310580.00
11/17/2015      132.90      134.70      132.60      133.00           240170.00
11/16/2015      134.10      135.00      130.40      132.60           285660.00
11/13/2015      137.00      137.10      136.00      137.00           123350.00
11/12/2015      137.00      138.90      137.00      138.00           167480.00
11/11/2015      136.00      139.00      135.00      136.10           241720.00
11/10/2015      141.00      141.00      135.00      135.40           231380.00
11/09/2015      141.90      142.30      141.60      142.10           256470.00
11/06/2015      142.90      142.90      141.90      141.90           377790.00
11/05/2015      143.00      143.00      141.80      141.90            69830.00
11/04/2015      142.50      143.00      141.80      141.90            22030.00
11/03/2015      143.80      143.80      141.70      142.00           340670.00
11/02/2015      144.00      144.00      142.00      142.00           336510.00
10/30/2015      142.70      142.70      141.90      142.10           581700.00
10/29/2015      144.00      144.00      142.00      142.70           229100.00
10/28/2015      142.00      143.20      142.00      142.20           278720.00
10/27/2015      143.00      143.00      141.60      141.60           600620.00
10/26/2015      145.70      146.20      142.40      143.00           526840.00
10/23/2015      142.40      146.00      142.00      142.90           491670.00
10/22/2015      143.50      143.50      142.30      142.80           853940.00
10/21/2015      143.50      145.70      143.40      143.90           231380.00
10/20/2015      145.00      145.00      143.20      143.40           135640.00
10/19/2015      147.00      147.00      142.90      143.00           354420.00
10/16/2015      148.00      148.00      140.20      145.60           779840.00
10/15/2015      143.90      146.00      143.90      146.00           245990.00
10/14/2015      143.30      144.80      142.00      142.00           341640.00
10/13/2015      146.80      146.80      143.10      143.30           508760.00
10/12/2015      144.50      148.00      144.50      146.80           483340.00
10/09/2015      143.50      145.00      143.00      144.20           510550.00
10/08/2015      142.00      143.00      141.10      142.20           941980.00
10/07/2015      143.10      143.10      140.20      141.00           590220.00
10/06/2015      140.00      143.00      140.00      140.30           982450.00
10/05/2015      140.30      140.40      138.80      139.00           342700.00
10/02/2015      140.20      141.30      137.40      140.30           571250.00
10/01/2015      138.00      138.50      135.20      138.00           592180.00
09/30/2015      139.90      140.00      135.20      137.20           605780.00
09/29/2015      140.90      140.90      136.00      137.10           286120.00
09/28/2015      139.00      140.20      138.00      139.00           183800.00
09/24/2015      139.00      139.00      135.00      137.60           157910.00
09/23/2015      138.00      143.00      138.00      139.00            60320.00
09/22/2015      139.00      141.40      138.00      141.00           451050.00
09/21/2015      141.00      141.40      139.50      141.00           349640.00
09/18/2015      144.50      146.00      141.00      141.00           796980.00
09/17/2015      142.00      145.00      142.00      144.70            48290.00
09/16/2015      142.60      144.50      142.20      142.60           652330.00
09/15/2015      138.00      145.00      137.90      142.30           992540.00
09/14/2015      136.00      139.00      136.00      138.00           228500.00
09/11/2015      134.00      138.00      134.00      136.20           268590.00
09/10/2015      135.00      135.10      134.50      135.00           901550.00
09/09/2015      134.00      136.00      134.00      135.00          1515460.00
09/08/2015      134.50      134.50      133.00      133.00          1139510.00
09/07/2015      132.00      136.00      132.00      134.70           403700.00
09/04/2015      138.40      138.80      137.50      137.50           825830.00
09/03/2015      138.30      140.50      136.00      139.00           757520.00
09/02/2015      132.00      139.80      130.10      138.00          1074130.00
09/01/2015      132.00      138.80      129.50      136.20          1004460.00
08/28/2015      128.00      134.00      128.00      131.90           943520.00
08/27/2015      128.00      130.80      125.80      127.10           564740.00
08/26/2015      124.00      134.80      124.00      127.00          1634980.00
08/25/2015      120.00      126.00      119.50      124.80           660440.00
08/24/2015      130.00      132.00      120.00      120.00          1701690.00
08/20/2015      135.00      137.00      132.70      137.00           592430.00
08/19/2015      132.00      133.60      130.50      133.10           695500.00
08/18/2015      133.00      133.00      130.00      132.00           553960.00
08/17/2015      137.70      137.70      133.00      133.00           856640.00
08/14/2015      138.40      139.00      137.10      137.70           157460.00
08/13/2015      140.50      140.50      138.00      138.40           390080.00
08/12/2015      141.20      143.00      138.20      140.10           418290.00
08/11/2015      142.50      142.60      141.20      141.60            88340.00
08/10/2015      142.60      143.10      142.50      142.80           640090.00
08/07/2015      147.10      147.10      141.40      142.60           791840.00
08/06/2015      148.10      148.10      147.00      147.30           496310.00
08/05/2015      148.10      148.80      148.00      148.30           536770.00
08/04/2015      148.50      148.50      148.00      148.30          1233150.00
08/03/2015      150.00      150.00      147.60      148.50           140520.00
07/31/2015      147.20      149.60      147.10      148.90            85910.00
07/30/2015      147.70      150.00      147.00      147.10           462820.00
07/29/2015      147.50      150.60      146.70      147.40          2481650.00
07/28/2015      147.50      148.50      146.00      147.50           543140.00
07/27/2015      149.90      150.40      147.30      147.50          1074460.00
07/24/2015      148.60      151.40      148.50      149.70           892750.00
07/23/2015      151.00      151.20      148.50      148.60          1422230.00
07/22/2015      152.70      152.70      151.00      151.10           179900.00
07/21/2015      153.60      153.60      152.00      152.40           320240.00
07/20/2015      152.50      153.00      151.20      152.70           455570.00
07/16/2015      152.70      154.40      152.70      152.70          1938220.00
07/15/2015      152.20      153.70      152.20      152.40          2819250.00
07/14/2015      151.30      152.90      151.30      152.10           841140.00
07/13/2015      150.50      151.50      150.50      151.20           548130.00
07/10/2015      151.30      151.40      150.40      150.80           942970.00
07/09/2015      150.80      152.20      150.00      151.30           861430.00
07/08/2015      154.10      154.70      151.00      151.00          1752710.00
07/07/2015      153.00      156.90      151.00      151.80           990640.00
07/06/2015      160.00      161.00      153.00      153.00          1486040.00
07/03/2015      163.00      164.90      160.10      160.10           983570.00
07/02/2015      165.00      166.00      162.50      163.00           264870.00
07/01/2015      160.00      165.00      159.00      165.00           426730.00
06/30/2015      160.50      166.00      160.50      161.50          1201570.00
06/29/2015      163.00      166.00      162.00      163.00           299310.00
06/26/2015      161.50      165.00      161.50      164.20           131710.00
06/25/2015      166.40      166.40      161.50      161.50           484940.00
06/24/2015      166.20      166.20      164.40      164.50           720630.00
06/23/2015      166.00      167.00      164.30      164.60           521630.00
06/22/2015      165.00      166.00      160.00      164.10           472870.00
06/19/2015      161.20      167.50      161.20      165.00          1050810.00
06/18/2015      162.00      170.00      160.60      161.00           524250.00
06/17/2015      160.00      161.10      160.00      160.70           679560.00
06/16/2015      158.00      160.00      157.60      160.00           420140.00
06/15/2015      157.90      158.00      156.00      157.40           489230.00
06/11/2015      154.50      156.90      153.00      153.00           541370.00
06/10/2015      152.50      154.10      152.50      153.90          1047650.00
06/09/2015      154.90      156.00      152.60      153.70          1075240.00
06/08/2015      156.00      159.10      155.10      158.00           161810.00
06/05/2015      158.80      159.90      154.20      159.10           907510.00
06/04/2015      159.80      160.00      158.60      158.80           534780.00
06/03/2015      155.00      158.60      154.00      155.00           678700.00
06/02/2015      155.00      157.90      154.20      155.00           435310.00
06/01/2015      155.50      157.10      154.00      155.00           808760.00
05/29/2015      153.50      157.70      151.60      156.00          2185830.00
05/28/2015      160.00      160.00      152.80      153.50          1480360.00
05/27/2015      163.00      163.00      154.90      157.00           823540.00
05/26/2015      167.00      167.10      162.00      163.30           578990.00
05/25/2015      170.00      170.00      167.80      168.00           242910.00
05/22/2015      168.50      169.50      168.00      168.00           475920.00
05/21/2015      170.00      170.00      168.00      168.50           481060.00
05/20/2015      168.00      170.10      168.00      168.50          1231290.00
05/19/2015      169.80      170.00      167.10      168.00            93620.00
05/18/2015      166.00      170.00      166.00      169.80           273370.00
05/15/2015      165.50      168.40      165.50      167.00           639430.00
05/14/2015      168.90      169.80      165.30      165.30           481420.00
05/13/2015      168.00      169.10      168.00      168.90           127240.00
05/12/2015      169.20      169.20      167.20      168.40           456220.00
05/11/2015      170.00      171.00      169.40      171.00            23240.00
05/08/2015      168.20      171.50      168.20      169.40           710700.00
05/07/2015      169.60      169.60      166.00      167.40           553520.00
05/06/2015      167.10      167.10      166.10      167.00           282970.00
05/05/2015      166.10      169.50      166.10      167.10           127220.00
05/04/2015      169.90      169.90      166.70      167.00           156180.00
04/30/2015      165.00      168.00      162.10      168.00           609310.00
04/29/2015      166.30      166.30      163.00      166.10           701730.00
04/28/2015      166.40      167.40      165.70      166.20           573080.00
04/27/2015      164.40      166.40      164.00      166.40           313090.00
04/24/2015      165.00      166.00      163.50      164.50           534140.00
04/23/2015      160.50      165.40      160.50      165.00          1184380.00
04/22/2015      159.20      162.50      159.20      160.00           772160.00
04/21/2015      160.50      164.00      159.00      159.20           576460.00
04/20/2015      166.00      166.00      160.00      160.10          1086580.00
04/17/2015      166.50      169.00      164.30      166.40           669700.00
04/16/2015      169.00      172.30      165.00      166.40           710250.00
04/15/2015      176.50      176.50      168.50      168.50           862030.00
04/14/2015      174.50      179.00      174.50      177.00           256370.00
04/13/2015      175.50      178.00      174.00      174.00          1330070.00
04/10/2015      177.00      180.00      173.60      176.90          1596660.00
04/08/2015      176.80      177.00      172.50      177.00           634080.00
04/07/2015      176.90      179.10      175.20      176.00           315080.00
04/06/2015      169.20      178.00      169.20      177.00          1627960.00
04/01/2015      170.40      173.10      169.00      173.00           354270.00
03/31/2015      171.10      172.00      169.10      172.00          2113850.00
03/30/2015      170.00      172.90      170.00      171.10           291970.00
03/27/2015      172.90      173.00      169.90      170.00           528070.00
03/26/2015      174.00      174.00      170.00      171.70           357860.00
03/25/2015      168.00      174.50      167.20      172.40           637080.00
03/24/2015      172.50      172.60      166.10      168.30          1043470.00
03/23/2015      173.10      173.10      171.20      171.80           108380.00
03/20/2015      169.60      174.80      169.60      173.00          2119180.00
03/19/2015      165.90      171.00      165.90      169.00          1027700.00
03/18/2015      164.50      166.00      163.50      165.00           539910.00
03/17/2015      162.40      165.00      162.40      164.90           598410.00
03/16/2015      163.00      165.00      161.20      162.80           263920.00
03/13/2015      166.00      168.30      163.00      163.00          1364140.00
03/12/2015      165.90      167.00      164.00      166.00           739020.00
03/11/2015      170.80      170.80      165.80      165.80           277490.00
03/10/2015      169.10      172.00      169.10      170.80           790370.00
03/09/2015      167.00      172.00      166.00      169.40          2217110.00
03/06/2015      168.00      169.00      166.90      167.50           923190.00
03/05/2015      168.80      168.80      166.20      168.00           655710.00
03/04/2015      163.30      169.70      163.00      169.00          1948610.00
03/03/2015      161.30      163.80      161.30      163.00          1032220.00
03/02/2015      160.00      162.00      159.90      162.00           804830.00
02/27/2015      159.10      161.10      157.00      160.00          1890710.00
02/26/2015      160.50      160.50      159.50      160.00           500690.00
02/25/2015      161.00      161.80      159.50      160.40          2160260.00
02/24/2015      153.00      160.30      153.00      159.00          3138030.00
02/23/2015      154.50      154.90      152.00      153.00           445900.00
02/20/2015      155.10      155.10      154.00      154.20           595680.00
02/18/2015      153.70      155.00      153.70      154.20           235050.00
02/17/2015      153.60      154.00      152.00      153.70           388560.00
02/16/2015      152.90      153.00      151.80      152.10           411860.00
02/13/2015      152.10      155.00      152.10      152.90           690850.00
02/12/2015      152.50      153.00      152.00      152.00          1789680.00
02/11/2015      155.00      155.70      152.00      152.50           714520.00
02/10/2015      158.50      158.50      155.00      155.00           402610.00
02/09/2015      155.00      160.50      154.60      159.30          1082150.00
02/06/2015      154.00      155.10      153.70      154.50           924620.00
02/05/2015      152.80      156.00      152.70      154.00          1645580.00
02/04/2015      152.70      153.60      151.00      152.80          4662300.00
02/03/2015      151.50      152.90      151.10      152.70          5941380.00
02/02/2015      151.90      152.00      150.00      150.00          1434590.00
01/30/2015      153.00      153.00      151.50      152.00          1700960.00
01/29/2015      149.50      154.20      149.30      153.00          2537900.00
01/28/2015      149.00      150.00      149.00      149.40          3154810.00
01/27/2015      147.50      150.40      147.40      149.00          4350810.00
01/26/2015      145.00      148.50      144.60      147.40          1548290.00
01/23/2015      144.50      145.80      144.30      145.00          1374430.00
01/22/2015      145.00      145.00      143.00      144.30          1736200.00
01/21/2015      148.00      149.00      141.00      144.30           930280.00
01/20/2015      148.00      148.00      147.00      148.00           510560.00
01/19/2015      148.50      149.80      148.00      148.00           897610.00
01/14/2015      148.00      149.90      147.00      148.50           878930.00
01/13/2015      148.00      149.00      145.70      148.00           931550.00
01/12/2015      149.50      149.50      148.00      148.80            99650.00
01/09/2015      148.90      150.00      147.50      149.60           428970.00
01/08/2015      149.00      149.00      148.00      149.00           449480.00
01/07/2015      149.50      149.80      148.50      149.00           641620.00
01/06/2015      151.50      151.90      148.00      150.00           924870.00
01/05/2015      148.00      152.00      148.00      152.00           290470.00
