SM  1216

12/27/2019     1068.00     1080.00     1039.00     1043.00           428450.00
12/26/2019     1062.00     1075.00     1055.00     1056.00           534815.00
12/23/2019     1056.00     1080.00     1056.00     1078.00           214485.00
12/20/2019     1034.00     1065.00     1000.00     1065.00           765455.00
12/19/2019     1051.00     1052.00     1027.00     1035.00           470420.00
12/18/2019     1050.00     1069.00     1043.00     1055.00           285955.00
12/17/2019     1073.00     1073.00     1045.00     1050.00          1374090.00
12/16/2019     1071.00     1075.00     1055.00     1055.00           333580.00
12/13/2019     1070.00     1071.00     1057.00     1069.00           724810.00
12/12/2019     1055.00     1078.00     1055.00     1059.00           261830.00
12/11/2019     1052.00     1079.00     1052.00     1068.00           189900.00
12/10/2019     1060.00     1069.00     1051.00     1051.00           159510.00
12/09/2019     1078.00     1078.00     1060.00     1060.00           463640.00
12/06/2019     1080.00     1080.00     1064.00     1078.00           136840.00
12/05/2019     1063.00     1080.00     1063.00     1070.00           797495.00
12/04/2019     1077.00     1077.00     1060.00     1062.00          1592055.00
12/03/2019     1078.00     1084.00     1062.00     1069.00           234010.00
12/02/2019     1060.00     1080.00     1060.00     1080.00           179670.00
11/29/2019     1090.00     1090.00     1056.00     1060.00           282645.00
11/28/2019     1089.00     1095.00     1060.00     1070.00           324795.00
11/27/2019     1090.00     1100.00     1087.00     1089.00           473390.00
11/26/2019     1070.00     1091.00     1069.00     1091.00           962620.00
11/25/2019     1056.00     1077.00     1054.00     1075.00           214695.00
11/22/2019     1052.00     1066.00     1052.00     1066.00           211015.00
11/21/2019     1070.00     1070.00     1050.00     1070.00           232485.00
11/20/2019     1070.00     1070.00     1051.00     1070.00           122665.00
11/19/2019     1069.00     1080.00     1061.00     1069.00           275130.00
11/18/2019     1060.00     1075.00     1060.00     1068.00           856040.00
11/15/2019     1070.00     1070.00     1050.00     1060.00           332730.00
11/14/2019     1059.00     1070.00     1042.00     1070.00           281150.00
11/13/2019     1068.00     1068.00     1051.00     1059.00            67420.00
11/12/2019     1058.00     1068.00     1054.00     1068.00           129930.00
11/11/2019     1060.00     1070.00     1060.00     1068.00           115410.00
11/08/2019     1060.00     1070.00     1051.00     1070.00           658675.00
11/07/2019     1070.00     1070.00     1052.00     1070.00           436675.00
11/06/2019     1091.00     1091.00     1055.00     1057.00           219775.00
11/05/2019     1034.00     1091.00     1034.00     1091.00           729660.00
11/04/2019     1030.00     1035.00     1022.00     1025.00          1135880.00
10/31/2019     1028.00     1030.00     1021.00     1030.00          1379265.00
10/30/2019     1030.00     1030.00     1010.00     1027.00           696095.00
10/29/2019     1016.00     1029.00     1010.00     1027.00          1155345.00
10/28/2019     1029.00     1029.00     1010.00     1024.00          1117960.00
10/25/2019     1036.00     1037.00     1013.00     1027.00          1126825.00
10/24/2019     1014.00     1030.00     1006.00     1030.00           750560.00
10/23/2019     1005.00     1014.00     1002.00     1014.00           600915.00
10/22/2019     1004.00     1014.00      998.50     1014.00          1186165.00
10/21/2019     1001.00     1006.00      990.50     1005.00           112125.00
10/18/2019     1019.00     1019.00     1001.00     1003.00            75390.00
10/17/2019     1004.00     1009.00      997.50     1006.00          1113685.00
10/16/2019      995.00     1004.00      983.00     1004.00           650630.00
10/15/2019     1010.00     1010.00      993.50      995.00           274055.00
10/14/2019     1001.00     1019.00     1001.00     1010.00           107205.00
10/11/2019     1000.00     1050.00      989.00     1010.00           299910.00
10/10/2019      988.00     1000.00      988.00     1000.00           147550.00
10/09/2019     1001.00     1005.00      987.00      987.50           145175.00
10/08/2019      989.00     1009.00      975.50     1007.00           387830.00
10/07/2019      986.00      991.00      975.00      975.00           772270.00
10/04/2019      973.00      990.00      973.00      990.00           203420.00
10/03/2019      983.00      983.00      971.00      973.00           756050.00
10/02/2019      978.00      988.00      977.50      983.00           782330.00
10/01/2019      981.00      992.00      981.00      987.00           350790.00
09/30/2019      998.00      999.00      971.00      971.00           431690.00
09/27/2019     1007.00     1007.00      995.00     1000.00           180785.00
09/26/2019     1014.00     1014.00     1002.00     1007.00           101285.00
09/25/2019     1006.00     1015.00      995.00     1015.00           217620.00
09/24/2019     1005.00     1010.00      993.00     1010.00           588380.00
09/23/2019     1004.00     1011.00      990.00     1010.00           150355.00
09/20/2019     1005.00     1005.00      997.00     1000.00          1064800.00
09/19/2019     1015.00     1019.00     1000.00     1005.00            82115.00
09/18/2019     1000.00     1020.00      987.00     1020.00           625240.00
09/17/2019     1015.00     1018.00      999.50     1000.00           190145.00
09/16/2019     1017.00     1025.00     1011.00     1015.00           238930.00
09/13/2019     1014.00     1030.00     1011.00     1017.00           135390.00
09/12/2019     1020.00     1023.00     1011.00     1014.00           752220.00
09/11/2019     1013.00     1025.00     1011.00     1025.00           323845.00
09/10/2019     1028.00     1028.00     1012.00     1015.00           672070.00
09/09/2019     1048.00     1048.00     1022.00     1030.00            99830.00
09/06/2019     1028.00     1048.00     1026.00     1048.00          1047880.00
09/05/2019     1027.00     1033.00     1012.00     1031.00           526530.00
09/04/2019     1005.00     1032.00      997.00     1032.00           223630.00
09/03/2019     1013.00     1035.00      994.00      994.00           196520.00
09/02/2019     1018.00     1026.00     1014.00     1019.00           142645.00
08/30/2019     1027.00     1037.00     1007.00     1026.00           541565.00
08/29/2019     1008.00     1025.00      990.00     1020.00           248585.00
08/28/2019      992.00     1007.00      985.50     1007.00           302150.00
08/27/2019      990.00     1000.00      985.50      988.00          1102235.00
08/23/2019      989.00     1004.00      987.00     1004.00           313215.00
08/22/2019      998.00     1010.00      988.00     1000.00           543645.00
08/20/2019     1020.00     1020.00      997.00     1010.00           322340.00
08/19/2019     1025.00     1025.00      995.00     1020.00           407180.00
08/16/2019     1018.00     1037.00     1008.00     1027.00          1552140.00
08/15/2019      990.00     1020.00      979.00     1020.00           507205.00
08/14/2019      980.00     1026.00      978.00     1004.00           338500.00
08/13/2019      986.50      988.00      958.00      987.00           274520.00
08/09/2019      990.00      997.00      977.50      986.00           375500.00
08/08/2019      990.00      997.00      972.50      981.00           234490.00
08/07/2019      967.50      990.00      960.00      990.00           293810.00
08/06/2019      953.50      967.00      944.50      960.00           560170.00
08/05/2019     1000.00     1005.00      968.00      968.00           367400.00
08/02/2019     1000.00     1000.00      975.00     1000.00           803510.00
08/01/2019      999.50     1000.00      975.00     1000.00           164710.00
07/31/2019     1012.00     1012.00      981.00      999.50           293605.00
07/30/2019     1020.00     1020.00      993.00     1013.00           863125.00
07/29/2019     1015.00     1020.00      998.50     1020.00           264335.00
07/26/2019      995.00     1011.00      993.00     1010.00           155370.00
07/25/2019      996.50     1015.00      980.00     1015.00           241660.00
07/24/2019      990.00     1007.00      988.00      990.00           174615.00
07/23/2019      983.00     1004.00      976.00     1000.00           164870.00
07/22/2019      975.00      990.00      975.00      983.50           695090.00
07/19/2019      982.00      998.50      982.00      990.00           132940.00
07/18/2019      980.00     1000.00      980.00      985.00            72860.00
07/17/2019      990.50     1010.00      977.00      982.00           224550.00
07/16/2019      996.00     1027.00      990.00      990.00           277195.00
07/15/2019      970.00     1007.00      970.00     1007.00           488500.00
07/12/2019      980.00      981.00      960.00      960.00           173480.00
07/11/2019      981.00      992.50      980.00      980.00           148490.00
07/10/2019      956.00      981.00      956.00      980.00           257120.00
07/09/2019      959.50      960.00      945.00      950.00           763110.00
07/08/2019      980.00      983.50      960.00      960.00            97110.00
07/05/2019      978.00      992.50      978.00      983.00            70090.00
07/04/2019      995.50      997.00      976.50      976.50           113800.00
07/03/2019      996.00      997.50      981.50      994.00           673840.00
07/02/2019      981.00      996.00      970.00      996.00           224940.00
07/01/2019      970.00      981.50      965.00      981.50           112940.00
06/28/2019      957.00      969.00      957.00      969.00           279190.00
06/27/2019      952.00      975.50      951.50      975.00           258740.00
06/26/2019      948.50      970.00      940.00      950.00           181680.00
06/25/2019      964.00      972.00      956.00      960.00           119440.00
06/24/2019      971.00      973.00      953.00      964.00           218230.00
06/21/2019      970.00      970.00      951.00      966.00           550460.00
06/20/2019      970.00      970.00      952.00      969.50           171090.00
06/19/2019      948.00      975.00      942.00      975.00           186380.00
06/18/2019      945.00      957.50      936.50      947.50           156910.00
06/17/2019      940.00      958.50      932.00      945.00           201970.00
06/14/2019      964.00      964.00      940.00      940.00           208510.00
06/13/2019      955.00      965.00      935.00      960.00           229030.00
06/11/2019      970.00      980.50      955.00      955.00           270260.00
06/10/2019      960.00      975.00      953.00      971.00           170980.00
06/07/2019      951.00      963.00      942.00      963.00           102590.00
06/06/2019      952.00      965.00      940.50      965.00           263610.00
06/04/2019      965.00      970.00      947.00      957.00           176810.00
06/03/2019      942.00      974.00      942.00      960.50           372660.00
05/31/2019      935.00      942.00      929.50      942.00           378160.00
05/30/2019      936.00      942.00      929.00      929.00           348170.00
05/29/2019      925.50      940.00      925.00      935.50           698570.00
05/28/2019      915.00      927.50      904.50      925.50           996960.00
05/27/2019      920.00      920.50      890.50      915.00           186520.00
05/24/2019      922.00      922.00      900.00      920.50           174600.00
05/23/2019      919.00      923.00      914.00      922.50           162350.00
05/22/2019      902.00      920.00      900.00      916.50           191180.00
05/21/2019      885.00      910.00      884.00      902.00           187600.00
05/20/2019      888.00      898.00      877.00      884.50           432470.00
05/17/2019      880.00      897.50      880.00      888.00           535930.00
05/16/2019      891.00      899.50      880.50      885.00           469890.00
05/15/2019      905.00      917.00      890.00      890.00           375270.00
05/14/2019      924.00      924.00      900.00      902.00           573170.00
05/10/2019      931.50      955.00      917.00      925.00           282970.00
05/09/2019      950.00      956.00      931.00      940.00           480970.00
05/08/2019      948.00      966.00      928.00      966.00           274680.00
05/07/2019      950.00      955.00      940.00      949.00           201150.00
05/06/2019      960.00      962.00      938.00      940.00           178970.00
05/03/2019      960.50      977.00      960.00      960.00           228280.00
05/02/2019      950.00      976.50      945.00      970.00           265450.00
04/30/2019      940.00      951.00      939.50      950.00           216680.00
04/29/2019      929.00      939.00      920.00      935.00           165280.00
04/26/2019      944.00      950.00      930.50      931.00           175610.00
04/25/2019      951.50      953.00      935.50      950.00           183520.00
04/24/2019      930.50      950.00      930.50      950.00           141690.00
04/23/2019      940.00      940.00      930.00      930.00            97040.00
04/22/2019      932.00      940.50      932.00      940.00            73580.00
04/17/2019      940.00      943.00      925.00      930.00            91000.00
04/16/2019      926.50      943.50      925.00      940.00           138960.00
04/15/2019      945.00      945.00      922.50      922.50           166070.00
04/12/2019      959.00      960.00      943.00      943.00           223640.00
04/11/2019      967.00      967.00      950.00      958.00            95060.00
04/10/2019      965.00      971.00      957.00      967.00           344610.00
04/08/2019      944.00      966.00      944.00      953.00           181630.00
04/05/2019      947.00      948.50      940.00      944.00            70570.00
04/04/2019      945.00      948.50      939.00      945.00           168580.00
04/03/2019      941.00      947.50      935.50      945.00           147080.00
04/02/2019      927.00      949.00      926.00      941.00           204480.00
04/01/2019      936.50      949.50      922.50      925.00           249330.00
03/29/2019      949.00      954.50      934.00      934.00           158440.00
03/28/2019      944.50      950.00      942.50      945.00            95300.00
03/27/2019      946.00      946.00      935.00      945.00           236160.00
03/26/2019      936.00      948.50      936.00      945.00           200900.00
03/25/2019      968.00      968.00      931.00      934.00           268470.00
03/22/2019      963.00      980.00      961.50      970.50           237150.00
03/21/2019      949.00      966.00      949.00      966.00           189320.00
03/20/2019      956.00      956.00      931.50      950.00           118770.00
03/19/2019      949.50      955.00      938.50      951.50           167480.00
03/18/2019      934.00      949.50      930.50      949.50           103500.00
03/15/2019      925.00      934.00      901.50      934.00          1146550.00
03/14/2019      928.50      936.00      925.00      925.00           238530.00
03/13/2019      927.50      940.50      926.00      931.00           185490.00
03/12/2019      930.00      946.00      925.50      946.00           188190.00
03/11/2019      950.00      950.00      920.00      925.00           334190.00
03/08/2019      955.00      968.00      940.00      940.00            99050.00
03/07/2019      967.00      969.00      955.00      969.00            72140.00
03/06/2019      945.00      969.00      945.00      969.00            73540.00
03/05/2019      940.00      954.00      940.00      941.50           244750.00
03/04/2019      940.00      949.50      938.00      940.00           205230.00
03/01/2019      944.00      954.00      934.50      940.00           409960.00
02/28/2019      970.00      970.00      930.00      940.00           646050.00
02/27/2019      970.50      980.00      960.00      966.00           231270.00
02/26/2019      989.00      989.00      972.00      985.00           175300.00
02/22/2019      984.00      984.00      955.00      980.00           264500.00
02/21/2019      980.00      984.00      967.50      972.00           189180.00
02/20/2019      969.00      986.00      968.00      980.00           208590.00
02/19/2019      970.00      984.00      965.00      970.00           177280.00
02/18/2019      971.00      994.50      961.00      970.00           242880.00
02/15/2019      989.00      989.00      969.50      970.00           292000.00
02/14/2019      982.00      995.00      970.00      990.00           191030.00
02/13/2019      999.00      999.50      968.50      983.00           420680.00
02/12/2019     1004.00     1005.00      985.00      986.00           217690.00
02/11/2019     1010.00     1010.00      999.50     1000.00            80380.00
02/08/2019     1000.00     1010.00      985.50     1010.00           261250.00
02/07/2019      985.00     1005.00      984.00     1000.00           150460.00
02/06/2019     1000.00     1025.00      980.00      980.00           270280.00
02/04/2019     1012.00     1014.00      992.00      997.00           225610.00
02/01/2019      990.00     1019.00      990.00     1015.00           309660.00
01/31/2019      979.50      997.00      975.00      990.00           478750.00
01/30/2019      972.00      976.00      954.50      975.00           296090.00
01/29/2019      979.00      979.00      963.00      971.00           345240.00
01/28/2019      987.00     1001.00      970.00      970.00           259620.00
01/25/2019      990.00      995.00      978.00      989.00           419830.00
01/24/2019      974.50      990.00      970.50      990.00           265310.00
01/23/2019      966.50      976.00      954.00      976.00           161350.00
01/22/2019      970.00      982.50      970.00      976.00           188100.00
01/21/2019      980.00      984.00      960.00      970.00           105240.00
01/18/2019      956.00      979.00      956.00      976.00           286650.00
01/17/2019      959.00      970.00      947.00      953.00           270820.00
01/16/2019      980.00      980.00      950.00      960.00           244900.00
01/15/2019      990.00      990.00      971.00      980.00           402910.00
01/14/2019      985.00      992.00      966.50      992.00           309730.00
01/11/2019      990.00      994.50      960.00      985.00           289670.00
01/10/2019      994.00      995.00      976.00      985.00           442820.00
01/09/2019      957.50      995.00      950.50      995.00           776700.00
01/08/2019      944.00      955.50      932.00      938.00           226340.00
01/07/2019      960.00      981.00      940.00      940.00           328330.00
01/04/2019      951.00      965.00      946.00      946.00           591270.00
01/03/2019      915.00      958.00      914.50      958.00           689420.00
01/02/2019      927.50      928.00      910.00      915.50           165080.00
12/28/2018      925.00      926.00      915.00      917.50           316700.00
12/27/2018      912.50      929.00      909.00      929.00           235390.00
12/26/2018      910.00      927.00      907.50      911.00           145510.00
12/21/2018      918.00      921.00      906.00      910.00           558390.00
12/20/2018      930.50      939.00      930.00      930.00           232230.00
12/19/2018      910.00      950.00      907.00      950.00           234180.00
12/18/2018      933.00      933.00      910.50      920.00           279950.00
12/17/2018      942.00      950.00      932.00      940.00           134540.00
12/14/2018      948.00      962.00      947.00      952.50           158940.00
12/13/2018      943.00      968.00      934.00      955.00           129180.00
12/12/2018      921.00      945.00      915.00      945.00           282050.00
12/11/2018      915.00      925.00      906.50      920.50           230410.00
12/10/2018      932.50      938.00      900.00      900.00           394770.00
12/07/2018      946.00      957.50      935.00      940.00           219040.00
12/06/2018      960.00      965.00      942.00      950.00           414230.00
12/05/2018      941.50      976.50      941.50      960.00           341880.00
12/04/2018      948.00      980.00      948.00      980.00           610900.00
12/03/2018      920.00      958.00      920.00      948.00           428860.00
11/29/2018      921.00      933.00      908.50      908.50          1054100.00
11/28/2018      915.00      924.00      910.00      915.00           198090.00
11/27/2018      915.50      928.00      915.00      915.00           425440.00
11/26/2018      911.00      920.00      911.00      915.00           212830.00
11/23/2018      925.00      925.00      911.00      914.00           293200.00
11/22/2018      920.50      940.00      910.00      914.50           235920.00
11/21/2018      928.00      930.00      912.00      920.00           222210.00
11/20/2018      919.00      960.00      912.00      940.00           336800.00
11/19/2018      890.00      928.00      890.00      928.00           331940.00
11/16/2018      890.00      908.00      878.00      890.00           405010.00
11/15/2018      884.00      888.00      878.00      880.00           207660.00
11/14/2018      882.00      898.50      873.50      898.50           226430.00
11/13/2018      889.00      890.00      870.00      878.00           431720.00
11/12/2018      890.00      900.00      870.00      889.50            80910.00
11/09/2018      890.00      914.00      872.50      888.00           136090.00
11/08/2018      880.00      890.00      866.00      884.00           228500.00
11/07/2018      920.00      920.00      867.50      880.00           300860.00
11/06/2018      910.00      925.00      910.00      920.00           173090.00
11/05/2018      912.00      922.00      905.00      910.00           492910.00
10/31/2018      883.50      908.00      883.50      900.00           380410.00
10/30/2018      899.50      899.50      880.00      884.00            67010.00
10/29/2018      893.00      900.00      870.00      900.00           170530.00
10/26/2018      868.00      895.00      867.00      895.00           176080.00
10/25/2018      873.00      879.50      855.00      860.00           241250.00
10/24/2018      880.00      897.00      871.00      883.50            58100.00
10/23/2018      889.00      891.00      878.00      888.00           278850.00
10/22/2018      867.00      883.50      860.00      878.00           145520.00
10/19/2018      865.00      866.00      853.50      865.00           170390.00
10/18/2018      850.50      868.00      842.50      868.00           185470.00
10/17/2018      860.50      865.00      850.00      850.00           398730.00
10/16/2018      850.50      857.50      841.00      850.00           320190.00
10/15/2018      871.50      874.00      850.00      850.00           183750.00
10/12/2018      850.50      871.50      850.00      871.50           195650.00
10/11/2018      869.50      869.50      831.00      850.50           393560.00
10/10/2018      890.00      890.00      866.50      879.00           143160.00
10/09/2018      870.00      880.00      868.00      880.00           120990.00
10/08/2018      870.00      879.50      866.00      866.00           346550.00
10/05/2018      869.50      875.00      866.50      870.00           259030.00
10/04/2018      859.50      878.50      859.50      875.00           734740.00
10/03/2018      875.00      892.50      871.00      875.00           105960.00
10/02/2018      881.00      882.00      870.00      875.00           455700.00
10/01/2018      900.00      903.00      880.00      880.00           292940.00
09/28/2018      898.00      912.00      896.50      904.00           517870.00
09/27/2018      885.00      899.00      866.00      899.00           225810.00
09/26/2018      866.00      873.50      852.50      873.50           510200.00
09/25/2018      890.00      890.00      866.00      866.00           151150.00
09/24/2018      881.00      893.50      881.00      890.00           136180.00
09/21/2018      870.00      892.00      866.00      892.00           786440.00
09/20/2018      900.00      900.00      862.00      862.00           284060.00
09/19/2018      895.00      910.00      888.50      890.00           241000.00
09/18/2018      921.50      922.00      890.00      891.00           444500.00
09/17/2018      935.00      940.00      921.00      922.00           169890.00
09/14/2018      950.00      950.00      925.00      935.00           229590.00
09/13/2018      941.00      950.00      937.00      948.00           208180.00
09/12/2018      950.00      950.00      932.50      942.00           124780.00
09/11/2018      938.00      950.00      925.00      950.00           171790.00
09/10/2018      935.00      954.00      920.00      950.00           228990.00
09/07/2018      940.00      941.50      920.00      938.00           247960.00
09/06/2018      949.00      960.00      928.00      959.00           288290.00
09/05/2018      969.00      969.00      945.00      960.00           233290.00
09/04/2018      970.00      973.50      963.00      971.00           213350.00
09/03/2018      975.50      975.50      966.00      970.00           197900.00
08/31/2018      964.50      967.00      956.00      966.00           241160.00
08/30/2018      970.00      975.00      959.50      965.00           180700.00
08/29/2018      970.00      973.50      956.00      963.50           278000.00
08/28/2018      948.50      983.00      948.50      970.00           454680.00
08/24/2018      940.00      950.00      939.00      948.00           243070.00
08/23/2018      931.00      950.00      930.50      939.00           283700.00
08/22/2018      918.00      936.50      913.00      936.50           211260.00
08/20/2018      927.50      942.50      908.00      918.00           214780.00
08/17/2018      940.00      944.50      921.50      927.50           358580.00
08/16/2018      930.00      930.00      920.00      930.00           137430.00
08/15/2018      928.00      940.00      928.00      928.00           144610.00
08/14/2018      933.00      933.00      918.00      926.00           208570.00
08/13/2018      953.00      953.00      930.00      933.00           312160.00
08/10/2018      957.00      978.00      954.00      956.00           267370.00
08/09/2018      965.00      975.00      952.50      960.00           131030.00
08/08/2018      959.00      969.50      950.00      964.00           255010.00
08/07/2018      979.00      979.00      955.00      958.50           166560.00
08/06/2018      986.00      986.00      966.00      979.00           170130.00
08/03/2018      979.50      986.00      967.50      986.00           222280.00
08/02/2018      985.00      985.00      978.50      979.50           181910.00
08/01/2018      950.00      990.00      950.00      990.00           394990.00
07/31/2018      952.00      958.00      940.00      950.00           306830.00
07/30/2018      952.00      965.00      952.00      965.00           253290.00
07/27/2018      965.00      965.00      945.00      960.00           241570.00
07/26/2018      941.00      969.00      941.00      969.00           580280.00
07/25/2018      901.50      950.00      901.50      933.00           499770.00
07/24/2018      878.00      912.00      878.00      912.00           139310.00
07/23/2018      890.00      894.00      879.50      885.00           210820.00
07/20/2018      891.50      913.50      878.00      890.00           240220.00
07/19/2018      919.00      919.00      899.00      900.00           188860.00
07/18/2018      900.00      925.00      900.00      910.00           272350.00
07/17/2018      908.00      908.00      899.00      900.00           109960.00
07/16/2018      915.00      915.00      900.00      901.00            98190.00
07/13/2018      910.00      924.00      910.00      916.00           332570.00
07/12/2018      914.50      916.50      900.00      909.00           251600.00
07/11/2018      895.00      916.50      894.00      916.50           314740.00
07/10/2018      899.00      899.00      874.50      880.00           206130.00
07/09/2018      879.00      890.00      878.50      890.00            71810.00
07/06/2018      890.00      892.50      870.00      879.00           217670.00
07/05/2018      910.00      912.00      890.00      890.00           275100.00
07/04/2018      915.00      925.00      900.00      925.00           384330.00
07/03/2018      886.50      915.00      886.50      915.00           290650.00
07/02/2018      875.00      907.00      863.00      900.00           225310.00
06/29/2018      850.00      875.00      850.00      875.00           453300.00
06/28/2018      868.00      875.00      850.50      851.50           256510.00
06/27/2018      839.00      881.00      837.00      875.00           294350.00
06/26/2018      845.00      845.00      830.00      837.00           425350.00
06/25/2018      894.00      894.00      845.00      845.00           396160.00
06/22/2018      861.00      882.00      826.00      868.00           479620.00
06/21/2018      875.00      880.00      859.50      866.00           480150.00
06/20/2018      885.00      885.00      872.50      875.00           341880.00
06/19/2018      878.00      887.00      870.00      879.00           997490.00
06/18/2018      884.50      899.00      870.00      899.00           365600.00
06/14/2018      895.00      907.50      888.00      902.50           720040.00
06/13/2018      912.00      923.00      897.50      900.00           489350.00
06/11/2018      919.00      929.50      903.00      928.00           123540.00
06/08/2018      926.50      926.50      907.50      917.50           134590.00
06/07/2018      904.50      931.00      901.50      931.00           211740.00
06/06/2018      895.00      912.00      895.00      905.00            76650.00
06/05/2018      880.50      912.50      868.50      912.50           160430.00
06/04/2018      905.00      905.00      875.00      879.00           178650.00
06/01/2018      868.00      906.50      860.00      906.50           189870.00
05/31/2018      856.00      870.00      856.00      868.00           853120.00
05/30/2018      860.00      863.00      850.00      860.00           433140.00
05/29/2018      885.00      885.00      858.50      859.50           198240.00
05/28/2018      879.00      882.00      857.00      882.00           189800.00
05/25/2018      860.00      867.00      854.00      867.00           253810.00
05/24/2018      852.00      872.50      852.00      863.00           225550.00
05/23/2018      884.00      885.00      850.00      850.00           568220.00
05/22/2018      890.00      890.00      881.00      881.00           204180.00
05/21/2018      882.50      900.00      882.50      884.00           235190.00
05/18/2018      914.00      914.00      881.50      881.50           311130.00
05/17/2018      928.00      928.00      905.00      905.00           528070.00
05/16/2018      935.00      935.00      915.00      923.00           323880.00
05/15/2018      917.00      937.00      911.00      937.00           500480.00
05/11/2018      909.00      928.00      908.00      918.00           211280.00
05/10/2018      911.00      920.00      903.00      905.50           217060.00
05/09/2018      919.50      920.00      903.00      920.00           106650.00
05/08/2018      904.00      920.00      902.00      905.00           215110.00
05/07/2018      908.00      912.50      901.50      905.00           231050.00
05/04/2018      902.00      920.00      890.00      915.50           389950.00
05/03/2018      950.00      950.00      900.00      900.00           333980.00
05/02/2018      940.00      960.00      931.50      947.50           382240.00
04/30/2018      910.00      940.00      907.00      940.00           384260.00
04/27/2018      899.00      910.00      888.50      910.00           304980.00
04/26/2018      885.00      891.50      880.50      886.50           263660.00
04/25/2018      894.00      897.50      880.50      882.50           208440.00
04/24/2018      900.00      900.50      893.00      895.00           186640.00
04/23/2018      903.00      915.50      895.00      906.00           151070.00
04/20/2018      910.00      920.00      901.00      901.00           183260.00
04/19/2018      910.00      920.00      886.00      900.00           650110.00
04/18/2018      934.00      940.00      911.50      920.00           203650.00
04/17/2018      930.00      948.00      915.50      918.00           222770.00
04/16/2018      949.00      949.00      928.00      934.00           150650.00
04/13/2018      991.00      991.00      940.00      940.00           476570.00
04/12/2018      985.00      995.00      980.00      988.00           206990.00
04/11/2018      984.00      998.00      984.00      985.00           294950.00
04/10/2018      971.00      988.50      970.00      983.00           315940.00
04/06/2018      974.00      976.00      969.50      976.00           296260.00
04/05/2018      976.00      976.00      962.00      974.00           171960.00
04/04/2018      975.00      975.00      946.00      960.00           480880.00
04/03/2018      937.00      975.00      936.50      975.00           367970.00
04/02/2018      921.00      945.00      921.00      945.00           179470.00
03/28/2018      935.00      939.00      917.00      917.00           296450.00
03/27/2018      940.00      959.00      930.00      948.00           234760.00
03/26/2018      949.00      950.50      910.50      940.00           267950.00
03/23/2018      940.00      951.00      936.00      949.00           336060.00
03/22/2018      930.00      980.00      923.00      980.00           596080.00
03/21/2018      945.00      945.00      920.00      930.50           385520.00
03/20/2018      938.00      950.00      917.50      949.00           355610.00
03/19/2018      940.50      941.00      933.00      940.50           264190.00
03/16/2018      915.50      940.00      906.00      937.00          1017490.00
03/15/2018      947.00      947.00      912.50      912.50           365140.00
03/14/2018      970.00      970.00      941.00      949.50           327950.00
03/13/2018      963.50      967.00      955.50      963.00           273750.00
03/12/2018      969.00      978.00      957.00      964.00           215890.00
03/09/2018      954.00      958.00      945.00      958.00           106480.00
03/08/2018      946.50      958.00      941.00      958.00           124880.00
03/07/2018      951.00      958.00      940.00      958.00           356520.00
03/06/2018      952.00      955.50      940.00      949.00           476300.00
03/05/2018      965.00      965.00      945.00      952.00           278410.00
03/02/2018      950.00      970.00      941.50      970.00           213210.00
03/01/2018      942.50      968.50      940.50      966.00           279190.00
02/28/2018      959.00      980.00      940.00      940.00           566470.00
02/27/2018      980.00      980.00      960.50      970.00           292610.00
02/26/2018      956.00      960.00      936.00      955.00           350680.00
02/23/2018      961.50      967.50      953.00      960.00           297580.00
02/22/2018      985.00      987.50      935.00      950.00           454280.00
02/21/2018      995.00     1000.00      985.00      985.00           411200.00
02/20/2018      995.00     1000.00      985.00      999.00           244370.00
02/19/2018      988.00     1006.00      980.00      985.00           300880.00
02/15/2018      995.00      996.00      970.00      989.00           294830.00
02/14/2018      985.00      993.00      971.00      993.00           326890.00
02/13/2018      980.00      992.00      975.50      990.00           400220.00
02/12/2018      986.00      987.00      969.00      980.00           248780.00
02/09/2018      973.00      985.00      941.00      985.00           581360.00
02/08/2018      990.00      994.00      977.00      980.00           381670.00
02/07/2018     1015.00     1020.00      973.00      990.00           777310.00
02/06/2018      980.00     1012.00      960.00     1000.00           719865.00
02/05/2018     1000.00     1005.00      983.00     1005.00           499545.00
02/02/2018     1024.00     1030.00     1010.00     1030.00           728100.00
02/01/2018     1018.00     1046.00     1018.00     1024.00           438220.00
01/31/2018     1060.00     1061.00     1010.00     1025.00          1231500.00
01/30/2018     1120.00     1120.00     1073.00     1090.00           475985.00
01/29/2018     1140.00     1142.00     1111.00     1123.00           270115.00
01/26/2018     1100.00     1140.00     1076.00     1140.00           343345.00
01/25/2018     1071.00     1100.00     1061.00     1100.00           254320.00
01/24/2018     1092.00     1092.00     1076.00     1088.00           341800.00
01/23/2018     1070.00     1095.00     1057.00     1095.00           323630.00
01/22/2018     1059.00     1075.00     1053.00     1070.00           431300.00
01/19/2018     1042.00     1060.00     1038.00     1060.00           212160.00
01/18/2018     1048.00     1050.00     1036.00     1042.00           255995.00
01/17/2018     1049.00     1054.00     1036.00     1048.00           323045.00
01/16/2018     1049.00     1065.00     1030.00     1049.00           244280.00
01/15/2018     1032.00     1054.00     1025.00     1040.00           222375.00
01/12/2018     1040.00     1044.00     1026.00     1029.00           235085.00
01/11/2018     1040.00     1040.00     1012.00     1024.00           761265.00
01/10/2018     1046.00     1059.00     1041.00     1046.00           277465.00
01/09/2018     1025.00     1067.00     1025.00     1046.00           372515.00
01/08/2018     1043.00     1050.00     1020.00     1025.00           444825.00
01/05/2018     1050.00     1080.00     1020.00     1020.00           711310.00
01/04/2018     1040.00     1072.00     1032.00     1050.00          1138305.00
01/03/2018      990.00     1048.00      990.00     1040.00           436580.00
12/29/2017      995.00     1009.00      987.50      990.00           524830.00
12/28/2017      989.50     1000.00      980.00      980.00           276060.00
12/27/2017      984.50      989.50      973.00      989.50           189400.00
12/22/2017      971.00      984.50      970.00      984.50           159630.00
12/21/2017      973.50      973.50      970.50      971.50           375450.00
12/20/2017      975.00      975.00      970.50      973.50           166440.00
12/19/2017      976.00      978.00      969.00      975.00           230420.00
12/18/2017      974.50      978.50      973.00      974.50           350950.00
12/15/2017      986.00      986.50      963.00      974.50           851120.00
12/14/2017      980.00      997.00      977.50      997.00           325770.00
12/13/2017      989.50      989.50      970.00      975.00           419030.00
12/12/2017      997.00      997.00      985.00      990.00           338060.00
12/11/2017      982.00      999.00      982.00      997.00           374410.00
12/08/2017      977.50      984.00      962.50      980.50           280710.00
12/07/2017      958.50      978.00      958.50      978.00           220030.00
12/06/2017      968.00      972.00      954.50      958.50           261250.00
12/05/2017      958.00      963.50      952.00      960.00          1159680.00
12/04/2017      956.50      961.50      951.00      959.00           271150.00
12/01/2017      970.00      979.00      957.00      963.00           490600.00
11/29/2017      959.00      975.00      959.00      970.00           643650.00
11/28/2017      970.00      970.00      959.00      970.00           120880.00
11/27/2017      982.00      982.00      955.00      970.00           261210.00
11/24/2017      971.00      983.50      960.00      983.50           342250.00
11/23/2017      966.00      975.00      959.00      972.50           159260.00
11/22/2017      978.50      990.00      958.00      958.00           194560.00
11/21/2017      980.00      980.00      966.00      973.00           462550.00
11/20/2017      977.00      995.00      965.50      980.00           371980.00
11/17/2017      958.00      976.50      950.00      965.50           146820.00
11/16/2017      939.00      966.50      939.00      941.50           518680.00
11/15/2017      960.00      964.00      944.00      964.00           257840.00
11/14/2017      954.00      975.00      940.50      975.00           315470.00
11/13/2017      981.00      990.00      953.00      953.00           182520.00
11/10/2017      989.00      997.00      970.00      980.00           246960.00
11/09/2017      972.50      990.00      972.00      980.00           337290.00
11/08/2017      975.00      983.00      967.00      972.50           162350.00
11/07/2017      994.00      994.00      970.00      975.00           298510.00
11/06/2017      967.50      998.00      967.50      998.00           169500.00
11/03/2017      990.00     1005.00      967.00      967.00          1197750.00
11/02/2017      955.00      990.00      953.00      980.00           366620.00
10/30/2017      950.00      959.00      940.00      955.00           216990.00
10/27/2017      947.00      947.00      931.00      935.00           353320.00
10/26/2017      960.00      960.00      944.00      947.00           196930.00
10/25/2017      940.00      960.00      940.00      960.00           247690.00
10/24/2017      952.00      968.00      940.00      940.00           600180.00
10/23/2017      985.00      990.00      948.00      950.00           135690.00
10/20/2017      957.00      990.00      957.00      979.50           180010.00
10/19/2017      980.00      980.00      953.50      970.00           226240.00
10/18/2017      990.00      990.00      947.00      964.00           275940.00
10/17/2017      960.00      991.00      956.00      980.00           384860.00
10/13/2017      947.00      957.00      939.00      952.00           308220.00
10/12/2017      930.00      950.00      928.00      942.00           351350.00
10/11/2017      947.50      950.00      925.00      928.00           359600.00
10/10/2017      918.50      950.00      915.50      940.00           842710.00
10/09/2017      920.00      920.00      909.00      918.50           217150.00
10/06/2017      904.00      925.00      899.50      911.00           436040.00
10/05/2017      909.00      909.00      898.00      899.50           539730.00
10/04/2017      902.00      912.50      902.00      907.00           397900.00
10/03/2017      897.00      908.00      897.00      902.00           374040.00
10/02/2017      885.00      903.50      885.00      897.00           415290.00
09/29/2017      870.50      917.00      870.00      883.00          1273200.00
09/28/2017      878.00      880.00      865.00      873.50           524560.00
09/27/2017      864.50      875.00      859.00      875.00           695970.00
09/26/2017      877.00      877.00      858.00      875.00           406910.00
09/25/2017      864.50      878.00      860.00      878.00           179000.00
09/22/2017      862.00      869.00      861.50      864.00           133370.00
09/21/2017      860.00      870.00      858.00      862.00           293620.00
09/20/2017      855.00      860.00      851.50      855.00           147980.00
09/19/2017      865.00      866.00      839.00      848.00           613060.00
09/18/2017      833.00      870.00      828.50      868.50          1062760.00
09/15/2017      821.00      835.00      817.00      835.00           823510.00
09/14/2017      813.00      829.50      813.00      825.00           429250.00
09/13/2017      830.00      830.00      812.00      812.00           612730.00
09/11/2017      818.00      829.50      811.50      829.00           149280.00
09/08/2017      822.00      822.00      814.50      818.00           187440.00
09/07/2017      812.00      827.00      812.00      818.00           560270.00
09/06/2017      820.00      828.00      814.00      815.50           253480.00
09/05/2017      825.00      831.00      815.00      831.00           175060.00
09/04/2017      819.00      827.50      812.50      824.00           317580.00
08/31/2017      827.50      827.50      810.50      810.50           464080.00
08/30/2017      824.00      830.00      811.00      820.00           231520.00
08/29/2017      820.00      831.50      815.00      816.00           346110.00
08/25/2017      815.00      828.00      815.00      821.00            97390.00
08/24/2017      825.00      825.00      815.50      816.50           131720.00
08/23/2017      823.00      823.00      813.50      817.00           246990.00
08/22/2017      828.00      828.00      812.50      823.00           333500.00
08/18/2017      834.00      834.00      825.00      828.00           153450.00
08/17/2017      831.00      838.00      824.00      830.00           243320.00
08/16/2017      825.00      844.00      825.00      831.00           313330.00
08/15/2017      835.00      835.00      823.50      828.00           198990.00
08/14/2017      829.50      831.00      821.00      829.50           240810.00
08/11/2017      819.00      829.50      812.00      829.50           328980.00
08/10/2017      830.00      831.00      825.00      829.00           130950.00
08/09/2017      827.00      830.00      814.50      830.00           287440.00
08/08/2017      815.00      825.50      813.50      820.00           328710.00
08/07/2017      797.00      818.00      797.00      813.50           214040.00
08/04/2017      800.00      802.00      799.50      800.00           150900.00
08/03/2017      800.00      807.00      794.00      801.00           185710.00
08/02/2017      808.00      829.00      797.00      797.00           605150.00
08/01/2017      807.00      808.00      799.50      807.50           270170.00
07/31/2017      805.00      807.00      785.00      807.00           310380.00
07/28/2017      800.00      807.50      793.00      805.00           342340.00
07/27/2017      793.00      803.50      793.00      800.00           482720.00
07/26/2017      794.00      795.00      785.00      788.00           497030.00
07/25/2017      790.00      790.00      782.00      788.00           187760.00
07/24/2017      799.50      799.50      785.50      788.00           244010.00
07/21/2017      790.00      800.00      782.50      800.00           257260.00
07/20/2017      796.00      797.50      790.00      791.00           396070.00
07/19/2017      795.50      802.00      790.00      797.50           388260.00
07/18/2017      794.50      800.00      790.50      795.50           220090.00
07/17/2017      792.00      800.00      790.00      795.50           246380.00
07/14/2017      791.50      793.50      786.00      789.50           373240.00
07/13/2017      791.50      807.50      791.00      791.50           486270.00
07/12/2017      790.00      792.00      788.00      791.00           501340.00
07/11/2017      791.00      791.00      789.00      790.00           345360.00
07/10/2017      790.50      790.50      789.00      790.00           517090.00
07/07/2017      793.00      793.00      786.00      791.00           156200.00
07/06/2017      793.00      794.00      792.50      793.00           226960.00
07/05/2017      791.00      793.50      789.00      791.50           348440.00
07/04/2017      793.00      795.00      790.50      792.00           168020.00
07/03/2017      799.00      799.00      790.50      795.00           270160.00
06/30/2017      785.00      804.00      776.00      803.00          1559090.00
06/29/2017      794.00      794.00      784.50      790.00           420820.00
06/28/2017      796.00      796.00      783.00      787.00           230220.00
06/27/2017      797.00      798.00      783.00      789.00           232760.00
06/23/2017      785.00      785.00      777.00      783.00           377600.00
06/22/2017      791.00      791.50      780.50      785.00           652170.00
06/21/2017      793.50      793.50      787.50      791.00           340490.00
06/20/2017      793.00      800.00      791.50      792.50           342380.00
06/19/2017      794.00      796.00      788.00      792.50           341810.00
06/16/2017      791.00      800.00      775.00      775.00           800000.00
06/15/2017      800.00      805.00      798.00      799.50           386880.00
06/14/2017      798.00      798.00      788.00      792.50           299910.00
06/13/2017      800.00      800.00      788.00      790.00           447030.00
06/09/2017      798.00      804.00      790.50      798.00           246650.00
06/08/2017      808.00      808.00      786.00      794.00           678500.00
06/07/2017      783.00      809.50      783.00      809.50           466830.00
06/06/2017      795.00      795.00      780.00      780.50           374280.00
06/05/2017      782.50      799.00      779.50      790.00           502850.00
06/02/2017      786.00      798.00      767.50      767.50           296180.00
06/01/2017      770.00      784.00      770.00      783.50           507190.00
05/31/2017      773.50      774.00      767.00      770.00           902900.00
05/30/2017      780.00      780.00      772.50      773.50           275720.00
05/29/2017      777.00      787.00      776.00      777.00           297220.00
05/26/2017      780.00      780.00      776.00      777.00           468890.00
05/25/2017      782.00      786.50      779.50      780.00           133900.00
05/24/2017      787.00      787.50      776.00      780.50           237670.00
05/23/2017      779.00      790.00      779.00      788.00           160770.00
05/22/2017      775.00      779.50      775.00      779.00           232780.00
05/19/2017      779.00      783.00      772.00      775.00           483100.00
05/18/2017      773.50      779.00      765.00      779.00           438720.00
05/17/2017      775.00      784.00      774.00      778.00           343920.00
05/16/2017      772.50      779.50      770.00      772.00           651840.00
05/15/2017      770.00      788.00      770.00      773.00           285370.00
05/12/2017      773.00      775.00      763.00      770.00           640860.00
05/11/2017      762.00      774.00      762.00      773.00           360520.00
05/10/2017      780.00      784.50      755.00      760.00           507050.00
05/09/2017      790.00      800.00      775.00      784.00           767660.00
05/08/2017      775.00      786.00      765.00      777.00           828360.00
05/05/2017      753.50      778.00      751.00      774.00          1280590.00
05/04/2017      745.50      759.50      744.50      755.00           404490.00
05/03/2017      744.00      751.00      744.00      745.00           210970.00
05/02/2017      736.00      745.50      735.00      740.00           433460.00
04/27/2017      731.00      732.00      725.00      728.00           200180.00
04/26/2017      727.00      736.00      724.00      731.00           350940.00
04/25/2017      710.00      735.00      709.50      727.00           555470.00
04/24/2017      706.00      720.00      706.00      709.50           436800.00
04/21/2017      729.00      729.00      710.00      711.00           252390.00
04/20/2017      708.00      721.50      708.00      718.50           545360.00
04/19/2017      717.00      719.50      708.00      711.00           383170.00
04/18/2017      723.00      723.00      714.00      718.50            81070.00
04/17/2017      715.00      728.50      715.00      721.00           207150.00
04/12/2017      720.00      734.00      714.00      719.00           406220.00
04/11/2017      730.50      738.00      705.00      723.00           317780.00
04/10/2017      738.00      745.00      720.00      727.00           387030.00
04/07/2017      738.50      747.00      734.50      738.00           697220.00
04/06/2017      730.00      755.00      730.00      738.00           818770.00
04/05/2017      705.00      730.00      705.00      730.00           735990.00
04/04/2017      698.50      707.00      694.00      701.00           543680.00
04/03/2017      697.00      698.50      697.00      698.50           395850.00
03/31/2017      696.50      698.00      694.50      697.00          1045880.00
03/30/2017      693.00      697.00      693.00      696.00           749370.00
03/29/2017      670.00      694.00      670.00      694.00           897710.00
03/28/2017      665.00      682.50      665.00      680.50           424470.00
03/27/2017      657.00      665.00      653.00      659.00           143120.00
03/24/2017      655.00      666.50      655.00      666.00           769240.00
03/23/2017      658.00      663.00      653.00      658.00           221980.00
03/22/2017      654.00      654.00      645.00      647.00           385950.00
03/21/2017      658.00      660.50      654.00      656.00           399180.00
03/20/2017      660.00      670.00      656.00      659.00           875990.00
03/17/2017      649.00      677.00      642.00      662.00           835800.00
03/16/2017      655.00      655.00      645.00      649.50           404400.00
03/15/2017      657.00      657.00      641.50      649.50           444180.00
03/14/2017      650.00      661.50      648.50      652.50           318490.00
03/13/2017      648.00      652.50      638.50      645.50           784480.00
03/10/2017      659.00      659.50      599.00      599.00          1400790.00
03/09/2017      655.00      665.50      655.00      660.00           393240.00
03/08/2017      671.00      671.00      655.00      655.00           237760.00
03/07/2017      670.00      670.00      658.50      660.00           450740.00
03/06/2017      656.00      670.00      653.00      670.00           376810.00
03/03/2017      663.50      663.50      655.00      656.50           237150.00
03/02/2017      659.00      669.50      659.00      663.50           282840.00
03/01/2017      662.00      662.00      657.00      660.00           234780.00
02/28/2017      666.00      670.00      661.00      663.00           461760.00
02/27/2017      668.00      671.00      666.00      666.00           457710.00
02/24/2017      680.00      680.50      668.00      668.00           404280.00
02/23/2017      680.50      684.50      676.50      680.00           186100.00
02/22/2017      680.00      680.50      671.50      680.00           222600.00
02/21/2017      680.00      683.00      677.00      680.00           340760.00
02/20/2017      680.00      682.50      673.00      680.00            84650.00
02/17/2017      675.00      677.50      667.50      671.50           405650.00
02/16/2017      656.00      679.00      656.00      675.00           557850.00
02/15/2017      662.00      662.00      656.00      656.00           517300.00
02/14/2017      678.50      680.00      662.00      662.00           524570.00
02/13/2017      671.50      681.00      671.50      679.00           251910.00
02/10/2017      684.50      685.00      670.50      671.00           397840.00
02/09/2017      691.00      691.00      680.50      684.00           280820.00
02/08/2017      693.00      693.00      686.00      691.00           184530.00
02/07/2017      697.50      697.50      675.00      682.00           338170.00
02/06/2017      695.00      700.50      690.00      697.50           216590.00
02/03/2017      691.50      695.00      683.00      692.00           312610.00
02/02/2017      700.00      701.00      686.00      695.00           401470.00
02/01/2017      698.00      700.00      696.00      700.00           179310.00
01/31/2017      705.00      705.00      686.00      690.00           266070.00
01/30/2017      705.00      706.00      700.00      700.00           218100.00
01/27/2017      710.00      710.00      703.00      705.00           172860.00
01/26/2017      701.50      713.00      701.50      710.00           285680.00
01/25/2017      710.00      713.00      701.50      710.50           343730.00
01/24/2017      705.50      712.50      701.50      710.00          1160630.00
01/23/2017      670.00      706.00      670.00      706.00           283620.00
01/20/2017      684.00      684.00      670.00      670.00           222410.00
01/19/2017      680.00      682.50      678.50      680.00           380050.00
01/18/2017      680.00      680.00      675.00      678.00           216070.00
01/17/2017      686.50      686.50      675.50      683.00           113360.00
01/16/2017      681.00      688.00      679.50      686.50            91330.00
01/13/2017      677.00      685.50      677.00      681.00           181990.00
01/12/2017      685.50      689.00      677.00      677.00           300280.00
01/11/2017      685.00      708.00      680.00      680.00           478560.00
01/10/2017      688.00      694.50      682.00      690.00           452490.00
01/09/2017      690.00      690.00      670.00      690.00           402560.00
01/06/2017      680.00      690.00      678.00      690.00           482840.00
01/05/2017      657.00      690.00      650.00      689.00           781120.00
01/04/2017      650.00      663.00      641.00      650.00           333050.00
01/03/2017      654.00      658.00      635.00      650.00           147450.00
12/29/2016      656.00      656.00      636.50      655.00           450410.00
12/28/2016      628.00      657.00      627.00      657.00           151970.00
12/27/2016      615.00      627.00      605.00      627.00            93530.00
12/23/2016      603.00      615.50      602.00      615.00           335910.00
12/22/2016      616.00      616.00      604.50      608.00           493770.00
12/21/2016      624.00      629.00      614.00      618.00           605400.00
12/20/2016      635.00      637.00      618.00      624.00           550270.00
12/19/2016      635.50      650.00      630.00      637.00           203530.00
12/16/2016      633.00      651.00      633.00      651.00           275160.00
12/15/2016      644.00      660.50      638.00      651.00           359970.00
12/14/2016      638.00      651.00      638.00      650.00           924840.00
12/13/2016      648.00      649.00      633.50      638.00           354430.00
12/12/2016      650.00      650.00      624.50      645.00           218790.00
12/09/2016      658.00      659.50      645.00      650.00           630580.00
12/08/2016      650.00      653.00      648.00      650.00           442930.00
12/07/2016      634.00      649.50      630.00      645.00           176190.00
12/06/2016      626.00      634.00      626.00      634.00           212710.00
12/05/2016      649.50      654.00      625.00      625.00           198900.00
12/02/2016      632.50      650.00      632.50      650.00           300240.00
12/01/2016      640.00      640.00      626.00      630.00          1216100.00
11/29/2016      623.00      631.50      621.00      624.00           965010.00
11/28/2016      640.00      640.00      623.00      625.00           633300.00
11/25/2016      645.00      645.00      636.00      640.00           676850.00
11/24/2016      634.00      644.00      628.00      642.00           790080.00
11/23/2016      628.00      634.50      610.00      634.50           788670.00
11/22/2016      662.00      662.00      622.50      622.50           718530.00
11/21/2016      662.00      665.00      658.00      662.00           285940.00
11/18/2016      665.50      671.00      662.00      665.00           262290.00
11/17/2016      670.00      683.00      665.00      665.50           539120.00
11/16/2016      660.00      678.50      660.00      665.00           343490.00
11/15/2016      657.50      665.00      657.00      660.00           316260.00
11/14/2016      653.00      656.00      649.00      653.50           520620.00
11/11/2016      670.00      670.00      651.00      655.00           500580.00
11/10/2016      680.00      680.00      666.00      669.50           401770.00
11/09/2016      671.00      675.00      650.00      656.00           553770.00
11/08/2016      682.00      682.50      667.00      671.00           269260.00
11/07/2016      663.50      682.00      662.50      671.00           376810.00
11/04/2016      661.00      669.50      661.00      668.00           284500.00
11/03/2016      671.00      679.50      661.00      664.00           689720.00
11/02/2016      681.00      681.00      669.00      671.00           323150.00
10/28/2016      680.00      680.00      671.00      672.00           308040.00
10/27/2016      682.50      682.50      677.00      680.00           521080.00
10/26/2016      680.00      692.00      675.00      682.00           275740.00
10/25/2016      685.00      695.00      685.00      688.00           217070.00
10/24/2016      683.00      689.00      680.00      684.50           396960.00
10/21/2016      697.50      699.50      695.00      697.00           380080.00
10/20/2016      700.00      700.00      696.00      696.50           197990.00
10/19/2016      693.00      703.00      693.00      700.00           862820.00
10/18/2016      666.50      692.00      666.50      692.00           610870.00
10/17/2016      662.50      670.00      662.00      665.00           167450.00
10/14/2016      658.00      663.50      657.00      662.50           244700.00
10/13/2016      661.50      669.00      656.00      656.00           487440.00
10/12/2016      671.00      671.00      661.00      665.00           488290.00
10/11/2016      673.00      673.00      668.00      671.50           420390.00
10/10/2016      676.00      676.00      663.00      669.00           235620.00
10/07/2016      677.00      677.00      669.50      675.00           238110.00
10/06/2016      676.00      680.00      666.00      671.50           349210.00
10/05/2016      688.00      688.00      670.00      677.00           209550.00
10/04/2016      675.50      685.00      675.50      685.00           375260.00
10/03/2016      674.00      677.00      670.50      675.00           186130.00
09/30/2016      672.50      677.00      669.50      673.50           381040.00
09/29/2016      670.00      672.00      664.00      670.00           296450.00
09/28/2016      657.00      674.00      655.00      663.00           211100.00
09/27/2016      661.00      661.50      657.00      658.50           276470.00
09/26/2016      672.00      672.00      660.00      661.00           371160.00
09/23/2016      676.00      676.50      666.50      669.00           407020.00
09/22/2016      662.50      672.00      662.50      668.50           392600.00
09/21/2016      670.00      670.00      656.50      656.50           411630.00
09/20/2016      655.00      668.00      655.00      668.00           308150.00
09/19/2016      660.00      660.00      654.50      655.00           370650.00
09/16/2016      685.00      685.00      660.00      660.00           900720.00
09/15/2016      664.00      685.50      664.00      685.50           383700.00
09/14/2016      664.50      667.00      661.50      664.00           371500.00
09/13/2016      668.00      675.00      662.00      667.50           443100.00
09/09/2016      672.00      672.00      667.00      668.50           722750.00
09/08/2016      666.00      673.00      660.50      668.50           386670.00
09/07/2016      681.50      681.50      663.00      666.00           407630.00
09/06/2016      688.00      688.00      676.00      678.50           347440.00
09/05/2016      688.00      695.00      680.00      689.50           285440.00
09/02/2016      675.00      690.00      675.00      689.50           399940.00
09/01/2016      680.00      680.00      653.50      675.00           473430.00
08/31/2016      673.00      683.00      670.00      680.00           523020.00
08/30/2016      688.00      688.00      667.50      687.00           653400.00
08/26/2016      687.00      690.00      675.00      690.00           354950.00
08/25/2016      689.00      690.00      682.50      689.00           418310.00
08/24/2016      692.00      693.00      688.50      690.50           399950.00
08/23/2016      689.00      694.00      687.00      694.00           330280.00
08/22/2016      688.00      695.00      685.00      695.00           279360.00
08/19/2016      693.00      694.00      685.00      688.00           210270.00
08/18/2016      690.00      695.00      684.00      695.00           188620.00
08/17/2016      695.00      695.00      687.00      692.00           429490.00
08/16/2016      681.00      695.00      680.00      695.00           341780.00
08/15/2016      685.00      687.50      680.00      684.00           429500.00
08/12/2016      695.00      697.00      680.00      685.00           380270.00
08/11/2016      697.00      700.00      691.00      693.50           240080.00
08/10/2016      697.00      697.50      689.00      693.50           146930.00
08/09/2016      685.00      698.00      684.50      697.00           365170.00
08/08/2016      678.00      685.00      677.00      680.00           219780.00
08/05/2016      679.00      684.00      677.00      678.00           299510.00
08/04/2016      684.00      687.00      675.00      678.00           272630.00
08/03/2016      708.00      708.00      666.00      682.50           621980.00
08/02/2016      709.00      709.00      703.50      705.00           231980.00
08/01/2016      691.00      709.00      691.00      708.50           334320.00
07/29/2016      686.00      722.00      684.00      689.00           532160.00
07/28/2016      682.00      686.00      674.67      683.33           515467.48
07/27/2016      678.67      683.33      678.67      680.67           443384.99
07/26/2016      685.33      685.33      670.00      670.00           394057.49
07/25/2016      686.67      686.67      682.67      684.00           542377.48
07/22/2016      683.33      685.33      682.67      683.33           385289.99
07/21/2016      674.67      684.00      674.67      683.33           946799.97
07/20/2016      672.00      678.00      672.00      678.00           807854.98
07/19/2016      673.33      676.00      669.33      673.33           759074.98
07/18/2016      670.00      672.67      667.33      669.33           182219.99
07/15/2016      666.67      678.00      666.67      674.00           871004.97
07/14/2016      666.67      670.00      646.67      666.67           670634.98
07/13/2016      670.67      674.00      665.33      665.33           633652.48
07/12/2016      666.00      672.00      664.67      670.00           631424.98
07/11/2016      663.33      668.00      658.00      666.00           696524.98
07/08/2016      660.00      660.00      657.33      658.00           608594.98
07/07/2016      660.00      663.33      656.00      656.67           252209.99
07/05/2016      664.67      666.67      658.67      660.00           351269.99
07/04/2016      669.33      669.33      658.00      660.00           438779.99
07/01/2016      653.33      670.00      650.67      660.00           416354.99
06/30/2016      663.33      677.33      640.00      644.67           837899.97
06/29/2016      652.67      663.33      646.67      663.33           380129.99
06/28/2016      638.00      647.00      638.00      646.67           223079.99
06/27/2016      640.00      653.00      632.00      646.67           181259.99
06/24/2016      660.00      665.00      633.00      643.33           323024.99
06/23/2016      656.67      660.00      650.67      660.00           182489.99
06/22/2016      660.00      664.33      653.33      653.33           244829.99
06/21/2016      658.67      665.33      656.00      664.00           322934.99
06/20/2016      644.00      660.00      644.00      654.67           238019.99
06/17/2016      645.33      659.67      641.00      641.00           323654.99
06/16/2016      636.67      645.67      636.67      643.33           305459.99
06/15/2016      634.00      643.33      634.00      636.67           270059.99
06/14/2016      646.67      653.33      634.00      637.33           570614.98
06/13/2016      643.67      658.00      637.33      658.00           374189.99
06/10/2016      643.33      649.33      641.33      643.67           287549.99
06/09/2016      648.00      648.00      643.33      643.33           388049.99
06/08/2016      654.00      665.67      647.33      648.33           401879.99
06/07/2016      662.67      666.33      653.33      653.33           434324.99
06/06/2016      654.00      663.33      653.67      654.67           413204.99
06/03/2016      650.00      650.33      640.00      649.00           382064.99
06/02/2016      649.33      653.33      637.00      637.00           205964.99
06/01/2016      640.00      650.00      626.67      650.00           294884.99
05/31/2016      633.33      640.00      614.67      626.67           949799.97
05/30/2016      644.00      644.33      633.33      633.33           385949.99
05/27/2016      640.67      650.00      640.67      644.00           374459.99
05/26/2016      652.00      660.00      639.33      640.67           419084.99
05/25/2016      652.67      655.33      649.00      652.00           363059.99
05/24/2016      638.00      652.67      634.67      652.67           388259.99
05/23/2016      646.00      646.00      636.67      638.00           265739.99
05/20/2016      656.67      656.67      633.33      636.67           733364.98
05/19/2016      670.67      672.00      656.00      656.67           490139.99
05/18/2016      669.33      670.67      640.67      670.67           478102.49
05/17/2016      666.00      674.67      665.33      669.33           983009.97
05/16/2016      638.67      666.00      638.67      666.00           496004.98
05/13/2016      630.00      665.33      628.33      653.33           827144.97
05/12/2016      642.67      645.33      630.00      631.67           236669.99
05/11/2016      640.00      645.33      638.33      642.67           736154.98
05/10/2016      608.33      630.67      608.33      628.67           708149.98
05/06/2016      610.00      612.00      602.67      608.67           323774.99
05/05/2016      613.67      613.67      611.33      612.33           437414.99
05/04/2016      618.33      618.33      611.67      614.00           364064.99
05/03/2016      620.00      625.33      617.67      618.33           373544.99
05/02/2016      628.67      628.67      615.67      620.00           336569.99
04/29/2016      632.00      633.33      628.00      629.33           295439.99
04/28/2016      633.33      638.67      630.67      630.67           241454.99
04/27/2016      636.67      637.67      632.33      633.33           390119.99
04/26/2016      637.33      638.67      634.00      636.33           290324.99
04/25/2016      636.67      638.67      636.67      637.33           299549.99
04/22/2016      640.00      640.00      633.67      637.00           103095.00
04/21/2016      640.00      642.67      635.33      640.00           446129.99
04/20/2016      640.00      641.33      638.33      639.33           289499.99
04/19/2016      638.67      646.67      638.67      639.67           429899.99
04/18/2016      640.00      641.33      636.00      640.00           560864.98
04/15/2016      644.67      644.67      639.33      641.33           186209.99
04/14/2016      640.00      646.67      640.00      643.33           505739.98
04/13/2016      643.33      644.33      639.67      642.00           753254.98
04/12/2016      640.00      640.67      636.00      640.00           762989.98
04/11/2016      646.00      646.00      639.33      640.00           222959.99
04/08/2016      643.33      646.67      638.33      640.00           425609.99
04/07/2016      630.67      643.00      630.67      639.67           468374.99
04/06/2016      639.67      640.33      627.00      629.67           347504.99
04/05/2016      645.67      646.67      636.67      640.00           186284.99
04/04/2016      640.00      651.67      640.00      645.00           256514.99
04/01/2016      638.67      641.00      633.33      640.00           327389.99
03/31/2016      642.00      648.67      629.67      633.00           660149.98
03/30/2016      640.00      654.67      635.33      635.33           617699.98
03/29/2016      646.67      646.67      636.33      639.33           310604.99
03/28/2016      660.33      660.33      642.00      646.67           651944.98
03/23/2016      650.00      660.00      650.00      660.00           344084.99
03/22/2016      663.33      664.67      658.67      659.67           523919.98
03/21/2016      660.00      670.67      659.33      663.00          1267574.96
03/18/2016      640.00      665.00      640.00      660.00           949499.97
03/17/2016      631.33      639.33      629.33      638.67           393689.99
03/16/2016      620.00      631.67      618.67      622.67           395549.99
03/15/2016      613.33      631.33      613.33      620.00           445529.99
03/14/2016      626.67      632.67      610.00      610.00           237749.99
03/11/2016      607.33      626.67      607.33      617.67           371669.99
03/10/2016      613.33      632.00      613.33      626.67           346994.99
03/09/2016      616.00      616.00      611.33      613.33           275924.99
03/08/2016      601.00      618.00      589.67      618.00           338789.99
03/07/2016      618.00      618.00      598.67      601.00           440279.99
03/04/2016      625.33      630.67      606.67      606.67           439319.99
03/03/2016      601.33      631.67      601.33      625.33           920579.97
03/02/2016      592.00      603.67      592.00      600.33          1032479.97
03/01/2016      553.33      588.00      553.33      584.67           494144.98
02/29/2016      560.33      563.33      546.67      546.67           496709.98
02/26/2016      553.33      564.67      553.33      563.33           249074.99
02/24/2016      555.33      558.67      537.33      558.67           488054.99
02/23/2016      558.33      558.67      546.67      551.33           311234.99
02/22/2016      552.67      556.67      550.00      556.67           127560.00
02/19/2016      563.67      566.67      548.67      551.33           313874.99
02/18/2016      546.00      563.33      546.00      563.33           390929.99
02/17/2016      552.67      552.67      544.67      547.33           144885.00
02/16/2016      545.33      556.33      545.33      546.33           295394.99
02/15/2016      542.67      545.33      540.00      545.33           247199.99
02/12/2016      534.33      550.33      534.33      542.33           285539.99
02/11/2016      536.33      543.33      536.00      536.67           501284.98
02/10/2016      549.33      549.33      535.33      542.00           347759.99
02/09/2016      564.67      564.67      549.33      550.00            46065.00
02/05/2016      560.00      567.33      559.00      564.67           179699.99
02/04/2016      557.67      562.00      545.33      560.00           643259.98
02/03/2016      553.33      553.33      535.33      540.00           417809.99
02/02/2016      554.00      557.67      553.33      553.33           372794.99
02/01/2016      553.33      557.33      536.33      553.33           384764.99
01/29/2016      543.33      554.00      540.00      551.67           611114.98
01/28/2016      520.00      546.67      513.33      543.33           651134.98
01/27/2016      506.67      521.00      500.00      520.33           367319.99
01/26/2016      506.67      507.00      496.00      502.33           435689.99
01/25/2016      510.00      521.33      493.33      521.33           206879.99
01/22/2016      509.33      509.33      485.33      493.33           388514.99
01/21/2016      515.67      515.67      493.33      493.33           597539.98
01/20/2016      526.67      533.33      516.00      520.00           308084.99
01/19/2016      533.33      533.33      518.00      533.33           116190.00
01/18/2016      517.33      538.67      517.33      533.33           277169.99
01/15/2016      543.67      543.67      533.67      539.33           279164.99
01/14/2016      526.67      531.33      516.67      529.33           141150.00
01/13/2016      520.67      541.33      520.67      540.00           208229.99
01/12/2016      513.33      526.00      513.33      516.67           291419.99
01/11/2016      534.00      535.00      513.00      513.00           485204.99
01/08/2016      534.67      547.33      534.33      538.67           336044.99
01/07/2016      560.00      572.67      540.00      540.00           120645.00
01/06/2016      570.00      570.00      560.00      560.00           216314.99
01/05/2016      559.67      572.67      557.33      566.67           249719.99
01/04/2016      571.33      571.33      559.33      561.00           189059.99
12/29/2015      576.67      578.00      560.67      576.00           239759.99
12/28/2015      553.00      576.67      553.00      576.67           107280.00
12/23/2015      572.33      576.67      569.00      576.67           160410.00
12/22/2015      570.67      570.67      560.67      569.00           171314.99
12/21/2015      560.67      570.00      544.00      570.00           149265.00
12/18/2015      560.00      563.33      542.00      563.33           417029.99
12/17/2015      556.67      566.67      556.67      566.67           338129.99
12/16/2015      541.00      552.00      541.00      552.00           466529.99
12/15/2015      544.33      546.67      536.67      540.00           231134.99
12/14/2015      545.33      546.00      535.67      542.33           272984.99
12/11/2015      560.67      565.33      542.67      546.67           605309.98
12/10/2015      560.00      560.33      558.67      560.00           346859.99
12/09/2015      562.00      562.00      556.67      556.67           177209.99
12/08/2015      560.67      565.33      560.00      562.00           235784.99
12/07/2015      566.00      571.33      566.00      571.00           365234.99
12/04/2015      572.00      577.33      563.33      566.00           278879.99
12/03/2015      579.67      579.67      556.67      572.00           358514.99
12/02/2015      570.00      576.33      567.33      574.67           298154.99
12/01/2015      556.67      572.33      555.00      570.00           438959.99
11/27/2015      586.67      586.67      563.33      563.33           836459.97
11/26/2015      588.67      589.33      584.67      586.67           310199.99
11/25/2015      586.00      586.67      580.00      586.67           346484.99
11/24/2015      576.67      580.00      570.67      580.00           242849.99
11/23/2015      574.67      580.00      569.67      580.00           334589.99
11/20/2015      570.00      575.33      564.00      574.67           342494.99
11/17/2015      556.00      567.67      556.00      560.00           417209.99
11/16/2015      562.67      562.67      550.67      554.00           244124.99
11/13/2015      567.33      583.33      563.33      565.67           258764.99
11/12/2015      569.33      581.33      569.33      569.67           338234.99
11/11/2015      570.00      572.00      566.67      569.67           421724.99
11/10/2015      576.00      578.00      569.33      570.00           728024.98
11/09/2015      586.67      586.67      576.00      578.33           180974.99
11/06/2015      580.00      580.33      575.33      579.33           283619.99
11/05/2015      593.33      593.33      574.33      580.00           263534.99
11/04/2015      586.67      592.00      581.00      592.00           258614.99
11/03/2015      583.33      587.33      580.00      586.67           553319.98
11/02/2015      578.00      583.33      576.67      583.33           330089.99
10/30/2015      581.00      589.00      581.00      583.33           482669.99
10/29/2015      588.33      588.33      579.67      581.00           555389.98
10/28/2015      594.67      594.67      584.33      588.33           445514.99
10/27/2015      598.00      598.00      593.33      595.33           414449.99
10/26/2015      595.00      600.00      595.00      597.33           488294.99
10/23/2015      586.33      591.67      586.33      590.00           798479.98
10/22/2015      583.67      585.67      575.00      583.33           402329.99
10/21/2015      585.33      585.33      580.67      583.67           369074.99
10/20/2015      582.67      584.00      580.00      584.00           366029.99
10/19/2015      581.00      581.33      569.33      573.67           386024.99
10/16/2015      591.00      591.00      581.00      581.00           356474.99
10/15/2015      591.33      595.00      583.00      586.33           361049.99
10/14/2015      584.00      584.00      573.33      573.33           299144.99
10/13/2015      584.33      586.67      580.00      580.00           540884.98
10/12/2015      586.00      589.33      582.00      589.33           266369.99
10/09/2015      595.33      595.33      581.33      586.00           257324.99
10/08/2015      586.33      589.33      580.00      585.33           440024.99
10/07/2015      587.33      589.33      584.67      586.33           344729.99
10/06/2015      598.00      604.67      585.33      586.67           632804.98
10/05/2015      580.00      592.33      578.33      586.00           687794.98
10/02/2015      592.33      592.33      570.00      580.33           469559.99
10/01/2015      591.00      596.67      586.33      592.33           132810.00
09/30/2015      593.33      595.00      587.00      593.67           508874.98
09/29/2015      568.00      583.33      566.67      583.33           338054.99
09/28/2015      590.00      590.33      570.00      573.33           238124.99
09/24/2015      585.67      592.00      566.67      586.67           441824.99
09/23/2015      586.67      592.33      573.33      585.67           434549.99
09/22/2015      593.33      598.00      591.00      593.33           407894.99
09/21/2015      593.33      598.67      588.00      593.33           537179.98
09/18/2015      603.33      609.33      586.67      586.67          1231604.96
09/17/2015      596.33      603.33      591.67      600.00           605204.98
09/16/2015      596.67      596.67      590.67      594.00           391544.99
09/15/2015      580.00      593.00      580.00      590.33           137715.00
09/14/2015      562.00      596.33      562.00      596.33           174044.99
09/11/2015      571.33      571.33      561.33      561.33           338339.99
09/10/2015      563.33      567.67      560.33      563.33           401759.99
09/09/2015      569.33      571.00      560.67      563.33           284414.99
09/08/2015      574.67      574.67      558.00      566.67           551369.98
09/07/2015      582.00      582.00      570.00      574.67           275114.99
09/04/2015      590.00      590.00      574.00      582.00           323129.99
09/03/2015      590.00      591.33      588.00      590.00           326294.99
09/02/2015      568.00      590.33      563.33      587.33           572024.98
09/01/2015      585.33      598.67      585.00      591.33           776909.98
08/28/2015      583.33      593.33      577.67      585.33           531974.98
08/27/2015      576.67      592.00      576.67      580.00           983489.97
08/26/2015      579.33      580.00      570.00      572.67           673904.98
08/25/2015      534.00      593.33      534.00      593.33           402449.99
08/24/2015      586.67      586.67      540.00      560.00           972104.97
08/20/2015      598.67      600.00      594.00      598.00           455084.99
08/19/2015      597.33      599.33      591.33      598.67           310619.99
08/18/2015      600.00      600.33      598.67      600.00           154140.00
08/17/2015      618.67      618.67      598.00      600.00           351254.99
08/14/2015      601.33      622.00      601.33      619.33           766529.98
08/13/2015      599.33      611.33      599.33      609.67           369794.99
08/12/2015      600.67      601.33      596.67      600.67           543149.98
08/11/2015      600.33      601.67      600.33      601.67           463259.99
08/10/2015      600.00      610.67      598.33      600.33           255584.99
08/07/2015      609.33      609.67      599.33      600.33           473999.99
08/06/2015      605.33      613.33      605.33      610.00           218579.99
08/05/2015      606.67      615.00      605.33      613.33           222314.99
08/04/2015      601.00      606.67      593.33      606.67           383834.99
08/03/2015      598.67      601.00      585.33      601.00           477959.99
07/31/2015      585.00      597.33      583.33      595.33           366179.99
07/30/2015      585.33      586.67      584.00      585.00           462584.99
07/29/2015      593.33      593.33      580.67      584.00           423269.99
07/28/2015      603.67      605.33      588.00      593.33           416819.99
07/27/2015      600.67      606.67      600.00      605.33           427049.99
07/24/2015      601.33      606.67      599.33      606.67           201314.99
07/23/2015      596.00      603.67      596.00      601.33           244844.99
07/22/2015      606.67      610.00      600.00      606.67           348704.99
07/21/2015      601.33      612.33      596.67      606.67           324224.99
07/20/2015      610.00      610.00      598.67      601.33           306614.99
07/16/2015      604.00      610.00      604.00      610.00           243689.99
07/15/2015      603.33      604.67      600.67      603.33           315419.99
07/14/2015      600.67      604.00      600.67      603.33           316979.99
07/13/2015      579.33      599.33      577.33      598.00           217679.99
07/10/2015      574.33      580.00      568.00      574.67           330599.99
07/09/2015      576.00      580.00      566.67      580.00           589994.98
07/08/2015      585.33      586.67      576.67      580.67           458984.99
07/07/2015      590.00      590.00      586.33      586.67           460109.99
07/06/2015      590.67      590.67      587.00      587.67           647519.98
07/03/2015      593.33      593.33      588.33      590.67           549539.98
07/02/2015      599.33      602.33      595.67      598.00           431084.99
07/01/2015      590.00      602.00      590.00      600.00           360719.99
06/30/2015      593.33      598.67      590.00      596.67           943859.97
06/29/2015      586.67      596.67      584.67      589.33           433874.99
06/26/2015      590.67      597.33      584.00      597.33           614504.98
06/25/2015      583.67      583.67      579.67      581.00           447869.99
06/24/2015      584.00      584.00      578.00      583.33           570419.98
06/23/2015      584.67      599.33      584.00      584.00           375524.99
06/22/2015      593.33      593.33      578.67      584.67           695099.98
06/19/2015      592.33      599.67      586.67      587.33           775754.98
06/18/2015      587.33      592.00      586.00      590.33           434144.99
06/17/2015      593.67      593.67      577.33      587.33           655769.98
06/16/2015      594.00      595.00      592.67      593.67           448694.99
06/15/2015      593.33      599.00      586.67      594.00           324434.99
06/11/2015      587.00      593.33      581.67      593.33           316124.99
06/10/2015      582.67      585.33      573.33      585.33           194909.99
06/09/2015      582.00      582.67      570.00      582.67           488504.99
06/08/2015      583.00      586.67      579.33      584.00           212519.99
06/05/2015      588.33      593.33      583.00      583.00           198869.99
06/04/2015      592.67      592.67      582.33      590.00           425879.99
06/03/2015      582.00      592.67      577.33      592.67           297659.99
06/02/2015      580.67      586.67      580.67      586.67           293084.99
06/01/2015      590.00      592.00      577.33      592.00           507749.98
05/29/2015      580.00      601.67      580.00      586.67           908534.97
05/28/2015      590.00      590.00      576.00      581.67           637649.98
05/27/2015      599.33      599.33      587.00      590.00           561389.98
05/26/2015      600.00      600.00      591.33      599.33           325094.99
05/25/2015      609.33      609.33      599.00      600.00           246104.99
05/22/2015      600.00      600.00      596.67      600.00           188189.99
05/21/2015      600.00      600.67      599.33      600.00           559439.98
05/20/2015      599.67      602.67      597.00      601.33           240224.99
05/19/2015      609.33      609.33      604.00      605.67           177929.99
05/18/2015      606.67      612.67      606.67      609.33           152550.00
05/15/2015      603.33      609.33      600.00      606.67           310739.99
05/14/2015      601.33      601.33      594.33      600.00           223634.99
05/13/2015      599.00      599.67      595.33      599.00           259784.99
05/12/2015      598.33      601.33      594.00      599.33           506519.98
05/11/2015      603.33      603.33      596.33      598.67           253604.99
05/08/2015      606.67      606.67      602.00      604.00           300179.99
05/07/2015      601.33      609.33      600.67      606.67          1006949.97
05/06/2015      616.67      617.33      603.33      607.00          1214729.96
05/05/2015      606.67      616.67      606.67      616.67           365474.99
05/04/2015      600.33      609.33      594.67      604.67           661469.98
04/30/2015      604.67      607.33      600.33      600.33           652169.98
04/29/2015      615.33      620.00      601.33      605.33          1046954.97
04/28/2015      624.67      625.33      605.33      616.33           612854.98
04/27/2015      623.33      626.67      616.00      624.67           543959.98
04/24/2015      606.00      620.00      606.00      620.00           546374.98
04/23/2015      613.33      620.00      607.33      608.67           322649.99
04/22/2015      616.67      616.67      602.00      610.00           466214.99
04/21/2015      626.00      629.67      603.33      612.00           348344.99
04/20/2015      626.00      626.00      600.67      620.00           360974.99
04/17/2015      624.00      631.67      618.00      620.67           406004.99
04/16/2015      617.00      624.00      611.00      624.00           541184.98
04/15/2015      630.33      630.33      606.67      617.00           429929.99
04/14/2015      630.00      630.00      621.67      626.67           491474.98
04/13/2015      644.67      646.67      630.00      632.67           303224.99
04/10/2015      620.67      649.33      620.67      646.67          1409144.96
04/08/2015      631.33      631.33      620.67      625.33           468809.99
04/07/2015      618.67      642.67      618.67      631.67           812189.98
04/06/2015      600.00      616.67      600.00      616.00           367529.99
04/01/2015      599.33      603.33      596.67      603.33           287264.99
03/31/2015      603.33      609.33      598.67      599.67           325364.99
03/30/2015      600.00      612.00      599.33      600.00           486329.99
03/27/2015      591.33      600.00      591.33      592.33           423824.99
03/26/2015      594.67      595.00      588.00      592.33           638969.98
03/25/2015      599.33      600.00      588.33      592.00          1023929.97
03/24/2015      600.00      602.67      598.33      599.33           690854.98
03/23/2015      602.00      606.67      598.67      600.00          1197749.96
03/20/2015      602.33      606.67      601.33      601.33           872834.97
03/19/2015      606.00      609.33      600.00      602.33           495929.98
03/18/2015      603.00      604.33      600.67      602.67           584159.98
03/17/2015      601.67      606.67      600.00      602.67           518999.98
03/16/2015      606.67      606.67      600.00      601.33           593954.98
03/13/2015      610.00      616.33      607.00      613.33           421229.99
03/12/2015      605.67      610.00      603.67      610.00           128835.00
03/11/2015      603.33      607.33      600.33      605.67           562559.98
03/10/2015      609.67      610.00      600.00      609.33           266564.99
03/09/2015      607.33      610.00      599.33      610.00           213314.99
03/06/2015      608.33      608.33      604.33      607.33           393374.99
03/05/2015      605.00      611.33      605.00      608.33           517004.98
03/04/2015      600.00      610.00      600.00      602.00           589034.98
03/03/2015      598.00      603.33      598.00      600.00           174539.99
03/02/2015      583.33      599.33      583.33      598.00           473624.99
02/27/2015      606.67      606.67      583.33      586.67          1060439.97
02/26/2015      611.67      611.67      598.67      600.00           787334.98
02/25/2015      613.33      613.33      611.33      611.67           301784.99
02/24/2015      612.00      616.33      611.67      612.00          2064104.94
02/23/2015      614.00      616.67      610.67      612.00           639089.98
02/20/2015      615.00      615.00      611.00      613.67           238439.99
02/18/2015      613.33      616.00      610.67      611.33            98475.00
02/17/2015      616.67      616.67      610.67      613.33           307709.99
02/16/2015      609.67      617.33      608.67      616.00           332744.99
02/13/2015      606.33      612.00      606.00      608.67           283814.99
02/12/2015      601.67      607.33      601.67      606.00           343289.99
02/11/2015      608.33      617.00      600.67      601.33           501704.98
02/10/2015      619.33      619.33      606.67      608.00           380009.99
02/09/2015      601.33      616.67      601.33      616.67           642989.98
02/06/2015      597.33      602.67      597.33      601.00          1258499.96
02/05/2015      603.33      603.33      597.33      597.33          1457759.96
02/04/2015      602.67      616.67      602.67      603.33           447104.99
02/03/2015      601.33      604.67      601.33      602.33           724469.98
02/02/2015      620.00      620.00      601.33      606.67           398774.99
01/30/2015      610.00      622.67      610.00      619.33           691664.98
01/29/2015      598.33      620.00      596.33      606.67          1138649.97
01/28/2015      583.33      598.33      581.67      598.33           696899.98
01/27/2015      581.33      582.33      580.33      581.67           823289.97
01/26/2015      582.67      583.33      578.00      581.33           353489.99
01/23/2015      575.33      584.00      573.00      583.33           813284.98
01/22/2015      575.00      580.00      571.33      573.33           660629.98
01/21/2015      583.33      585.33      572.00      575.00           554684.98
01/20/2015      572.00      574.67      571.33      571.67           514244.98
01/19/2015      577.33      577.33      568.67      572.33           749159.98
01/14/2015      569.67      586.33      567.33      577.67          1339004.96
01/13/2015      566.67      570.00      566.00      567.33           343814.99
01/12/2015      567.00      569.00      565.33      566.67           484574.99
01/09/2015      563.33      568.00      562.00      567.33          1120349.97
01/08/2015      550.67      561.33      546.67      560.00          1287959.96
01/07/2015      546.67      558.00      546.00      553.33           679424.98
01/06/2015      547.33      549.33      545.33      548.00           434399.99
01/05/2015      546.00      551.33      545.33      547.33           525539.98
