SMC  1215

12/27/2019      161.00      165.00      157.50      164.00           101610.00
12/26/2019      160.00      166.00      155.00      165.50            63910.00
12/23/2019      157.00      160.00      155.00      160.00           191100.00
12/20/2019      153.00      158.00      150.00      158.00           138260.00
12/19/2019      159.00      159.00      152.00      152.00           131150.00
12/18/2019      155.00      160.00      151.80      160.00           186840.00
12/17/2019      155.00      155.00      152.30      155.00           213700.00
12/16/2019      153.00      155.00      151.80      155.00           191230.00
12/13/2019      152.00      153.80      151.80      153.00           262860.00
12/12/2019      156.00      158.00      152.00      152.00           165960.00
12/11/2019      157.70      157.70      155.00      155.10           165620.00
12/10/2019      159.90      159.90      157.50      158.10           166500.00
12/09/2019      160.00      160.00      159.00      160.00            19520.00
12/06/2019      160.00      160.00      158.60      159.00           284020.00
12/05/2019      162.00      162.00      158.50      160.00           165040.00
12/04/2019      161.00      161.00      158.00      160.00           164990.00
12/03/2019      158.00      162.50      158.00      161.10           228370.00
12/02/2019      159.20      159.20      158.00      159.20            34200.00
11/29/2019      160.00      161.00      157.00      159.20            28200.00
11/28/2019      160.00      160.00      158.00      160.00            37840.00
11/27/2019      160.00      160.00      156.00      160.00            48490.00
11/26/2019      156.90      159.00      155.10      159.00            88420.00
11/25/2019      158.00      158.90      155.90      156.90            48340.00
11/22/2019      157.00      157.00      156.00      156.90           150940.00
11/21/2019      160.00      160.00      157.60      160.00            96340.00
11/20/2019      157.70      160.00      156.70      160.00            59190.00
11/19/2019      158.00      159.90      157.00      159.90            64990.00
11/18/2019      162.50      162.50      158.00      158.00           131100.00
11/15/2019      163.40      163.40      162.10      162.50            80310.00
11/14/2019      164.00      164.30      162.00      163.40            85050.00
11/13/2019      163.80      165.20      163.40      164.00            40860.00
11/12/2019      165.50      165.50      163.00      163.80           114330.00
11/11/2019      170.00      170.00      165.20      165.20            57490.00
11/08/2019      170.00      170.00      165.30      170.00           171480.00
11/07/2019      170.50      170.50      167.80      169.90            42830.00
11/06/2019      171.30      171.30      167.80      168.50           169490.00
11/05/2019      168.20      172.00      168.20      170.60           129270.00
11/04/2019      167.70      169.70      167.00      168.20           246450.00
10/31/2019      174.00      174.00      167.00      167.00           169650.00
10/30/2019      172.70      174.00      170.00      173.00           132990.00
10/29/2019      168.60      174.00      167.00      172.60           256250.00
10/28/2019      166.70      169.10      165.70      168.60            86100.00
10/25/2019      165.80      168.50      164.40      166.00           505680.00
10/24/2019      165.00      166.10      165.00      165.70            69520.00
10/23/2019      166.00      166.10      164.40      164.40            88720.00
10/22/2019      167.90      168.00      166.10      166.10            67560.00
10/21/2019      168.30      168.30      166.00      167.00           203510.00
10/18/2019      167.70      168.10      167.60      167.60           195430.00
10/17/2019      166.00      168.00      166.00      167.70            72100.00
10/16/2019      166.00      166.50      165.70      166.00           192460.00
10/15/2019      167.00      167.00      165.10      165.90            99900.00
10/14/2019      165.00      166.00      164.10      166.00            85360.00
10/11/2019      161.90      164.00      161.80      164.00           138120.00
10/10/2019      161.80      165.00      161.10      163.00            78070.00
10/09/2019      165.00      165.00      160.70      161.10           222500.00
10/08/2019      164.00      167.00      164.00      165.00           150710.00
10/07/2019      165.50      166.80      164.00      164.00           123410.00
10/04/2019      163.00      167.00      163.00      164.00           382480.00
10/03/2019      167.00      168.00      163.00      163.00           220370.00
10/02/2019      170.40      170.60      167.00      168.00           247800.00
10/01/2019      171.50      171.90      170.40      170.60           325330.00
09/30/2019      175.00      175.00      171.50      171.50           283000.00
09/27/2019      177.00      177.10      173.40      175.00           110760.00
09/26/2019      179.90      179.90      176.00      177.00           392070.00
09/25/2019      177.00      180.00      175.80      180.00           539280.00
09/24/2019      177.90      178.00      175.20      177.00            63330.00
09/23/2019      179.00      179.00      176.00      177.90            77610.00
09/20/2019      179.00      179.10      175.60      179.10           375150.00
09/19/2019      174.50      179.00      174.50      178.80           466950.00
09/18/2019      172.60      175.00      172.60      174.00           182500.00
09/17/2019      171.10      174.70      171.10      172.60            78060.00
09/16/2019      174.80      174.80      170.90      170.90           129860.00
09/13/2019      174.10      175.00      173.00      174.80            61390.00
09/12/2019      175.00      175.00      172.50      175.00            21650.00
09/11/2019      174.40      174.90      172.40      172.40           352970.00
09/10/2019      175.20      176.00      174.40      174.40           127620.00
09/09/2019      175.00      177.00      175.00      176.00            53750.00
09/06/2019      177.80      179.00      175.00      175.00           106330.00
09/05/2019      178.00      178.00      175.10      177.80           114110.00
09/04/2019      177.80      178.00      175.00      178.00           184560.00
09/03/2019      178.00      178.00      176.00      177.90            17910.00
09/02/2019      180.00      180.00      176.70      178.00            87530.00
08/30/2019      175.00      180.00      172.50      180.00           685790.00
08/29/2019      175.00      175.50      172.10      175.50            56700.00
08/28/2019      172.20      175.70      172.20      175.30           226660.00
08/27/2019      175.00      175.00      172.00      172.10           221590.00
08/23/2019      175.00      176.00      173.10      175.00           171660.00
08/22/2019      177.30      177.30      174.40      175.30            82800.00
08/20/2019      177.20      178.00      175.50      175.90           168380.00
08/19/2019      179.90      179.90      176.00      177.10           208780.00
08/16/2019      176.00      183.70      172.80      183.70           637630.00
08/15/2019      174.30      176.00      170.90      176.00           163580.00
08/14/2019      175.00      175.10      174.00      174.30           485690.00
08/13/2019      177.00      177.00      174.00      177.00           127500.00
08/09/2019      176.00      178.20      173.90      177.10           194010.00
08/08/2019      177.00      177.00      174.00      175.00           104570.00
08/07/2019      175.00      178.00      175.00      178.00           277820.00
08/06/2019      175.00      175.10      172.00      175.00            68250.00
08/05/2019      178.50      178.50      175.50      176.50            92360.00
08/02/2019      176.50      178.50      175.90      178.50            82980.00
08/01/2019      178.20      179.00      175.40      175.60           159710.00
07/31/2019      175.50      178.00      171.00      178.00           172140.00
07/30/2019      176.00      176.50      175.10      175.90           350270.00
07/29/2019      174.80      176.50      174.00      175.90           366060.00
07/26/2019      172.50      174.80      172.50      174.80            87610.00
07/25/2019      170.40      172.90      170.10      172.90           350090.00
07/24/2019      173.70      174.00      170.40      170.40           129390.00
07/23/2019      175.00      175.00      172.00      172.50           155800.00
07/22/2019      175.00      175.90      173.50      174.50            49430.00
07/19/2019      175.80      176.90      175.00      175.00           518960.00
07/18/2019      175.60      176.90      175.10      175.10           539920.00
07/17/2019      175.10      177.00      175.00      175.60            87680.00
07/16/2019      174.00      176.00      174.00      175.00           355390.00
07/15/2019      176.00      177.00      172.80      174.00           371270.00
07/12/2019      177.00      177.50      175.50      176.00           350090.00
07/11/2019      175.00      177.50      174.90      177.00           132200.00
07/10/2019      174.60      175.30      174.60      174.90           392170.00
07/09/2019      175.00      175.50      174.60      174.60           146990.00
07/08/2019      175.00      175.50      174.80      175.00            82140.00
07/05/2019      176.00      177.00      174.80      174.90           350090.00
07/04/2019      176.00      177.50      175.10      176.00           363180.00
07/03/2019      178.90      178.90      175.60      175.60           382370.00
07/02/2019      175.00      177.50      174.90      175.90           112860.00
07/01/2019      175.20      176.20      174.90      175.00           350020.00
06/28/2019      178.00      180.00      175.20      175.20           124230.00
06/27/2019      175.90      178.00      175.90      178.00            66330.00
06/26/2019      175.50      176.50      175.40      175.90           132810.00
06/25/2019      178.70      179.00      175.00      175.10           240030.00
06/24/2019      177.00      179.00      177.00      178.00            46180.00
06/21/2019      176.00      177.00      175.20      176.00           423630.00
06/20/2019      175.50      177.50      175.10      176.00           255110.00
06/19/2019      178.80      178.80      173.90      175.50           726590.00
06/18/2019      179.80      179.80      178.40      178.80           403730.00
06/17/2019      181.00      182.50      179.80      179.80           409310.00
06/14/2019      184.50      184.50      180.50      181.00           611580.00
06/13/2019      182.20      186.00      181.00      186.00           329730.00
06/11/2019      182.00      183.00      181.00      182.20           601310.00
06/10/2019      183.10      184.00      181.30      182.00           351120.00
06/07/2019      185.40      186.90      181.00      183.00           402040.00
06/06/2019      185.50      187.00      183.10      185.00           546930.00
06/04/2019      186.50      186.80      183.00      185.00           383140.00
06/03/2019      185.00      187.50      185.00      185.00           234160.00
05/31/2019      183.20      187.50      182.10      187.50           277240.00
05/30/2019      181.70      183.20      179.20      182.00           182760.00
05/29/2019      178.40      183.00      178.40      182.00           186040.00
05/28/2019      182.00      182.00      178.20      178.20           370170.00
05/27/2019      179.00      182.90      179.00      181.10            56390.00
05/24/2019      179.60      182.90      178.80      179.00           219020.00
05/23/2019      181.80      181.80      179.30      179.80           329950.00
05/22/2019      185.00      186.00      181.80      181.80           251780.00
05/21/2019      186.70      186.70      180.70      186.00            90620.00
05/20/2019      180.00      186.70      178.60      186.70           224950.00
05/17/2019      180.30      183.70      177.50      179.80           366070.00
05/16/2019      187.70      187.70      180.50      180.50           231160.00
05/15/2019      185.00      188.40      182.50      187.70           919750.00
05/14/2019      189.50      189.50      180.00      184.10           308980.00
05/10/2019      192.50      192.50      186.80      190.00           294730.00
05/09/2019      188.00      195.90      183.00      195.50          3393670.00
05/08/2019      185.00      188.00      182.00      188.00           343440.00
05/07/2019      179.00      185.20      178.00      185.20           752070.00
05/06/2019      178.30      181.00      178.30      180.00           378620.00
05/03/2019      177.50      182.50      177.50      178.30           262270.00
05/02/2019      177.00      180.00      177.00      177.50           165330.00
04/30/2019      173.00      180.50      173.00      180.50           394770.00
04/29/2019      174.20      174.20      171.90      173.00           435070.00
04/26/2019      175.00      177.70      172.90      174.00           235170.00
04/25/2019      177.20      178.00      173.80      175.00           256830.00
04/24/2019      177.80      179.10      177.30      177.30           270550.00
04/23/2019      176.90      177.80      175.10      177.80           330320.00
04/22/2019      175.90      176.90      175.30      176.90           191240.00
04/17/2019      174.90      175.90      173.90      175.90           180320.00
04/16/2019      174.20      177.40      173.40      174.90           275730.00
04/15/2019      181.40      184.00      173.70      173.70           624860.00
04/12/2019      178.90      182.00      178.50      181.40          1226320.00
04/11/2019      179.00      179.40      177.00      178.90          1019290.00
04/10/2019      175.50      179.80      175.40      179.60           599850.00
04/08/2019      176.00      177.10      174.90      175.50           275290.00
04/05/2019      173.90      176.00      173.00      176.00           214020.00
04/04/2019      173.50      174.00      172.60      173.80           197890.00
04/03/2019      174.20      174.20      173.50      173.80           198690.00
04/02/2019      173.50      175.00      173.00      175.00           195430.00
04/01/2019      174.00      174.00      172.30      173.50           287270.00
03/29/2019      173.70      175.00      172.10      174.00           325140.00
03/28/2019      175.00      175.40      172.70      175.00           184330.00
03/27/2019      176.00      176.00      175.00      175.40           470630.00
03/26/2019      171.20      175.50      170.20      175.50           417900.00
03/25/2019      173.90      173.90      169.50      170.00           271180.00
03/22/2019      175.30      176.40      173.90      173.90           292730.00
03/21/2019      175.50      178.50      174.00      175.20           725890.00
03/20/2019      176.00      176.00      172.00      175.00           361970.00
03/19/2019      175.00      176.80      174.00      176.00           840980.00
03/18/2019      174.80      174.80      174.00      174.30           300190.00
03/15/2019      173.00      174.20      167.50      174.20         13313500.00
03/14/2019      172.40      173.00      170.40      172.00           782770.00
03/13/2019      171.20      175.90      171.20      172.40          1167710.00
03/12/2019      174.10      176.90      171.40      174.00          1542220.00
03/11/2019      172.00      177.80      172.00      174.10          1294480.00
03/08/2019      176.70      178.50      173.40      174.10           640090.00
03/07/2019      170.00      178.40      169.10      176.80          1264570.00
03/06/2019      169.40      172.00      168.80      169.10           662930.00
03/05/2019      169.00      170.30      168.90      169.40           873930.00
03/04/2019      170.00      172.90      168.60      169.50           642170.00
03/01/2019      170.70      173.40      169.50      170.70           647820.00
02/28/2019      172.10      173.00      170.20      170.90           504660.00
02/27/2019      179.60      179.60      172.00      172.00           628630.00
02/26/2019      179.00      180.00      178.80      180.00          3090920.00
02/22/2019      174.50      179.50      174.50      179.00          1779850.00
02/21/2019      174.50      175.00      173.60      174.50           952160.00
02/20/2019      173.10      175.40      173.10      174.70           842140.00
02/19/2019      174.00      177.00      172.00      174.00           764360.00
02/18/2019      165.00      175.70      165.00      174.50          2406420.00
02/15/2019      164.00      164.00      162.10      163.00           492150.00
02/14/2019      160.00      163.50      159.00      163.50           219590.00
02/13/2019      162.00      162.10      160.00      161.90           291390.00
02/12/2019      164.00      164.00      161.50      163.00           400840.00
02/11/2019      165.00      166.00      163.10      166.00           209100.00
02/08/2019      163.10      166.40      162.90      165.40           346100.00
02/07/2019      165.00      165.90      162.80      163.10           478310.00
02/06/2019      166.80      168.00      165.00      165.00           486850.00
02/04/2019      166.50      167.90      166.50      166.80           337040.00
02/01/2019      165.00      167.60      164.50      166.50           575970.00
01/31/2019      165.00      167.00      163.80      165.00           365770.00
01/30/2019      164.00      166.00      163.00      163.00           833360.00
01/29/2019      165.40      165.40      163.00      164.00           543050.00
01/28/2019      168.60      169.40      165.00      165.40           602800.00
01/25/2019      170.50      172.00      168.00      168.50           519830.00
01/24/2019      168.00      174.00      165.60      174.00          1609920.00
01/23/2019      168.00      168.90      165.50      168.90           666730.00
01/22/2019      162.50      170.00      161.20      170.00          2258200.00
01/21/2019      155.60      164.00      155.60      162.80           822150.00
01/18/2019      150.80      156.00      150.00      155.50           599810.00
01/17/2019      150.90      151.50      149.50      151.00           279060.00
01/16/2019      152.40      152.50      149.50      150.00           524490.00
01/15/2019      150.70      152.90      149.80      151.50           274110.00
01/14/2019      149.80      151.50      149.50      149.50           561140.00
01/11/2019      147.90      149.80      147.70      149.50           615040.00
01/10/2019      145.00      148.00      145.00      147.60           952120.00
01/09/2019      146.50      148.80      144.80      145.00           769240.00
01/08/2019      148.00      148.70      146.40      146.50          1188620.00
01/07/2019      146.00      148.90      146.00      146.50           361120.00
01/04/2019      149.00      149.80      145.10      145.30          1032530.00
01/03/2019      147.30      149.80      147.00      149.00           226300.00
01/02/2019      147.90      147.90      146.00      147.30           275510.00
12/28/2018      148.20      149.00      147.00      147.00           843500.00
12/27/2018      146.20      148.20      146.20      147.40           101850.00
12/26/2018      145.00      146.40      144.50      145.90           168660.00
12/21/2018      145.00      147.00      145.00      145.00           628120.00
12/20/2018      148.00      148.00      144.40      145.00           678490.00
12/19/2018      150.10      150.10      147.00      148.00           816560.00
12/18/2018      151.20      153.00      147.10      150.10           998700.00
12/17/2018      144.00      153.20      143.80      151.20          1066640.00
12/14/2018      147.50      151.00      139.00      142.00          2822300.00
12/13/2018      154.50      156.50      146.00      147.00          1252570.00
12/12/2018      157.00      158.30      154.20      154.50           739490.00
12/11/2018      157.10      161.00      155.00      155.00           920720.00
12/10/2018      162.30      163.50      156.00      157.10          1081240.00
12/07/2018      169.20      169.20      161.00      162.20           786390.00
12/06/2018      170.00      171.00      169.00      169.50           616940.00
12/05/2018      173.40      173.80      169.00      169.00           973080.00
12/04/2018      175.00      175.00      173.50      175.00           275310.00
12/03/2018      174.70      175.40      173.00      174.90           364970.00
11/29/2018      174.60      174.80      172.10      174.70           205720.00
11/28/2018      171.80      174.90      171.00      174.80           440660.00
11/27/2018      171.80      172.50      171.00      171.50           141170.00
11/26/2018      172.00      172.50      171.50      171.80            94490.00
11/23/2018      171.20      172.80      171.20      172.00            88160.00
11/22/2018      172.00      173.00      171.00      171.20            66810.00
11/21/2018      173.40      173.40      170.90      172.40           434710.00
11/20/2018      170.00      175.00      168.80      174.10          1029400.00
11/19/2018      168.50      172.00      168.50      169.90           215590.00
11/16/2018      169.20      170.00      168.50      168.50           203630.00
11/15/2018      169.20      171.90      168.90      169.20           240540.00
11/14/2018      172.50      173.90      169.00      169.20           170540.00
11/13/2018      174.60      174.60      170.00      172.50           205350.00
11/12/2018      170.00      174.60      168.80      174.60           463220.00
11/09/2018      170.00      175.00      165.30      171.50           963490.00
11/08/2018      163.60      171.00      162.10      170.00           665280.00
11/07/2018      167.90      167.90      162.90      163.60           109750.00
11/06/2018      167.20      168.00      166.00      167.90           149980.00
11/05/2018      171.00      171.50      167.00      168.00            64570.00
10/31/2018      169.90      171.00      168.90      171.00           621260.00
10/30/2018      168.60      169.70      166.00      168.00           354380.00
10/29/2018      164.50      168.60      164.50      168.10           704000.00
10/26/2018      159.80      166.00      157.00      164.50           603780.00
10/25/2018      155.50      159.80      155.00      159.80           181710.00
10/24/2018      158.00      158.00      156.00      157.00           776530.00
10/23/2018      156.00      158.90      156.00      158.00           339790.00
10/22/2018      158.00      159.00      155.50      156.00           137330.00
10/19/2018      163.00      165.90      153.00      158.00           497760.00
10/18/2018      165.90      165.90      164.40      165.00           205050.00
10/17/2018      163.10      166.00      163.10      164.10           123210.00
10/16/2018      166.00      167.00      163.30      163.30            87050.00
10/15/2018      167.10      167.90      165.00      166.00           109980.00
10/12/2018      163.00      167.00      161.50      167.00           131160.00
10/11/2018      164.90      165.00      160.00      165.00           421840.00
10/10/2018      168.00      168.00      161.10      167.00           782890.00
10/09/2018      170.00      170.00      167.50      168.00           511160.00
10/08/2018      172.80      173.00      169.00      170.00           345990.00
10/05/2018      170.20      173.40      170.00      172.90           519500.00
10/04/2018      168.90      169.40      167.90      169.40           265930.00
10/03/2018      170.00      170.00      168.00      168.90           315420.00
10/02/2018      173.00      173.00      169.80      170.00           251290.00
10/01/2018      168.90      172.50      168.90      171.00           599080.00
09/28/2018      169.00      169.80      167.50      169.50           336230.00
09/27/2018      169.70      169.70      167.90      169.50           490780.00
09/26/2018      169.70      169.70      167.50      169.00           357070.00
09/25/2018      169.80      169.80      168.00      169.70           192510.00
09/24/2018      170.00      171.80      168.50      169.80            83250.00
09/21/2018      168.40      172.00      167.00      168.00           343750.00
09/20/2018      168.70      168.70      165.90      167.10           335300.00
09/19/2018      167.20      169.00      165.00      169.00           283500.00
09/18/2018      170.00      170.80      165.00      167.20           359040.00
09/17/2018      169.10      170.40      167.50      170.00           135750.00
09/14/2018      170.60      171.50      169.20      169.80           348720.00
09/13/2018      175.30      176.00      170.50      172.40           427310.00
09/12/2018      174.00      176.60      173.60      175.00           497760.00
09/11/2018      175.90      175.90      172.50      174.00           301400.00
09/10/2018      177.00      177.00      170.50      175.90           380660.00
09/07/2018      174.70      177.80      174.70      177.00           179820.00
09/06/2018      178.00      178.00      174.70      175.20           386230.00
09/05/2018      179.10      179.20      173.00      178.00           659450.00
09/04/2018      177.00      179.90      175.00      179.00           557520.00
09/03/2018      169.30      180.10      169.30      175.00          1683720.00
08/31/2018      169.50      172.00      166.10      169.00           762390.00
08/30/2018      171.00      173.00      169.10      169.50           662160.00
08/29/2018      166.10      173.50      165.60      171.00           571090.00
08/28/2018      170.00      170.80      163.00      166.10           624900.00
08/24/2018      160.00      174.50      159.50      171.80          5047830.00
08/23/2018      147.30      166.00      147.30      160.00          2333470.00
08/22/2018      147.50      148.00      146.50      147.30           500730.00
08/20/2018      147.50      148.20      145.50      147.50           385000.00
08/17/2018      146.00      148.30      146.00      147.50           264060.00
08/16/2018      146.00      146.10      145.00      146.00           320470.00
08/15/2018      142.00      147.40      141.90      146.20           840360.00
08/14/2018      142.90      142.90      140.60      142.00           367120.00
08/13/2018      141.00      143.00      139.90      142.00           464280.00
08/10/2018      138.30      144.90      138.30      143.00          1577350.00
08/09/2018      139.00      139.20      137.50      138.30           339530.00
08/08/2018      136.00      139.00      136.00      139.00           164390.00
08/07/2018      136.40      138.00      135.00      138.00            80310.00
08/06/2018      138.80      138.90      136.50      136.50           171780.00
08/03/2018      139.60      140.00      138.00      139.00            72550.00
08/02/2018      140.50      140.50      138.80      139.40            35280.00
08/01/2018      139.00      140.50      138.40      140.00           393330.00
07/31/2018      138.40      140.20      138.10      139.20           178450.00
07/30/2018      137.00      139.00      136.10      138.40           299220.00
07/27/2018      136.10      137.00      135.80      137.00            74120.00
07/26/2018      136.80      136.80      135.80      136.00           258590.00
07/25/2018      136.50      136.80      135.20      136.50           214340.00
07/24/2018      137.50      137.50      135.10      136.50           180290.00
07/23/2018      136.80      137.50      135.00      137.50           201280.00
07/20/2018      136.90      136.90      134.00      136.80           587320.00
07/19/2018      137.00      137.00      135.80      137.00            67800.00
07/18/2018      137.00      137.30      134.40      136.90           188820.00
07/17/2018      136.00      136.90      135.10      136.90            89480.00
07/16/2018      136.70      137.20      136.50      137.00           173930.00
07/13/2018      137.60      137.60      136.50      136.90           141210.00
07/12/2018      137.70      137.70      136.70      137.00            86490.00
07/11/2018      137.50      137.80      136.00      137.80           200240.00
07/10/2018      138.00      138.00      136.60      136.80           156300.00
07/09/2018      136.00      138.00      136.00      138.00           247120.00
07/06/2018      137.50      137.50      136.00      137.00            64840.00
07/05/2018      137.50      137.50      136.30      136.90           153050.00
07/04/2018      137.50      137.50      136.50      137.50           218090.00
07/03/2018      138.00      138.00      136.30      137.50           216420.00
07/02/2018      138.00      138.00      137.00      137.90           198650.00
06/29/2018      139.00      139.00      137.50      138.00           292930.00
06/28/2018      138.00      139.00      137.00      139.00           200320.00
06/27/2018      137.00      138.00      135.70      138.00           346160.00
06/26/2018      135.20      137.50      134.00      137.50           557820.00
06/25/2018      135.00      137.80      135.00      136.50           398470.00
06/22/2018      139.60      139.60      136.20      139.00           423870.00
06/21/2018      139.70      139.70      136.50      139.40           145140.00
06/20/2018      139.50      139.80      138.20      139.80           181530.00
06/19/2018      140.00      140.00      138.10      139.90           120300.00
06/18/2018      139.90      140.00      138.50      140.00           124700.00
06/14/2018      139.80      140.00      138.10      140.00           149240.00
06/13/2018      140.00      140.00      137.60      140.00           330650.00
06/11/2018      140.00      140.00      139.60      140.00            56040.00
06/08/2018      141.60      141.70      139.80      140.00           128510.00
06/07/2018      142.00      142.00      141.00      141.00            43940.00
06/06/2018      141.50      142.00      139.00      141.90           166690.00
06/05/2018      142.30      142.60      138.70      142.00           398570.00
06/04/2018      142.50      142.50      140.70      141.00           169280.00
06/01/2018      142.50      142.50      140.50      142.00           172900.00
05/31/2018      142.00      142.50      140.40      142.00           270340.00
05/30/2018      143.80      143.80      141.00      142.70           141170.00
05/29/2018      144.00      144.00      142.00      143.80           167770.00
05/28/2018      144.00      144.30      142.00      144.00           433040.00
05/25/2018      143.50      144.30      141.30      144.30           190520.00
05/24/2018      142.00      143.50      141.30      143.50           178510.00
05/23/2018      145.20      145.20      141.30      142.10           193220.00
05/22/2018      144.10      145.40      144.10      145.00           478820.00
05/21/2018      140.00      144.00      139.70      144.00           425670.00
05/18/2018      139.70      139.90      139.00      139.80           145370.00
05/17/2018      140.00      140.00      138.90      140.00           336110.00
05/16/2018      139.20      140.00      138.00      139.20           346790.00
05/15/2018      138.50      140.00      138.50      139.20           294570.00
05/11/2018      136.80      139.10      136.80      137.90           159090.00
05/10/2018      136.00      137.00      135.40      136.80           164380.00
05/09/2018      136.00      136.20      135.40      136.00           167960.00
05/08/2018      136.50      137.50      135.00      136.00           195420.00
05/07/2018      137.00      138.00      135.70      136.00            46030.00
05/04/2018      138.00      138.90      135.10      136.70           176480.00
05/03/2018      139.80      139.80      137.00      138.00           201710.00
05/02/2018      140.40      140.40      139.20      139.80           108490.00
04/30/2018      140.00      140.40      138.80      140.00           149140.00
04/27/2018      139.90      140.40      139.00      139.30           306610.00
04/26/2018      140.00      140.00      137.50      139.50           351280.00
04/25/2018      139.40      139.70      138.50      139.00           517090.00
04/24/2018      139.90      140.90      139.00      140.00           203590.00
04/23/2018      140.90      140.90      139.60      140.00            43000.00
04/20/2018      140.90      140.90      140.00      140.90            77430.00
04/19/2018      140.00      141.00      138.00      140.90           292960.00
04/18/2018      141.80      141.80      139.20      140.00            39610.00
04/17/2018      141.50      142.80      139.10      141.00           158000.00
04/16/2018      142.90      142.90      140.80      141.30           184740.00
04/13/2018      142.50      142.90      141.20      142.90           363690.00
04/12/2018      142.80      142.80      140.00      142.40            71560.00
04/11/2018      142.90      143.50      142.70      142.80           141520.00
04/10/2018      139.10      143.30      139.10      142.50           338110.00
04/06/2018      144.00      144.00      140.00      142.00           169460.00
04/05/2018      142.00      144.00      141.50      143.50           490070.00
04/04/2018      141.00      142.20      138.80      141.20           357880.00
04/03/2018      138.00      141.40      136.40      140.20           260810.00
04/02/2018      140.00      140.00      135.30      138.20           116180.00
03/28/2018      142.50      142.90      134.00      134.00           217630.00
03/27/2018      140.00      142.50      139.00      142.50           506510.00
03/26/2018      135.00      140.00      134.70      138.50           195720.00
03/23/2018      138.50      138.50      134.00      137.00           128410.00
03/22/2018      134.10      139.50      133.00      139.50           200010.00
03/21/2018      137.40      137.50      134.10      134.10           425150.00
03/20/2018      139.00      139.00      136.00      137.40           586790.00
03/19/2018      140.50      140.50      138.00      139.50           233040.00
03/16/2018      140.90      141.00      139.60      140.50           272430.00
03/15/2018      141.20      141.20      140.20      140.50           201450.00
03/14/2018      144.60      144.60      140.00      141.20           346750.00
03/13/2018      145.30      145.50      142.00      143.00           140660.00
03/12/2018      143.50      146.00      143.50      145.00           388700.00
03/09/2018      141.00      143.00      140.00      143.00           343120.00
03/08/2018      140.00      141.00      139.50      141.00            65710.00
03/07/2018      141.00      141.00      139.70      139.80           186580.00
03/06/2018      140.00      142.20      139.00      141.00           189310.00
03/05/2018      139.40      140.00      138.70      140.00           481280.00
03/02/2018      140.70      140.70      139.10      140.00           264150.00
03/01/2018      141.00      141.10      140.00      140.80           153390.00
02/28/2018      141.00      141.80      140.50      141.00           210010.00
02/27/2018      141.90      141.90      140.00      141.00           104510.00
02/26/2018      141.00      142.00      138.10      141.90           204830.00
02/23/2018      143.00      144.00      141.00      141.00           416680.00
02/22/2018      144.60      144.60      140.80      144.00           437810.00
02/21/2018      143.90      145.50      143.90      145.00           446310.00
02/20/2018      145.40      145.40      144.80      145.00           331310.00
02/19/2018      146.00      146.00      144.30      145.00           274100.00
02/15/2018      142.20      145.40      141.20      145.10           557190.00
02/14/2018      142.30      142.30      135.50      141.20           308350.00
02/13/2018      144.90      145.00      138.50      142.00           752090.00
02/12/2018      145.00      146.00      144.40      145.00           263650.00
02/09/2018      144.80      145.30      143.50      145.00           463470.00
02/08/2018      148.00      148.00      146.40      147.00           245160.00
02/07/2018      145.50      149.00      145.30      147.40           578750.00
02/06/2018      144.00      145.50      141.10      143.50           761780.00
02/05/2018      150.00      150.00      142.00      147.50           691360.00
02/02/2018      145.00      152.00      144.90      152.00          1416080.00
02/01/2018      144.00      147.00      143.00      144.90           378870.00
01/31/2018      142.00      144.60      142.00      144.00           947160.00
01/30/2018      144.00      144.90      142.00      144.90           374750.00
01/29/2018      141.00      147.20      141.00      144.00           714150.00
01/26/2018      141.00      141.40      140.00      141.10           361940.00
01/25/2018      138.90      143.80      138.10      141.00           713080.00
01/24/2018      140.90      140.90      136.90      138.00           335630.00
01/23/2018      136.90      141.00      136.90      140.90           983980.00
01/22/2018      133.20      136.90      133.20      136.80           830940.00
01/19/2018      131.00      133.00      130.20      133.00           536430.00
01/18/2018      130.00      131.50      129.50      131.50           644350.00
01/17/2018      131.00      131.00      129.00      130.50           278940.00
01/16/2018      132.00      132.00      131.00      131.10           138100.00
01/15/2018      129.00      132.90      128.80      132.00           223710.00
01/12/2018      132.10      133.00      127.30      129.00           534770.00
01/11/2018      128.40      133.20      125.90      132.00          1728040.00
01/10/2018      126.00      128.30      125.90      128.00           924790.00
01/09/2018      121.80      126.20      121.80      125.70          1132340.00
01/08/2018      118.00      122.50      118.00      121.50           608440.00
01/05/2018      116.00      120.20      116.00      120.00          1347890.00
01/04/2018      115.00      115.90      114.90      115.90           416530.00
01/03/2018      111.60      114.80      111.60      114.80           410820.00
12/29/2017      112.10      112.50      111.00      111.60           399530.00
12/28/2017      111.50      112.60      111.20      112.10           319100.00
12/27/2017      111.00      111.90      110.60      111.40            80590.00
12/22/2017      112.00      112.00      111.00      111.90            96920.00
12/21/2017      113.00      113.00      110.80      112.00            86540.00
12/20/2017      120.00      120.00      110.00      110.80           331410.00
12/18/2017      110.40      111.70      108.50      108.80           281140.00
12/15/2017      111.60      111.60      109.70      110.20           250640.00
12/14/2017      110.30      111.60      109.50      111.60           440650.00
12/13/2017      110.50      111.10      109.60      110.00           137280.00
12/12/2017      111.00      111.00      109.50      110.50           508290.00
12/11/2017      112.50      112.50      110.00      110.50           423240.00
12/08/2017      110.00      110.00      108.50      109.90           101190.00
12/07/2017      109.90      109.90      108.00      109.90           320380.00
12/06/2017      109.80      109.90      108.00      109.90           144210.00
12/05/2017      109.90      109.90      108.00      109.90           121630.00
12/04/2017      110.00      110.00      106.00      110.00           235240.00
12/01/2017      111.80      111.80      109.00      110.00           150150.00
11/29/2017      111.50      111.80      109.10      111.80           419570.00
11/28/2017      113.00      113.00      111.50      111.50           837400.00
11/27/2017      113.00      113.40      112.00      112.60           532210.00
11/24/2017      112.90      113.40      111.00      112.90           308690.00
11/23/2017      111.00      112.80      110.00      111.30           117390.00
11/22/2017      109.60      112.90      109.50      110.00           156880.00
11/21/2017      110.90      110.90      109.60      109.60           178100.00
11/20/2017      113.00      113.00      110.30      111.00           196260.00
11/17/2017      113.90      114.10      113.00      113.00           137930.00
11/16/2017      116.00      116.00      113.00      113.90           190680.00
11/15/2017      113.10      113.50      112.00      113.00           378350.00
11/14/2017      115.50      116.40      113.10      113.10           295430.00
11/13/2017      115.00      116.70      114.50      115.40           147190.00
11/10/2017      117.00      117.00      114.90      115.00           508850.00
11/09/2017      115.70      117.00      115.00      117.00           765850.00
11/08/2017      115.50      117.00      114.00      115.70          1196070.00
11/07/2017      107.00      124.50      107.00      114.80          1647330.00
11/06/2017      101.30      108.60      101.30      106.80          1206850.00
11/03/2017      104.00      104.00      101.30      101.30           171480.00
11/02/2017      104.00      104.70      102.80      104.00           213540.00
10/30/2017      104.00      104.50      103.00      103.00           783140.00
10/27/2017      102.80      104.60      102.50      103.00           596400.00
10/26/2017      102.70      102.80      102.00      102.80           432800.00
10/25/2017      102.20      102.90      102.00      102.70           424480.00
10/24/2017      103.00      103.00      102.00      102.50           460000.00
10/23/2017      102.90      103.10      102.30      103.00           441600.00
10/20/2017      104.30      104.30      102.50      102.50           583580.00
10/19/2017      102.80      104.80      100.60      104.40           490380.00
10/18/2017      101.00      103.00      100.00      103.00           676800.00
10/17/2017      101.00      101.20       99.90      100.50           642760.00
10/13/2017      101.00      101.00      100.20      101.00           444080.00
10/12/2017      102.00      102.00      100.80      101.00           498300.00
10/11/2017      102.00      102.20      101.50      102.00           533090.00
10/10/2017      101.00      102.30      101.00      101.90           530440.00
10/09/2017      100.00      101.00       99.75      101.00           885320.00
10/06/2017       98.00      100.00       98.00      100.00           571080.00
10/05/2017       98.00       98.05       97.20       98.00           996110.00
10/04/2017       98.00       98.00       97.20       97.65           143700.00
10/03/2017       97.50       98.00       97.10       98.00           176290.00
10/02/2017       98.00       98.15       97.60       97.60           271890.00
09/29/2017       97.00       98.70       97.00       98.30           355720.00
09/28/2017       97.50       98.00       97.20       98.00           403050.00
09/27/2017       97.40       97.80       97.20       97.60           243520.00
09/26/2017       98.00       98.00       96.90       97.40           540330.00
09/25/2017       98.00       98.00       97.40       98.00           124600.00
09/22/2017       97.70       98.00       97.50       97.75            39850.00
09/21/2017       98.20       98.20       97.55       97.65           153550.00
09/20/2017       98.10       98.45       97.20       97.20           139400.00
09/19/2017       98.00       98.50       97.95       98.05           168610.00
09/18/2017       97.50       98.45       97.50       98.10           159680.00
09/15/2017       97.40       97.90       97.35       97.50           706700.00
09/14/2017       97.95       97.95       97.25       97.30           495890.00
09/13/2017       97.20       98.00       97.10       97.45           250100.00
09/11/2017       97.90       98.00       97.05       97.20           263820.00
09/08/2017       96.65       98.80       96.65       97.00           309020.00
09/07/2017       98.00       98.10       96.60       96.60           207370.00
09/06/2017       98.90       98.90       97.50       98.10           100390.00
09/05/2017       99.00       99.50       98.80       98.90            30210.00
09/04/2017       99.50       99.50       98.90       99.00           189000.00
08/31/2017      100.00      100.00       99.45      100.00            55520.00
08/30/2017      100.00      100.00       99.60      100.00            47400.00
08/29/2017      100.50      101.00       99.50      100.00            51150.00
08/25/2017       99.50      100.50       99.00      100.50            80210.00
08/24/2017       99.70       99.70       99.30       99.70            51470.00
08/23/2017      100.70      100.70       98.50       99.70            53730.00
08/22/2017       99.35      101.00       97.20      101.00           198020.00
08/18/2017      100.50      100.50       98.50       99.35           138130.00
08/17/2017      100.00      100.80       99.85      100.40            41300.00
08/16/2017      101.30      101.30       99.75      100.00           112870.00
08/15/2017      101.40      101.40      100.50      101.40            27820.00
08/14/2017      101.60      101.60       99.80      101.40            93500.00
08/11/2017      101.60      101.60      100.30      101.60            64170.00
08/10/2017      101.50      101.60      100.00      101.60            81600.00
08/09/2017      101.30      101.50       99.75      101.50           134390.00
08/08/2017      101.30      101.40      100.50      101.00            58930.00
08/07/2017      101.10      101.40      101.10      101.30            45330.00
08/04/2017      101.30      101.30      100.00      101.30           124540.00
08/03/2017      100.30      101.30      100.00      101.30            59370.00
08/02/2017      101.00      101.00      100.20      100.40           153980.00
08/01/2017      101.60      101.70      101.50      101.60           100170.00
07/31/2017      101.80      101.80      101.30      101.60           238870.00
07/28/2017      100.50      101.80      100.50      101.70            57950.00
07/27/2017      102.00      103.00      100.50      100.50           136220.00
07/26/2017      103.00      103.20      101.00      101.00           210240.00
07/25/2017      103.00      103.00      102.50      102.60            75900.00
07/24/2017      103.00      103.00      102.70      103.00            26190.00
07/21/2017      102.60      103.10      102.60      103.10            82660.00
07/20/2017      103.10      103.10      102.70      103.00           150200.00
07/19/2017      102.90      103.20      102.70      103.00            69650.00
07/18/2017      103.00      103.00      102.60      102.90            38260.00
07/17/2017      102.60      103.00      102.50      102.90            64040.00
07/14/2017      103.40      103.40      102.50      102.50           117720.00
07/13/2017      103.20      103.40      102.40      103.40           138630.00
07/12/2017      103.20      103.30      102.50      103.00            83350.00
07/11/2017      103.30      103.30      102.40      103.30           151300.00
07/10/2017      103.50      103.50      101.90      103.30           120290.00
07/07/2017      103.30      103.50      102.70      103.50            70890.00
07/06/2017      103.10      103.60      102.60      103.30            60090.00
07/05/2017      103.00      103.10      102.20      103.10            83490.00
07/04/2017      104.00      104.00      103.00      103.20            49950.00
07/03/2017      102.50      104.00      102.50      104.00            50940.00
06/30/2017      103.70      104.00      102.00      104.00            79840.00
06/29/2017      104.00      104.00      102.50      103.70            83820.00
06/28/2017      102.00      104.10      102.00      104.00            95200.00
06/27/2017      102.60      102.80      101.50      102.70           259740.00
06/23/2017      104.90      104.90      101.50      102.60           186740.00
06/22/2017      104.90      105.00      103.00      103.00           109650.00
06/21/2017      106.00      106.00      104.80      104.90           148110.00
06/20/2017      107.00      107.00      106.00      106.00            42110.00
06/19/2017      106.00      107.00      106.00      107.00            96830.00
06/16/2017      105.90      107.00      105.70      106.00            50250.00
06/15/2017      105.70      107.00      105.50      105.50           303580.00
06/14/2017      105.00      105.80      104.40      105.50           208030.00
06/13/2017      104.00      104.30      103.00      104.30            59600.00
06/09/2017      103.20      104.40      102.90      103.00           292030.00
06/08/2017      103.00      103.20      102.00      103.00           175210.00
06/07/2017      104.00      104.00      103.00      103.20           201320.00
06/06/2017      104.80      105.00      103.90      104.40           138460.00
06/05/2017      106.00      106.00      104.10      104.80           191950.00
06/02/2017      106.00      106.00      104.10      106.00           210400.00
06/01/2017      107.40      107.50      105.30      106.00           143800.00
05/31/2017      108.40      108.50      107.40      108.00            64900.00
05/30/2017      108.40      108.40      107.70      108.40            47530.00
05/29/2017      108.50      108.60      107.50      108.40            78640.00
05/26/2017      108.00      108.80      107.50      108.50           105510.00
05/25/2017      107.60      108.20      107.50      108.00           101920.00
05/24/2017      108.90      108.90      107.20      108.00           129610.00
05/23/2017      109.00      110.00      107.60      108.90           351920.00
05/22/2017      109.00      109.10      108.80      109.00           314860.00
05/19/2017      108.60      109.00      108.00      109.00           191470.00
05/18/2017      108.80      108.80      107.30      108.10           250890.00
05/17/2017      109.20      109.20      108.00      109.00           228730.00
05/16/2017      108.70      109.20      107.90      109.00           162880.00
05/15/2017      107.90      108.90      107.50      107.90            46140.00
05/12/2017      109.00      109.20      107.50      108.90           128500.00
05/11/2017      108.00      109.20      107.20      109.20           193440.00
05/10/2017      108.40      108.40      107.50      108.00           193040.00
05/09/2017      108.20      109.60      107.90      108.40           310630.00
05/08/2017      108.50      108.50      107.00      108.20           132630.00
05/05/2017      105.40      108.40      105.40      108.00           262750.00
05/04/2017      108.00      108.70      105.00      105.00           384980.00
05/03/2017      109.50      109.50      108.10      109.50           127230.00
05/02/2017      109.00      110.00      108.00      109.50           112830.00
04/27/2017      109.50      110.00      108.20      110.00           134900.00
04/26/2017      109.50      109.50      108.20      109.00           117160.00
04/25/2017      110.00      110.00      108.50      109.50           104910.00
04/24/2017      110.40      110.40      107.60      110.00           101780.00
04/21/2017      110.50      111.20      109.00      110.40           185680.00
04/20/2017      108.00      110.50      107.00      110.50           411550.00
04/19/2017      110.20      110.20      107.50      107.50           267280.00
04/18/2017      109.00      110.70      109.00      110.00           642110.00
04/17/2017      107.00      109.30      107.00      108.90           494330.00
04/12/2017      108.00      108.00      107.60      107.80           150870.00
04/11/2017      106.20      108.70      105.50      108.00           807060.00
04/10/2017      106.00      106.90      106.00      106.10           155000.00
04/07/2017      104.00      107.00      103.00      106.00           497490.00
04/06/2017      104.90      106.00      103.10      104.00           345880.00
04/05/2017      104.60      105.10      104.20      104.90           109280.00
04/04/2017      103.50      105.20      102.00      104.50           395900.00
04/03/2017      103.50      103.50      102.70      103.50            63190.00
03/31/2017      102.80      104.00      101.90      104.00           116080.00
03/30/2017      103.00      103.70      101.80      102.80           145060.00
03/29/2017      104.00      104.00      102.60      103.00           134120.00
03/28/2017      103.00      104.00      102.90      104.00           234180.00
03/27/2017      104.00      104.00      102.20      103.00           460380.00
03/24/2017      103.00      104.20      103.00      104.00           371410.00
03/23/2017      104.50      104.50      103.00      104.40           716760.00
03/22/2017      104.00      104.50      102.80      104.50           228150.00
03/21/2017      103.40      104.20      103.00      104.00           140220.00
03/20/2017      104.00      104.00      101.80      103.40           202370.00
03/17/2017      103.50      104.00      102.70      103.00           225290.00
03/16/2017      103.00      103.50      102.50      103.20           102850.00
03/15/2017      105.00      105.40      102.50      104.30           217510.00
03/14/2017      105.10      105.70      104.90      105.40           108440.00
03/13/2017      106.00      106.20      105.00      105.10            50820.00
03/10/2017      107.00      107.00      105.10      106.10            90560.00
03/09/2017      105.90      107.00      105.00      107.00           226540.00
03/08/2017      106.20      106.60      104.90      106.00           122260.00
03/07/2017      106.60      106.60      105.60      106.60            95890.00
03/06/2017      107.00      107.00      106.00      106.60           113330.00
03/03/2017      107.00      107.00      106.00      107.00           268860.00
03/02/2017      107.00      107.40      105.60      107.00           214050.00
03/01/2017      107.00      108.00      106.00      107.00           423620.00
02/28/2017      107.00      107.40      105.80      107.40           253360.00
02/27/2017      106.80      106.90      105.00      106.90          1029730.00
02/24/2017      106.80      106.80      106.00      106.80           275410.00
02/23/2017      104.20      107.00      103.10      106.80           290160.00
02/22/2017      106.60      107.00      103.60      104.20           408300.00
02/21/2017      107.50      107.50      106.30      106.60           287630.00
02/20/2017      107.00      107.60      106.00      107.50           513270.00
02/17/2017      106.00      107.00      105.50      107.00           444870.00
02/16/2017      104.70      107.10      104.30      106.60           532550.00
02/15/2017      104.10      105.50      104.00      104.80           537520.00
02/14/2017      103.20      104.30      102.70      104.20           220850.00
02/13/2017      103.00      104.20      102.90      103.20            84160.00
02/10/2017      104.00      104.40      102.80      103.00           163820.00
02/09/2017      103.00      104.00      101.30      104.00           441150.00
02/08/2017      103.00      103.60      102.60      102.80           396090.00
02/07/2017      102.60      103.20      102.40      103.00           616450.00
02/06/2017       99.50      102.20       99.40      102.20          1346690.00
02/03/2017       99.00      100.00       99.00       99.50           209850.00
02/02/2017       99.00       99.45       98.05       98.85           223780.00
02/01/2017       99.00       99.00       98.30       98.80           105750.00
01/31/2017       99.15       99.15       97.30       98.00           143190.00
01/30/2017       99.00       99.40       98.90       99.15            88990.00
01/27/2017       98.95      100.00       98.00       99.00           316930.00
01/26/2017       99.20       99.20       97.65       98.95           381120.00
01/25/2017       99.70      101.50       99.00       99.00           733650.00
01/24/2017       99.00       99.70       98.30       99.00           448770.00
01/23/2017       97.70       99.00       97.00       99.00           402290.00
01/20/2017       98.00       98.05       96.60       98.00           255670.00
01/19/2017       97.00       98.00       96.00       98.00            53160.00
01/18/2017       97.00       97.00       95.50       97.00           241540.00
01/17/2017       98.00       98.00       97.00       97.00            85880.00
01/16/2017       98.00       98.80       97.05       98.50            65700.00
01/13/2017       99.10       99.10       97.50       98.80           208850.00
01/12/2017       99.50       99.50       98.15       99.10           214990.00
01/11/2017       99.55       99.60       97.90       99.50           186250.00
01/10/2017       94.90       99.90       94.90       99.55           726490.00
01/09/2017       95.90       96.30       94.50       95.15           224710.00
01/06/2017       97.50       98.00       96.50       97.70           304640.00
01/05/2017       96.00       99.00       95.90       97.80           437230.00
01/04/2017       93.10       97.00       93.05       96.50           390440.00
01/03/2017       92.30       94.00       92.30       93.00            59760.00
12/29/2016       95.80       97.00       92.30       92.30           363040.00
12/28/2016       93.50       95.95       92.50       95.75           209730.00
12/27/2016       91.00       94.00       90.65       92.50            97000.00
12/23/2016       91.20       92.00       90.00       91.00           316250.00
12/22/2016       94.00       94.00       91.70       92.00           557090.00
12/21/2016       97.80       97.80       94.90       94.90           318980.00
12/20/2016       94.80       99.00       91.00       99.00           400710.00
12/19/2016       99.70       99.70       95.00       95.00           200180.00
12/16/2016      100.40      100.40       99.00      100.00           345320.00
12/15/2016       99.80      101.60       96.00      100.50          1117900.00
12/14/2016       96.00      100.20       96.00       99.85          1105810.00
12/13/2016       94.80       96.50       93.00       96.00           698590.00
12/12/2016       94.90       95.10       91.95       94.90           408240.00
12/09/2016       91.00       96.50       91.00       94.90           968430.00
12/08/2016       87.15       91.00       87.15       91.00           800160.00
12/07/2016       85.65       87.00       85.60       87.00           551590.00
12/06/2016       85.20       85.60       84.80       85.60           169340.00
12/05/2016       85.00       85.50       80.05       85.50           416830.00
12/02/2016       84.60       85.40       84.40       85.40           401580.00
12/01/2016       84.20       85.45       84.00       84.60           835090.00
11/29/2016       83.50       85.00       82.95       84.00           410160.00
11/28/2016       83.00       84.25       82.00       83.50           275710.00
11/25/2016       81.30       84.00       81.30       83.00           289920.00
11/24/2016       80.15       81.30       79.05       81.30           420350.00
11/23/2016       80.00       80.15       79.80       80.15           172390.00
11/22/2016       80.15       80.15       79.90       80.10           190970.00
11/21/2016       80.10       80.15       79.90       80.15           144730.00
11/18/2016       80.15       80.15       79.75       80.10            78240.00
11/17/2016       80.15       80.30       79.50       80.15            62410.00
11/16/2016       80.50       80.50       79.50       80.15           202340.00
11/15/2016       80.00       80.90       79.90       80.20           153200.00
11/14/2016       80.20       80.30       79.40       80.30           119890.00
11/11/2016       80.30       81.00       79.50       80.30           290880.00
11/10/2016       80.50       80.50       79.85       80.30           100530.00
11/09/2016       80.15       80.50       79.65       80.50           115270.00
11/08/2016       80.30       80.30       79.85       80.20           116350.00
11/07/2016       80.30       80.30       79.50       80.30           624150.00
11/04/2016       80.00       80.30       79.60       80.30           354910.00
11/03/2016       80.45       80.45       79.05       80.30           151040.00
11/02/2016       80.45       80.50       79.40       80.50           136590.00
10/28/2016       80.30       80.50       79.50       80.50            71890.00
10/27/2016       80.40       80.40       79.85       80.30           148100.00
10/26/2016       80.00       80.40       80.00       80.40            86300.00
10/25/2016       80.50       80.50       79.80       80.50            66140.00
10/24/2016       80.10       80.50       79.05       80.50           156530.00
10/21/2016       80.50       80.50       80.20       80.30           127090.00
10/20/2016       80.85       80.85       80.10       80.60            74100.00
10/19/2016       80.90       81.00       80.00       80.65           284030.00
10/18/2016       81.00       81.00       79.75       80.90           161990.00
10/17/2016       80.00       81.00       80.00       81.00            80770.00
10/14/2016       80.00       81.00       79.50       81.00           373180.00
10/13/2016       80.50       80.50       79.50       80.00           207150.00
10/12/2016       81.25       81.25       80.50       81.00           119860.00
10/11/2016       81.40       81.40       80.55       81.35            76450.00
10/10/2016       81.00       81.50       80.00       81.40           181930.00
10/07/2016       81.20       81.40       80.00       81.40            95300.00
10/06/2016       81.45       81.50       81.00       81.20            34460.00
10/05/2016       82.00       82.00       80.30       81.40           104640.00
10/04/2016       81.50       82.00       81.00       82.00            57860.00
10/03/2016       81.80       81.90       81.45       81.90            67550.00
09/30/2016       82.10       82.10       81.50       81.60            49770.00
09/29/2016       81.95       82.00       81.00       81.50           258660.00
09/28/2016       80.55       82.00       80.55       82.00           114970.00
09/27/2016       81.40       81.75       80.35       81.75           126420.00
09/26/2016       82.50       82.50       81.00       81.40           132690.00
09/23/2016       82.75       82.80       82.00       82.50           194800.00
09/22/2016       82.50       83.00       81.30       83.00           116770.00
09/21/2016       81.90       82.50       80.60       82.50            57770.00
09/20/2016       82.00       82.05       81.50       82.00           238780.00
09/19/2016       82.00       82.00       80.40       82.00            95840.00
09/16/2016       82.00       82.00       80.90       81.95            64950.00
09/15/2016       83.50       83.50       80.00       82.00           250840.00
09/14/2016       78.50       84.00       78.20       84.00           144470.00
09/13/2016       80.00       80.00       79.00       79.00           206400.00
09/09/2016       81.80       82.00       80.00       80.00           264400.00
09/08/2016       82.00       82.00       80.50       82.00            90070.00
09/07/2016       81.00       82.00       80.00       82.00           128240.00
09/06/2016       83.20       83.20       81.05       81.50           160180.00
09/05/2016       84.00       84.00       82.00       82.00          1425140.00
09/02/2016       83.95       84.40       83.15       84.00           375040.00
09/01/2016       84.25       84.50       83.05       84.50           127270.00
08/31/2016       84.50       86.00       84.00       84.50           714870.00
08/30/2016       84.00       84.50       83.00       84.50           142500.00
08/26/2016       84.00       84.00       83.00       84.00           130810.00
08/25/2016       83.60       84.10       83.20       84.00           107010.00
08/24/2016       83.90       83.90       83.40       83.60           137680.00
08/23/2016       84.00       85.00       83.10       83.90            88240.00
08/22/2016       83.65       83.95       82.85       83.95           147850.00
08/19/2016       85.00       85.00       83.60       84.00           340810.00
08/18/2016       85.95       86.00       85.05       85.75            83150.00
08/17/2016       86.00       86.10       85.00       86.00           149080.00
08/16/2016       84.30       86.00       84.00       86.00           700220.00
08/15/2016       84.00       84.30       83.00       84.30           204810.00
08/12/2016       83.00       84.30       82.65       84.30           182980.00
08/11/2016       84.30       84.30       83.30       84.00            73060.00
08/10/2016       84.20       84.30       83.20       84.30           275350.00
08/09/2016       82.60       84.35       82.05       84.30           453050.00
08/08/2016       82.10       82.50       81.90       82.50           122080.00
08/05/2016       82.00       82.15       81.50       82.10           101340.00
08/04/2016       82.50       82.50       80.70       82.00           100890.00
08/03/2016       81.90       82.50       80.45       82.50           215280.00
08/02/2016       82.95       82.95       81.20       81.95           104050.00
08/01/2016       82.00       83.00       81.55       81.55            63800.00
07/29/2016       83.00       83.15       82.00       82.00            78190.00
07/28/2016       82.30       83.10       81.95       83.00           172140.00
07/27/2016       82.00       83.20       81.60       82.35           194380.00
07/26/2016       83.00       83.25       81.50       82.30           346230.00
07/25/2016       83.00       84.15       82.95       83.00           415670.00
07/22/2016       81.55       83.50       81.55       83.00           570540.00
07/21/2016       80.05       82.25       80.05       81.55           707390.00
07/20/2016       78.30       81.15       78.10       80.00          1050330.00
07/19/2016       78.00       78.50       77.80       78.00           122970.00
07/18/2016       77.95       78.25       77.85       78.00           139280.00
07/15/2016       77.90       78.50       77.70       78.00           289020.00
07/14/2016       77.95       78.00       77.70       77.90            99340.00
07/13/2016       78.10       78.40       77.80       78.00           108320.00
07/12/2016       78.40       78.50       77.80       78.00           144510.00
07/11/2016       78.25       78.50       77.70       78.45           118880.00
07/08/2016       78.45       78.45       77.50       78.25           817310.00
07/07/2016       78.45       78.55       77.95       78.35           373710.00
07/05/2016       79.05       79.05       77.60       78.45           130240.00
07/04/2016       78.80       79.70       78.10       79.05           186190.00
07/01/2016       78.65       78.75       77.70       78.75            64050.00
06/30/2016       78.15       79.00       77.95       78.35           340770.00
06/29/2016       78.00       78.45       77.40       78.15            39960.00
06/28/2016       77.00       78.50       77.00       78.00            26550.00
06/27/2016       77.00       78.85       76.20       77.05           155490.00
06/24/2016       79.00       79.00       76.00       77.00           316510.00
06/23/2016       78.00       79.00       78.00       79.00           104530.00
06/22/2016       78.85       78.85       78.00       78.00           116120.00
06/21/2016       79.00       79.00       78.30       78.85           226230.00
06/20/2016       78.70       79.80       78.30       78.85           300760.00
06/17/2016       79.15       79.40       78.70       78.70           109260.00
06/16/2016       79.80       79.80       78.55       79.00           494420.00
06/15/2016       79.50       80.00       78.30       79.80           263820.00
06/14/2016       79.10       79.80       78.05       79.80           171920.00
06/13/2016       79.80       80.00       77.20       80.00           393600.00
06/10/2016       79.60       80.00       78.90       79.00           158110.00
06/09/2016       80.15       80.15       79.05       79.50           199900.00
06/08/2016       78.50       81.30       78.00       80.15           834110.00
06/07/2016       78.30       78.90       78.05       78.60           292090.00
06/06/2016       78.00       78.60       78.00       78.40           285690.00
06/03/2016       76.50       77.95       76.40       77.95           193420.00
06/02/2016       79.75       79.75       76.35       76.50           993300.00
06/01/2016       81.00       81.50       79.55       79.75           407990.00
05/31/2016       81.25       82.80       80.85       82.00          2201540.00
05/30/2016       76.50       80.70       75.90       80.30          2128260.00
05/27/2016       74.00       76.00       73.95       75.90           478620.00
05/26/2016       73.60       73.80       73.20       73.80           141050.00
05/25/2016       72.00       73.45       72.00       73.40           272580.00
05/24/2016       72.90       72.90       71.50       72.25            58160.00
05/23/2016       73.40       73.40       71.00       73.00           130260.00
05/20/2016       72.00       73.40       71.00       73.40            85840.00
05/19/2016       74.00       74.00       72.00       72.00           188670.00
05/18/2016       74.00       74.00       73.50       74.00           127280.00
05/17/2016       73.60       74.50       73.60       74.00           293440.00
05/16/2016       71.00       74.00       71.00       73.20           450960.00
05/13/2016       71.00       71.40       70.50       70.50           219740.00
05/12/2016       69.95       70.50       69.75       70.00           101490.00
05/11/2016       66.90       70.00       66.90       69.95           310560.00
05/10/2016       66.80       66.80       66.00       66.40           552300.00
05/06/2016       68.50       68.50       66.80       66.95           260390.00
05/05/2016       68.50       68.90       67.90       68.50            35770.00
05/04/2016       68.20       68.30       67.05       68.30            46520.00
05/03/2016       67.95       69.00       67.90       68.20            71780.00
05/02/2016       67.80       68.00       66.05       67.50           156400.00
04/29/2016       66.30       67.00       65.00       67.00           363960.00
04/28/2016       68.00       69.30       66.30       66.30           160890.00
04/27/2016       69.90       69.90       67.00       67.70           261420.00
04/26/2016       71.75       71.75       69.55       70.00            89120.00
04/25/2016       74.00       74.00       71.75       71.75           176130.00
04/22/2016       75.00       75.00       74.00       74.05            31470.00
04/21/2016       74.00       74.80       74.00       74.80            65860.00
04/20/2016       74.70       74.70       74.00       74.00            50350.00
04/19/2016       74.55       74.90       74.45       74.80            68840.00
04/18/2016       75.35       75.35       74.50       74.55            95410.00
04/15/2016       75.80       75.80       74.45       75.35            82230.00
04/14/2016       76.00       76.50       75.60       76.00           148520.00
04/13/2016       76.55       76.65       76.00       76.30           164610.00
04/12/2016       76.50       76.75       76.40       76.60           100240.00
04/11/2016       76.50       76.60       76.15       76.50           193930.00
04/08/2016       76.60       76.80       76.10       76.75            93000.00
04/07/2016       76.00       77.00       76.00       77.00           196960.00
04/06/2016       76.50       76.60       76.05       76.60           101520.00
04/05/2016       76.20       76.60       76.00       76.60            82930.00
04/04/2016       76.60       76.60       75.90       76.60            94410.00
04/01/2016       76.00       77.00       75.85       76.50           272540.00
03/31/2016       76.05       77.50       76.05       77.00           170010.00
03/30/2016       77.35       77.90       76.60       77.50           179440.00
03/29/2016       76.90       77.50       76.20       77.50           267530.00
03/28/2016       77.00       77.00       76.05       76.80            74670.00
03/23/2016       76.85       77.00       76.05       77.00           127140.00
03/22/2016       77.45       77.45       76.65       76.90           180350.00
03/21/2016       77.00       77.50       76.55       77.50          1864050.00
03/18/2016       77.70       77.95       77.50       77.50           242510.00
03/17/2016       77.50       78.00       77.10       78.00           603750.00
03/16/2016       77.00       77.90       76.00       77.90           344020.00
03/15/2016       74.95       77.50       73.70       77.50           573290.00
03/14/2016       75.20       75.40       72.50       75.00           746960.00
03/11/2016       78.00       78.00       75.50       75.60          1028590.00
03/10/2016       78.50       78.50       78.00       78.00           342510.00
03/09/2016       77.00       79.20       76.10       78.60           825310.00
03/08/2016       76.00       77.00       74.70       77.00           675290.00
03/07/2016       74.30       76.00       73.05       76.00           574850.00
03/04/2016       74.80       74.80       74.35       74.80           296900.00
03/03/2016       75.00       75.00       74.35       75.00           553400.00
03/02/2016       74.00       75.00       73.90       75.00          1041370.00
03/01/2016       74.80       74.80       73.40       74.00           542920.00
02/29/2016       70.60       74.80       70.60       74.80          1141840.00
02/26/2016       70.00       72.00       68.75       72.00           501270.00
02/24/2016       68.85       70.00       67.05       70.00           727410.00
02/23/2016       70.00       70.00       68.70       69.00           506870.00
02/22/2016       71.35       71.90       68.90       70.00           536990.00
02/19/2016       71.70       72.20       71.35       71.35           450140.00
02/18/2016       71.05       73.10       71.05       73.10           830630.00
02/17/2016       72.60       73.00       70.60       72.50           517410.00
02/16/2016       73.10       73.60       73.00       73.00           537410.00
02/15/2016       73.00       74.50       72.90       73.55          1227460.00
02/12/2016       73.20       74.50       72.90       73.00          2775680.00
02/11/2016       73.00       74.00       72.60       74.00          1075500.00
02/10/2016       72.40       73.80       72.05       73.80           782700.00
02/09/2016       72.50       73.00       70.95       73.00          1182410.00
02/05/2016       73.35       73.40       72.55       73.00           780850.00
02/04/2016       71.00       73.50       70.30       73.40          1085950.00
02/03/2016       69.10       71.90       68.55       71.90           729840.00
02/02/2016       71.05       71.05       67.30       71.00          1029850.00
02/01/2016       73.00       73.85       71.55       72.00          1401730.00
01/29/2016       70.00       73.10       69.50       72.90          1752520.00
01/28/2016       68.00       70.00       66.60       70.00          1649980.00
01/27/2016       63.85       68.00       63.80       68.00          1569590.00
01/26/2016       61.90       63.95       61.05       63.95           911940.00
01/25/2016       59.80       62.00       59.15       62.00          1274320.00
01/22/2016       58.70       60.00       58.70       60.00           686310.00
01/21/2016       59.15       60.00       56.20       60.00           702320.00
01/20/2016       59.60       59.65       59.10       59.50           302770.00
01/19/2016       59.40       59.90       59.25       59.80           390740.00
01/18/2016       59.40       59.90       58.50       59.90           535190.00
01/15/2016       60.00       60.00       58.20       60.00          1110240.00
01/14/2016       58.50       60.00       57.00       60.00          1238820.00
01/13/2016       52.00       60.00       52.00       60.00           693270.00
01/12/2016       51.85       52.00       51.50       52.00           599200.00
01/11/2016       52.00       52.00       50.60       52.00           543850.00
01/08/2016       51.90       52.00       51.40       52.00           536220.00
01/07/2016       51.00       52.00       50.90       52.00           432960.00
01/06/2016       50.00       52.00       50.00       52.00           479150.00
01/05/2016       49.30       51.80       48.10       51.80           374800.00
01/04/2016       49.95       49.95       47.50       49.95           226800.00
12/29/2015       49.80       49.90       49.00       49.90           326600.00
12/28/2015       48.90       49.80       48.00       49.80           208100.00
12/23/2015       46.60       49.00       46.60       49.00           248200.00
12/22/2015       46.70       47.10       46.50       46.50           171200.00
12/21/2015       47.00       47.00       45.60       46.70           174300.00
12/18/2015       44.80       47.10       44.60       47.10           216600.00
12/17/2015       45.60       46.00       44.65       46.00           314800.00
12/16/2015       44.95       45.60       44.50       45.60           203500.00
12/15/2015       44.50       44.95       44.05       44.95           304700.00
12/14/2015       46.55       46.55       44.50       44.50           634600.00
12/11/2015       47.50       47.50       46.10       46.55           232900.00
12/10/2015       47.60       47.60       46.90       47.50           189200.00
12/09/2015       47.85       47.85       46.60       47.80           177600.00
12/08/2015       47.25       47.95       46.30       47.95           305200.00
12/07/2015       47.00       47.25       46.20       47.25           174700.00
12/04/2015       46.75       47.20       45.90       47.20           192500.00
12/03/2015       47.20       47.20       45.90       46.80           293100.00
12/02/2015       46.80       47.25       45.80       47.25           514900.00
12/01/2015       46.75       46.80       46.30       46.80           173000.00
11/27/2015       47.45       47.45       46.70       46.80           280700.00
11/26/2015       47.00       47.00       46.75       47.00           240900.00
11/25/2015       46.75       47.00       46.75       46.90           440000.00
11/24/2015       47.00       47.05       46.70       47.00           587700.00
11/23/2015       48.00       48.30       47.55       47.55           109300.00
11/20/2015       48.00       48.45       47.65       48.00           135300.00
11/17/2015       47.85       48.50       47.65       48.00           362500.00
11/16/2015       49.00       49.00       47.00       47.95           142600.00
11/13/2015       47.00       49.50       46.25       49.50           749100.00
11/12/2015       47.50       47.50       46.80       47.00           508700.00
11/11/2015       48.00       48.00       47.70       47.70           131800.00
11/10/2015       49.70       49.70       47.75       48.50           175600.00
11/09/2015       49.80       50.00       49.10       49.70           167100.00
11/06/2015       50.35       50.35       49.60       49.80           142580.00
11/05/2015       49.45       51.00       49.45       50.35          1152800.00
11/04/2015       49.20       49.50       49.10       49.20           110600.00
11/03/2015       49.40       49.50       49.00       49.05           221200.00
11/02/2015       49.50       49.60       48.50       49.35            93000.00
10/30/2015       50.40       50.75       48.00       48.00           314010.00
10/29/2015       50.00       52.00       49.15       50.35           750830.00
10/28/2015       49.50       50.00       49.00       50.00           201800.00
10/27/2015       48.35       49.50       48.35       49.50           484500.00
10/26/2015       48.50       48.50       47.80       48.35           424800.00
10/23/2015       48.00       48.50       47.80       48.50           151900.00
10/22/2015       47.70       48.00       46.50       48.00           452900.00
10/21/2015       49.00       49.45       46.50       47.50          1834700.00
10/20/2015       48.60       49.50       48.00       49.50           202100.00
10/19/2015       48.00       48.65       48.00       48.00           236800.00
10/16/2015       46.95       48.00       46.85       48.00           201000.00
10/15/2015       46.00       46.95       45.50       46.95            99300.00
10/14/2015       46.05       46.40       45.15       45.15           262300.00
10/13/2015       48.00       48.00       45.15       45.30           573200.00
10/12/2015       49.00       49.00       47.75       47.75           376800.00
10/09/2015       49.95       49.95       48.60       49.95           137030.00
10/08/2015       47.60       50.00       47.60       50.00           194700.00
10/07/2015       49.45       49.45       47.50       48.00           156900.00
10/06/2015       49.10       50.00       47.10       47.10           267700.00
10/05/2015       48.00       49.85       47.00       49.10           157600.00
10/02/2015       50.00       50.20       47.00       47.00           290700.00
10/01/2015       49.00       50.50       48.50       49.60           326900.00
09/30/2015       47.20       50.00       47.15       48.50           513500.00
09/29/2015       46.35       48.20       44.50       47.20           132100.00
09/28/2015       48.40       48.40       46.00       46.35           355330.00
09/24/2015       44.40       50.75       43.90       50.75           445400.00
09/23/2015       44.00       44.70       43.50       44.40          3449200.00
09/22/2015       45.20       45.80       43.90       44.00           512700.00
09/21/2015       46.05       46.05       45.10       45.10           292000.00
09/18/2015       45.35       46.00       45.35       45.80           552600.00
09/17/2015       45.15       45.85       45.15       45.30           330300.00
09/16/2015       46.00       46.80       45.15       45.15           318000.00
09/15/2015       46.95       47.00       45.20       45.20           325800.00
09/14/2015       48.05       49.00       46.95       46.95           275700.00
09/11/2015       50.00       50.00       48.05       48.05           183800.00
09/10/2015       49.20       49.20       48.75       49.05            84800.00
09/09/2015       49.00       49.00       48.70       48.90            76700.00
09/08/2015       49.40       49.50       48.55       48.65           103800.00
09/07/2015       49.00       49.85       48.70       49.00            75000.00
09/04/2015       50.50       50.50       48.70       48.70           749800.00
09/03/2015       51.00       51.70       50.05       50.25           125810.00
09/02/2015       51.80       51.80       49.50       50.25           180800.00
09/01/2015       52.05       52.50       49.50       50.10           594030.00
08/28/2015       51.20       53.00       51.20       52.00           185850.00
08/27/2015       51.10       52.15       50.85       50.85           467810.00
08/26/2015       52.50       52.50       50.45       51.05           436080.00
08/25/2015       53.10       53.20       51.00       52.60           307930.00
08/24/2015       55.40       55.40       53.05       53.30           254930.00
08/20/2015       56.00       56.00       55.40       56.00            65820.00
08/19/2015       55.00       56.00       54.90       56.00            62640.00
08/18/2015       55.60       55.75       55.00       55.75           188760.00
08/17/2015       55.65       56.00       54.50       55.60           344240.00
08/14/2015       56.00       56.00       55.55       55.65           170900.00
08/13/2015       55.85       56.00       55.80       56.00           107060.00
08/12/2015       55.75       56.00       55.50       56.00           278770.00
08/11/2015       56.10       56.80       55.70       55.80           277870.00
08/10/2015       55.80       56.35       55.65       55.65           102070.00
08/07/2015       55.85       56.00       55.75       55.80           386000.00
08/06/2015       55.85       56.00       55.60       55.75           443260.00
08/05/2015       55.80       56.95       55.55       55.85           298210.00
08/04/2015       56.20       56.25       55.60       55.60           359240.00
08/03/2015       56.30       57.00       56.20       56.20           384180.00
07/31/2015       56.60       58.00       56.30       56.30           167590.00
07/30/2015       56.50       57.00       56.50       56.60            65730.00
07/29/2015       57.00       57.05       56.35       56.50           204810.00
07/28/2015       58.80       58.80       56.05       57.00           135960.00
07/27/2015       58.80       58.85       57.95       58.75           288270.00
07/24/2015       58.35       58.95       58.35       58.85           204020.00
07/23/2015       58.40       58.40       58.15       58.15           119680.00
07/22/2015       58.80       58.90       58.20       58.30           130710.00
07/21/2015       59.85       59.85       58.30       58.30           270400.00
07/20/2015       60.00       60.00       59.00       59.00            87800.00
07/16/2015       59.95       60.00       59.50       60.00            55180.00
07/15/2015       60.00       60.10       59.50       59.50            99840.00
07/14/2015       60.50       60.50       59.95       60.00           605270.00
07/13/2015       60.00       60.45       60.00       60.10           552280.00
07/10/2015       60.40       60.40       59.50       59.95           202310.00
07/09/2015       60.45       60.45       59.00       59.90           162790.00
07/08/2015       59.75       60.50       59.00       60.50            48470.00
07/07/2015       60.00       60.50       59.00       59.75            22930.00
07/06/2015       59.50       60.00       59.35       60.00            64530.00
07/03/2015       59.50       60.20       59.10       59.45            86310.00
07/02/2015       59.60       60.60       59.00       59.00           267650.00
07/01/2015       59.85       60.00       59.50       59.60           143610.00
06/30/2015       60.05       60.20       59.30       59.50            95560.00
06/29/2015       61.00       61.00       60.10       60.35           125470.00
06/26/2015       61.35       61.40       60.55       60.55           179230.00
06/25/2015       61.40       61.40       60.70       61.05            84500.00
06/24/2015       60.70       61.45       60.40       60.95            95230.00
06/23/2015       60.65       60.90       60.50       60.50            74800.00
06/22/2015       63.00       63.00       60.50       60.50           386810.00
06/19/2015       60.65       64.45       60.40       64.45           341540.00
06/18/2015       60.50       61.75       60.30       60.65            99900.00
06/17/2015       62.25       62.25       60.30       60.50           212050.00
06/16/2015       61.00       62.30       60.00       62.30           145970.00
06/15/2015       60.50       62.50       59.75       62.50           215780.00
06/11/2015       60.50       61.50       59.90       59.95           166000.00
06/10/2015       60.00       60.00       59.90       60.00           126780.00
06/09/2015       60.00       60.00       59.30       60.00           327770.00
06/08/2015       63.00       63.00       60.50       61.00           519390.00
06/05/2015       63.40       63.40       62.15       62.15           265680.00
06/04/2015       63.20       63.95       63.20       63.40            54220.00
06/03/2015       65.00       65.00       62.55       62.55           406850.00
06/02/2015       65.95       65.95       64.60       65.00           117080.00
06/01/2015       65.00       65.95       63.95       65.95            71980.00
05/29/2015       64.10       65.40       64.00       65.00           109910.00
05/28/2015       65.30       65.90       63.50       64.50           259570.00
05/27/2015       66.00       66.00       64.85       65.30           138020.00
05/26/2015       66.40       66.50       64.90       65.60           289090.00
05/25/2015       65.20       65.80       65.00       65.80           155940.00
05/22/2015       65.30       65.80       65.10       65.20           104810.00
05/21/2015       65.25       66.50       65.15       65.30           194360.00
05/20/2015       66.30       66.30       65.30       65.30           358420.00
05/19/2015       66.25       66.45       66.05       66.15           187130.00
05/18/2015       67.00       67.00       66.25       66.25           247100.00
05/15/2015       66.95       67.00       66.50       66.50           133760.00
05/14/2015       66.50       67.00       65.95       66.95           320820.00
05/13/2015       66.50       67.05       66.50       66.50           174890.00
05/12/2015       67.95       67.95       66.45       66.45           159440.00
05/11/2015       66.85       68.10       66.75       67.95           225910.00
05/08/2015       67.20       67.20       66.85       66.85           321620.00
05/07/2015       67.25       67.70       67.20       67.20           130920.00
05/06/2015       67.60       68.00       67.15       67.25           139070.00
05/05/2015       67.95       68.00       67.15       67.40           173940.00
05/04/2015       69.00       69.00       67.75       67.95            99350.00
04/30/2015       69.00       69.00       67.75       68.50           184960.00
04/29/2015       68.00       69.05       67.70       69.00           307150.00
04/28/2015       68.50       68.50       67.50       67.70           229630.00
04/27/2015       68.35       69.80       67.60       67.60           510810.00
04/24/2015       69.50       69.50       68.00       68.00           210130.00
04/23/2015       69.20       69.20       68.55       68.55            79790.00
04/22/2015       69.55       69.55       68.60       69.20           282530.00
04/21/2015       70.00       70.00       69.00       69.50           510340.00
04/20/2015       68.15       70.25       68.15       69.55           854470.00
04/17/2015       68.80       69.85       68.15       69.40           390770.00
04/16/2015       70.25       70.75       67.80       67.80           390550.00
04/15/2015       71.10       71.55       69.50       69.55           724200.00
04/14/2015       70.45       71.60       70.30       71.10          1460930.00
04/13/2015       67.60       71.80       67.50       71.80          1326930.00
04/10/2015       67.90       68.00       67.20       67.70           367240.00
04/08/2015       68.00       68.00       67.10       67.20           405820.00
04/07/2015       68.00       68.00       67.60       67.80           181610.00
04/06/2015       68.55       68.90       67.00       68.00           286570.00
04/01/2015       67.65       68.00       66.80       67.00           291490.00
03/31/2015       68.00       68.00       67.25       67.45           288140.00
03/30/2015       68.00       68.25       67.50       68.00           465160.00
03/27/2015       68.00       69.00       67.00       67.00           808920.00
03/26/2015       68.15       68.50       67.50       67.65           669990.00
03/25/2015       68.90       68.90       68.00       68.15           447640.00
03/24/2015       68.55       68.90       68.00       68.30           811500.00
03/23/2015       68.00       69.75       68.00       68.50           712290.00
03/20/2015       70.30       70.30       66.70       67.95         16518400.00
03/19/2015       71.55       71.70       70.10       70.30           461910.00
03/18/2015       71.90       71.90       71.40       71.55           174400.00
03/17/2015       73.00       73.00       70.80       71.90           411630.00
03/16/2015       75.30       75.40       73.00       73.00            62730.00
03/13/2015       75.00       75.00       73.00       73.00           253660.00
03/12/2015       74.00       75.00       74.00       74.50            75130.00
03/11/2015       74.45       75.75       74.05       74.05            41750.00
03/10/2015       74.50       74.80       74.25       74.45            88750.00
03/09/2015       74.20       74.50       74.00       74.45           181440.00
03/06/2015       75.00       75.00       74.10       74.20           309480.00
03/05/2015       75.60       76.85       75.00       75.00           608880.00
03/04/2015       77.70       77.70       76.30       76.35           405260.00
03/03/2015       78.20       78.20       77.20       77.30           163550.00
03/02/2015       77.50       78.50       77.40       78.10            55850.00
02/27/2015       77.90       77.90       77.40       77.50           135960.00
02/26/2015       78.00       78.10       77.50       78.00           152260.00
02/25/2015       78.65       78.65       77.50       78.00           106950.00
02/24/2015       77.25       78.70       77.20       77.90           141990.00
02/23/2015       77.50       77.50       77.20       77.25           169730.00
02/20/2015       77.20       77.95       77.10       77.50            49160.00
02/18/2015       77.60       77.80       77.20       77.20           124880.00
02/17/2015       77.40       78.00       77.40       77.60            31260.00
02/16/2015       78.00       78.00       77.40       77.40           189610.00
02/13/2015       78.95       79.00       78.00       78.00           164850.00
02/12/2015       78.00       79.50       78.00       79.15           115330.00
02/11/2015       80.00       80.15       78.00       78.00           187760.00
02/10/2015       81.00       81.00       80.00       80.05           183080.00
02/09/2015       80.70       80.85       80.00       80.75           218330.00
02/06/2015       79.90       81.00       78.05       80.70           353470.00
02/05/2015       77.95       79.95       77.05       79.80           495170.00
02/04/2015       78.15       78.15       76.00       78.00           217410.00
02/03/2015       77.00       78.20       76.05       78.20           171320.00
02/02/2015       76.95       77.00       76.60       77.00           122900.00
01/30/2015       76.90       77.00       75.50       76.15           175000.00
01/29/2015       76.05       76.90       75.30       75.30           182160.00
01/28/2015       77.00       77.00       76.00       76.90           166560.00
01/27/2015       77.10       77.10       76.00       76.00           140100.00
01/26/2015       77.15       77.15       76.85       77.10           141050.00
01/23/2015       77.25       77.25       76.80       77.15            88170.00
01/22/2015       77.25       77.25       76.80       77.25           159250.00
01/21/2015       77.30       77.30       77.00       77.25           241690.00
01/20/2015       77.30       77.30       76.80       77.25           119440.00
01/19/2015       77.00       77.30       76.70       77.20            24620.00
01/14/2015       77.50       77.50       77.00       77.30           122220.00
01/13/2015       77.50       77.65       77.00       77.40           134620.00
01/12/2015       77.50       77.55       76.00       77.50           202410.00
01/09/2015       77.10       78.00       77.10       77.80           376710.00
01/08/2015       77.00       77.45       76.15       77.10           114290.00
01/07/2015       77.45       77.45       76.35       77.00           165230.00
01/06/2015       75.50       77.00       75.45       77.00           184490.00
01/05/2015       74.90       76.50       74.55       76.00            98990.00
