SMPH  1216

12/27/2019       41.50       42.10       41.40       42.10         14600500.00
12/26/2019       42.00       42.00       41.10       41.50          2556400.00
12/23/2019       41.10       41.95       40.90       41.95          6651400.00
12/20/2019       40.40       41.45       38.85       41.45         29671699.00
12/19/2019       40.80       41.00       39.80       40.65          6101500.00
12/18/2019       40.60       40.70       40.10       40.65          8795700.00
12/17/2019       40.90       41.20       40.50       40.50         10598500.00
12/16/2019       41.80       41.90       40.80       40.80          7439300.00
12/13/2019       41.50       41.95       41.30       41.80          7638500.00
12/12/2019       41.00       41.90       40.60       40.60          6356800.00
12/11/2019       40.90       41.95       40.20       41.95          6175400.00
12/10/2019       40.80       41.00       40.65       40.90          5173600.00
12/09/2019       41.00       41.70       40.80       41.00          7602800.00
12/06/2019       40.00       41.20       39.85       40.80         11795900.00
12/05/2019       39.75       40.20       39.75       40.00          7935600.00
12/04/2019       40.10       40.30       39.50       40.20         10056300.00
12/03/2019       39.30       40.50       39.30       40.50          4067300.00
12/02/2019       39.00       40.00       38.90       40.00          9924000.00
11/29/2019       39.00       39.20       38.85       39.00          6758800.00
11/28/2019       39.40       40.00       39.10       39.15          4864400.00
11/27/2019       38.90       39.75       38.85       39.75          6474500.00
11/26/2019       39.20       39.80       38.85       38.90         30312699.00
11/25/2019       38.85       39.40       38.60       39.20          6583200.00
11/22/2019       38.60       39.70       38.40       39.45          7147200.00
11/21/2019       39.70       39.75       38.45       39.00         11666600.00
11/20/2019       39.70       39.80       39.25       39.80          4505300.00
11/19/2019       39.90       39.90       39.55       39.80          4950900.00
11/18/2019       39.70       39.90       39.10       39.90          4391300.00
11/15/2019       39.50       39.90       39.40       39.90          7417900.00
11/14/2019       39.20       39.50       39.10       39.30          3530500.00
11/13/2019       39.75       39.75       39.10       39.15          6301700.00
11/12/2019       39.25       39.90       39.15       39.90          4420300.00
11/11/2019       39.40       39.70       39.05       39.10          6870900.00
11/08/2019       39.80       40.00       39.15       40.00          9048700.00
11/07/2019       39.30       40.10       39.10       40.00          8917300.00
11/06/2019       40.60       40.60       38.80       38.80          7057700.00
11/05/2019       39.15       40.60       39.05       40.60         18480699.00
11/04/2019       39.00       39.50       38.70       39.50         10068900.00
10/31/2019       39.00       39.15       38.90       39.00         13661100.00
10/30/2019       38.95       39.05       38.70       39.05         10102800.00
10/29/2019       38.10       39.00       38.10       39.00          4463700.00
10/28/2019       38.80       38.90       38.00       38.10          5533900.00
10/25/2019       38.95       39.05       38.50       38.85          5776100.00
10/24/2019       38.75       39.00       38.05       39.00          8098100.00
10/23/2019       38.30       38.75       38.05       38.75          4032000.00
10/22/2019       38.00       38.75       38.00       38.50          7857700.00
10/21/2019       38.10       38.50       38.00       38.05          5439100.00
10/18/2019       38.25       38.80       38.25       38.75          3515300.00
10/17/2019       38.55       38.95       38.30       38.95          6492300.00
10/16/2019       38.10       38.90       38.00       38.65          5829500.00
10/15/2019       39.00       39.10       38.10       38.10          5289200.00
10/14/2019       38.80       39.25       38.80       39.20          7940500.00
10/11/2019       38.45       38.90       38.20       38.80          6410300.00
10/10/2019       38.00       38.50       37.80       38.50          6534700.00
10/09/2019       38.00       38.00       37.50       37.55          5262700.00
10/08/2019       38.00       38.80       37.85       38.20         21687801.00
10/07/2019       37.70       37.95       37.00       37.95          5093700.00
10/04/2019       37.00       37.75       36.35       37.75          6688400.00
10/03/2019       36.30       36.30       35.50       36.30          6324500.00
10/02/2019       36.80       36.95       36.25       36.45          6841700.00
10/01/2019       37.00       37.20       36.45       37.10          5430500.00
09/30/2019       36.50       37.20       36.10       37.20          8233100.00
09/27/2019       37.20       37.20       36.25       36.50          4168500.00
09/26/2019       37.10       37.35       36.65       37.10          4757000.00
09/25/2019       36.60       37.20       35.95       37.20          9081800.00
09/24/2019       35.50       36.70       35.50       36.70        103907398.00
09/23/2019       34.75       35.50       34.70       35.45         26175400.00
09/20/2019       35.40       35.45       34.75       34.75         18972801.00
09/19/2019       35.10       35.45       34.85       35.45          4148800.00
09/18/2019       35.35       35.35       34.75       35.00          6705500.00
09/17/2019       34.50       35.40       34.10       35.40         11214500.00
09/16/2019       34.35       34.65       34.10       34.65          7937900.00
09/13/2019       34.30       34.80       34.30       34.50          8859400.00
09/12/2019       34.60       34.80       34.20       34.20          6126200.00
09/11/2019       34.65       34.65       34.30       34.50         18621301.00
09/10/2019       34.90       34.90       34.25       34.65          8807500.00
09/09/2019       35.00       35.00       34.50       35.00          4643200.00
09/06/2019       34.45       34.85       34.45       34.55          9973500.00
09/05/2019       34.55       34.90       34.05       34.05          9368400.00
09/04/2019       34.50       34.50       34.05       34.15          9033300.00
09/03/2019       35.00       35.00       34.10       34.10         18809000.00
09/02/2019       35.30       35.45       34.90       35.00         11214400.00
08/30/2019       35.00       35.80       35.00       35.30         19065400.00
08/29/2019       35.20       35.50       35.00       35.00          9039700.00
08/28/2019       34.65       35.05       34.45       35.05          7017100.00
08/27/2019       34.85       35.20       34.50       34.65         31057199.00
08/23/2019       34.70       35.00       34.45       34.80          7672700.00
08/22/2019       35.85       35.85       34.65       35.00         15420500.00
08/20/2019       34.75       35.70       34.70       35.70         11271800.00
08/19/2019       34.55       35.00       34.35       34.75         15769000.00
08/16/2019       34.10       35.25       34.10       34.10         27162301.00
08/15/2019       35.00       35.05       34.00       34.50         21786000.00
08/14/2019       35.00       35.90       35.00       35.50         14396300.00
08/13/2019       35.50       35.90       34.45       34.70         20577301.00
08/09/2019       36.50       36.70       35.50       35.50          5528400.00
08/08/2019       36.85       36.95       36.40       36.50          9664000.00
08/07/2019       36.05       36.80       36.05       36.80         15407400.00
08/06/2019       36.00       36.50       35.55       35.90         14550000.00
08/05/2019       37.60       37.60       36.00       36.00          8642400.00
08/02/2019       37.80       37.80       36.85       37.60          7433900.00
08/01/2019       36.50       38.00       36.50       38.00          6341800.00
07/31/2019       37.70       37.70       36.50       36.50         17479900.00
07/30/2019       38.20       38.20       37.50       37.50         19576000.00
07/29/2019       37.55       38.20       37.50       38.20          6651100.00
07/26/2019       37.85       38.05       37.50       37.50          7252600.00
07/25/2019       37.50       37.95       37.50       37.80          4377800.00
07/24/2019       37.75       38.25       37.50       37.50          7293500.00
07/23/2019       38.10       38.30       37.80       37.80          5549500.00
07/22/2019       38.15       38.50       37.75       37.90          9283300.00
07/19/2019       38.75       38.85       38.50       38.70          6279000.00
07/18/2019       38.95       38.95       38.30       38.30          6807000.00
07/17/2019       39.25       39.25       38.65       38.70          4155900.00
07/16/2019       39.50       39.70       39.20       39.25         11258500.00
07/15/2019       38.35       39.50       38.35       39.50         11488600.00
07/12/2019       39.20       39.25       38.30       38.30          7380400.00
07/11/2019       38.60       39.30       38.50       39.20          7399800.00
07/10/2019       38.45       38.65       38.25       38.50          2926200.00
07/09/2019       37.85       38.45       37.85       38.45          2923400.00
07/08/2019       38.25       38.30       37.80       37.80          5707000.00
07/05/2019       38.00       38.40       38.00       38.25          4983200.00
07/04/2019       38.05       38.30       37.90       38.00         10628500.00
07/03/2019       37.85       38.30       37.85       38.05         10875400.00
07/02/2019       38.00       38.40       37.70       38.00         12162200.00
07/01/2019       37.30       38.00       37.30       38.00          6111400.00
06/28/2019       38.00       38.20       37.10       37.10         21544000.00
06/27/2019       37.80       38.15       37.80       37.90         20349199.00
06/26/2019       38.05       38.20       37.75       37.80          9262900.00
06/25/2019       38.50       38.90       38.00       38.00         10669700.00
06/24/2019       38.60       38.75       38.40       38.45          7021300.00
06/21/2019       38.40       38.80       38.30       38.30         29575801.00
06/20/2019       38.20       38.50       38.20       38.35          8634300.00
06/19/2019       38.40       38.75       38.20       38.40         10989700.00
06/18/2019       38.25       38.75       38.00       38.10          6719300.00
06/17/2019       39.20       39.20       38.30       38.30          4570100.00
06/14/2019       39.10       39.10       38.40       39.00         10061000.00
06/13/2019       39.90       39.90       38.90       39.05          7888400.00
06/11/2019       39.55       40.30       39.25       39.25          5982000.00
06/10/2019       39.35       39.70       39.35       39.70          5488400.00
06/07/2019       39.15       39.50       38.95       39.35          2753100.00
06/06/2019       39.35       39.35       39.00       39.15          8494100.00
06/04/2019       40.20       40.20       39.00       39.00          5390000.00
06/03/2019       39.60       40.70       39.30       40.25         12859500.00
05/31/2019       39.30       39.80       39.15       39.80          7313100.00
05/30/2019       38.90       40.00       38.90       39.00         12290300.00
05/29/2019       39.30       39.95       39.15       39.20          8876200.00
05/28/2019       38.40       39.30       38.15       39.25         22065801.00
05/27/2019       38.65       38.80       38.15       38.40          9197800.00
05/24/2019       39.30       39.30       38.75       38.80          8233100.00
05/23/2019       39.35       39.50       38.80       39.40          3749300.00
05/22/2019       39.45       39.95       38.90       39.35         11113200.00
05/21/2019       39.40       39.85       38.80       39.45          5198800.00
05/20/2019       39.10       39.40       38.25       39.40          7410300.00
05/17/2019       38.00       39.25       38.00       39.10          9628000.00
05/16/2019       37.55       38.40       37.50       37.95         10943200.00
05/15/2019       38.55       38.85       37.50       37.50          7148600.00
05/14/2019       38.45       38.50       37.05       38.40         16851100.00
05/10/2019       38.60       39.65       38.50       38.50         11533800.00
05/09/2019       39.50       39.50       38.65       38.65         12593900.00
05/08/2019       40.05       40.05       38.90       39.50         10024600.00
05/07/2019       40.05       40.30       39.75       40.05          4639400.00
05/06/2019       40.90       40.90       39.75       40.10          6142900.00
05/03/2019       41.80       41.90       40.90       40.90          4073000.00
05/02/2019       41.50       42.50       41.15       41.80         17330301.00
04/30/2019       40.50       41.70       40.50       41.45          8093000.00
04/29/2019       41.00       41.00       40.50       40.50          4584100.00
04/26/2019       40.90       41.80       40.55       40.90          6200600.00
04/25/2019       40.00       40.80       39.65       40.80         10315000.00
04/24/2019       39.85       40.00       39.20       40.00          5467900.00
04/23/2019       39.25       39.95       39.00       39.95          4230800.00
04/22/2019       39.90       39.95       39.10       39.25          3434000.00
04/17/2019       39.90       39.90       39.55       39.60          2935300.00
04/16/2019       39.00       39.90       39.00       39.90          4971400.00
04/15/2019       39.00       39.50       38.90       38.95          6793300.00
04/12/2019       39.60       39.65       38.85       39.00          6895000.00
04/11/2019       39.55       39.95       39.55       39.65          3280700.00
04/10/2019       39.90       40.10       39.30       39.95         10922500.00
04/08/2019       39.10       39.80       39.00       39.30          4653400.00
04/05/2019       39.50       39.65       38.95       38.95          2111700.00
04/04/2019       39.35       39.60       39.35       39.50          3970300.00
04/03/2019       39.35       39.65       39.20       39.35          4402800.00
04/02/2019       39.35       39.75       39.35       39.40          6327200.00
04/01/2019       39.90       39.90       38.90       39.05          5393400.00
03/29/2019       39.60       39.95       39.50       39.90         10241600.00
03/28/2019       39.60       39.65       39.40       39.55          4077400.00
03/27/2019       39.55       39.70       39.10       39.55          3216300.00
03/26/2019       39.45       39.50       39.15       39.50          4992500.00
03/25/2019       39.00       39.45       38.90       39.45          8022400.00
03/22/2019       39.30       39.80       39.25       39.50         10501500.00
03/21/2019       39.40       39.40       39.10       39.30          6207300.00
03/20/2019       39.15       39.40       38.80       39.40          5588000.00
03/19/2019       39.10       39.45       38.70       39.00          9048300.00
03/18/2019       38.30       39.15       38.00       39.15          5936600.00
03/15/2019       37.00       38.40       37.00       38.40         18543000.00
03/14/2019       37.10       37.75       37.10       37.10          4177300.00
03/13/2019       37.10       37.75       37.00       37.65          8928100.00
03/12/2019       38.00       38.40       36.70       36.70         11214000.00
03/11/2019       38.30       38.35       37.80       38.00          5358200.00
03/08/2019       38.55       38.80       38.10       38.10          2164300.00
03/07/2019       38.60       38.65       38.05       38.65          2670100.00
03/06/2019       37.45       38.70       37.45       38.70          4206300.00
03/05/2019       38.50       38.50       37.35       37.35          7699000.00
03/04/2019       37.80       38.50       37.30       38.50          7501600.00
03/01/2019       38.05       38.30       37.50       37.95          8648000.00
02/28/2019       39.00       39.35       38.00       38.35         15471500.00
02/27/2019       39.00       39.30       38.45       38.65          6346400.00
02/26/2019       39.50       39.50       38.85       39.35          6355800.00
02/22/2019       38.15       39.10       38.15       39.10          5361600.00
02/21/2019       38.95       38.95       38.20       38.50          7595600.00
02/20/2019       38.25       38.90       37.95       38.90          8428400.00
02/19/2019       38.35       38.95       37.60       37.65         10520500.00
02/18/2019       38.85       39.20       38.25       38.25          4504200.00
02/15/2019       39.00       39.40       38.95       39.40          4340400.00
02/14/2019       38.85       39.40       38.70       39.40          4587600.00
02/13/2019       39.00       39.00       37.80       38.50          6896800.00
02/12/2019       39.15       39.40       38.40       38.90          5287800.00
02/11/2019       39.00       39.40       38.95       39.30          5017300.00
02/08/2019       38.65       38.80       38.55       38.65          7210300.00
02/07/2019       38.70       39.00       38.70       38.70          5054700.00
02/06/2019       38.60       39.60       38.50       38.50          8189100.00
02/04/2019       39.20       39.50       38.50       38.50          2192400.00
02/01/2019       38.80       39.50       38.65       39.20         10622000.00
01/31/2019       39.10       39.60       38.10       38.10         11119400.00
01/30/2019       39.65       39.65       38.35       39.10         12153700.00
01/29/2019       39.90       39.90       38.70       39.70         11637500.00
01/28/2019       39.60       39.95       39.60       39.95         10371800.00
01/25/2019       39.65       39.90       39.50       39.90          8382300.00
01/24/2019       39.65       39.85       39.30       39.70          7407800.00
01/23/2019       39.05       39.70       38.65       39.70          8835400.00
01/22/2019       39.70       39.70       38.80       39.45         12354300.00
01/21/2019       39.35       39.95       38.80       39.90         11058100.00
01/18/2019       38.15       39.40       38.00       39.40         14067400.00
01/17/2019       36.95       38.30       36.85       38.30         28642100.00
01/16/2019       39.60       39.60       36.00       37.00         43535699.00
01/15/2019       39.50       39.75       39.20       39.75          6844000.00
01/14/2019       38.80       39.60       38.40       39.60          9941100.00
01/11/2019       39.10       39.40       38.65       39.00          7479600.00
01/10/2019       38.70       39.50       38.55       39.45         14200500.00
01/09/2019       38.45       39.00       38.20       38.75         13693300.00
01/08/2019       38.50       38.90       37.80       38.05          6298000.00
01/07/2019       38.55       39.00       38.50       38.95         19640500.00
01/04/2019       37.50       38.50       37.50       38.50         13631900.00
01/03/2019       37.00       38.00       36.50       38.00         10397000.00
01/02/2019       35.85       37.00       35.85       37.00          7795100.00
12/28/2018       35.90       36.05       35.50       35.80          9044100.00
12/27/2018       35.50       36.10       35.40       35.85         10267600.00
12/26/2018       34.85       35.50       34.70       35.50          3999100.00
12/21/2018       35.50       35.80       34.80       35.00         15584900.00
12/20/2018       35.30       36.10       35.30       35.90          9486600.00
12/19/2018       34.50       35.90       34.50       35.90         12486000.00
12/18/2018       34.75       34.95       34.40       34.90         21691600.00
12/17/2018       34.50       35.40       34.40       34.90         10841200.00
12/14/2018       34.95       35.50       34.10       34.60         23026100.00
12/13/2018       35.70       36.00       34.80       34.80          8615800.00
12/12/2018       35.50       35.80       35.15       35.70         33119000.00
12/11/2018       35.45       35.75       35.00       35.50          9670000.00
12/10/2018       35.95       35.95       35.20       35.45          9198700.00
12/07/2018       35.45       36.20       35.45       36.00          4139200.00
12/06/2018       36.55       36.65       35.50       35.50          7439500.00
12/05/2018       36.55       36.95       36.30       36.80         21546100.00
12/04/2018       36.45       37.50       36.30       37.40         21873900.00
12/03/2018       35.35       36.50       35.05       36.50         17323500.00
11/29/2018       34.10       35.40       34.10       34.70         23809600.00
11/28/2018       34.40       34.45       33.55       34.00          6813800.00
11/27/2018       34.35       34.45       33.95       34.40          8634500.00
11/26/2018       33.85       34.80       33.25       34.35          8566100.00
11/23/2018       33.25       34.20       33.10       33.60          7392700.00
11/22/2018       33.30       33.70       33.00       33.25          5869900.00
11/21/2018       33.20       33.40       32.95       33.30          8195200.00
11/20/2018       32.80       33.85       32.50       33.60         11273700.00
11/19/2018       32.65       32.90       32.25       32.90         14573400.00
11/16/2018       31.90       32.65       31.75       32.65         33679699.00
11/15/2018       31.75       31.95       31.55       31.95          9159500.00
11/14/2018       31.65       31.85       31.50       31.75          8464300.00
11/13/2018       32.45       32.45       31.45       31.80         12893200.00
11/12/2018       32.70       33.00       32.50       32.55          8317100.00
11/09/2018       32.80       33.00       32.50       32.70          8047200.00
11/08/2018       32.80       33.00       32.60       32.75         10612400.00
11/07/2018       33.00       33.30       32.55       32.70          9947800.00
11/06/2018       33.65       33.95       33.00       33.00         13985200.00
11/05/2018       34.25       34.75       33.55       33.65         18361301.00
10/31/2018       33.85       34.15       33.70       33.80         27095100.00
10/30/2018       34.35       34.35       33.70       33.75          6445000.00
10/29/2018       34.50       34.50       34.10       34.40          4273500.00
10/26/2018       34.00       34.50       33.90       34.50          4611800.00
10/25/2018       34.40       34.40       33.55       33.70          8383800.00
10/24/2018       34.30       34.80       33.85       34.70          7122400.00
10/23/2018       35.00       35.00       33.95       34.00          8828600.00
10/22/2018       34.15       35.30       34.15       34.90         12715400.00
10/19/2018       34.45       34.50       33.90       34.50          6069700.00
10/18/2018       34.00       34.45       33.80       34.45          5165200.00
10/17/2018       33.80       34.25       33.80       34.00         11037800.00
10/16/2018       33.70       34.00       33.20       33.50          9745800.00
10/15/2018       34.25       34.60       33.70       33.70          5574300.00
10/12/2018       33.70       34.20       33.15       34.20         11504500.00
10/11/2018       34.00       34.00       33.10       33.70          7592300.00
10/10/2018       34.40       34.50       33.75       34.00          5944600.00
10/09/2018       34.00       34.50       34.00       34.40          5623500.00
10/08/2018       34.00       34.60       33.85       34.00          8184800.00
10/05/2018       34.00       34.60       33.95       34.30          7079100.00
10/04/2018       34.60       34.60       34.00       34.10          7871700.00
10/03/2018       34.00       34.65       33.70       34.50          7060900.00
10/02/2018       35.40       35.40       33.50       33.85         19400400.00
10/01/2018       36.00       36.10       35.50       35.65          8529600.00
09/28/2018       37.00       37.10       36.15       36.15         12400100.00
09/27/2018       36.25       37.25       36.25       37.25          4948500.00
09/26/2018       36.40       36.85       35.50       36.85         10380100.00
09/25/2018       36.50       36.90       35.60       35.70          8151300.00
09/24/2018       36.25       37.00       36.25       37.00          1778200.00
09/21/2018       35.95       37.00       35.90       37.00         14766800.00
09/20/2018       36.95       36.95       36.00       36.00          6768600.00
09/19/2018       36.50       37.15       36.05       36.95          7877400.00
09/18/2018       36.85       37.00       36.50       36.50          7170900.00
09/17/2018       36.40       37.30       36.40       37.00          5486800.00
09/14/2018       36.75       37.10       36.30       36.40          7693400.00
09/13/2018       36.90       37.50       36.40       37.50          5140500.00
09/12/2018       36.00       37.00       36.00       36.50          5539800.00
09/11/2018       37.00       37.00       36.10       36.50          3316200.00
09/10/2018       36.60       37.20       35.85       36.50         11438400.00
09/07/2018       37.30       37.30       36.25       36.65         10463800.00
09/06/2018       37.55       37.70       36.50       37.30         11148100.00
09/05/2018       38.05       38.45       37.55       37.75         11356200.00
09/04/2018       38.45       39.00       38.40       38.70          6104800.00
09/03/2018       39.00       39.05       38.30       38.55          1787900.00
08/31/2018       38.70       39.00       37.90       39.00         10721300.00
08/30/2018       38.55       39.00       38.55       38.85          9546100.00
08/29/2018       38.30       39.10       38.30       39.00          7461200.00
08/28/2018       38.50       39.20       38.50       39.00         12455000.00
08/24/2018       38.00       39.00       37.60       38.50         10259500.00
08/23/2018       37.00       38.50       37.00       38.50          9906900.00
08/22/2018       36.80       37.10       36.25       37.10          8808200.00
08/20/2018       36.20       37.00       36.10       36.10          4871600.00
08/17/2018       35.50       37.00       35.50       36.00         13580100.00
08/16/2018       35.75       36.00       35.40       35.40          6489100.00
08/15/2018       36.00       36.70       35.55       35.70          7394400.00
08/14/2018       37.20       37.30       36.10       36.35          7606500.00
08/13/2018       38.50       38.50       37.20       37.20          8622600.00
08/10/2018       38.50       39.00       38.35       38.50          6561400.00
08/09/2018       38.70       39.50       38.00       38.50          5496800.00
08/08/2018       37.90       39.50       37.85       39.00         32176199.00
08/07/2018       37.80       38.00       37.80       37.90          4750800.00
08/06/2018       37.35       38.00       37.35       37.70          5878400.00
08/03/2018       37.90       38.00       37.20       38.00          6500800.00
08/02/2018       38.00       38.00       37.60       37.90          4912200.00
08/01/2018       37.75       38.05       37.75       38.00         13496400.00
07/31/2018       37.10       37.80       37.10       37.75          8233100.00
07/30/2018       38.00       38.05       37.80       38.00          5371000.00
07/27/2018       37.50       38.05       37.10       38.05          6094300.00
07/26/2018       36.55       37.50       36.55       37.50          8868200.00
07/25/2018       37.00       37.55       36.30       36.30          7759300.00
07/24/2018       36.55       37.00       36.35       37.00          3079800.00
07/23/2018       37.00       37.10       36.40       36.50          2794700.00
07/20/2018       36.80       37.00       36.30       37.00          4359900.00
07/19/2018       36.60       37.00       36.45       36.55          3045200.00
07/18/2018       37.00       37.00       36.60       37.00          4310800.00
07/17/2018       37.00       37.00       36.45       37.00          2758700.00
07/16/2018       36.95       37.00       36.55       37.00          3211500.00
07/13/2018       36.40       36.95       36.40       36.95          3465200.00
07/12/2018       36.95       37.05       35.20       36.40          2763100.00
07/11/2018       36.80       37.15       36.50       37.15          3019400.00
07/10/2018       36.80       36.80       36.05       36.80          2439000.00
07/09/2018       36.50       36.65       36.15       36.40          2686000.00
07/06/2018       36.85       37.05       36.20       36.65          3429600.00
07/05/2018       36.85       37.00       36.15       37.00          8313900.00
07/04/2018       36.00       37.00       35.50       37.00          8574700.00
07/03/2018       36.00       36.30       35.40       36.00          4225700.00
07/02/2018       35.80       36.50       35.30       35.90          6099200.00
06/29/2018       34.25       35.95       34.00       35.95         16237900.00
06/28/2018       35.00       35.00       34.15       34.25          9315500.00
06/27/2018       33.80       35.50       33.50       35.50          9606900.00
06/26/2018       33.70       33.90       32.70       33.70          8574100.00
06/25/2018       34.20       34.20       33.25       33.25         10822800.00
06/22/2018       32.95       33.65       32.25       33.25         13451700.00
06/21/2018       34.55       34.70       32.90       32.90         16661801.00
06/20/2018       34.75       34.95       34.10       34.50          9270500.00
06/19/2018       34.75       34.95       33.90       34.70         11821200.00
06/18/2018       34.50       35.00       34.35       35.00         14831000.00
06/14/2018       35.80       35.80       34.75       34.75         33632801.00
06/13/2018       37.00       37.10       35.80       36.50          9520200.00
06/11/2018       37.50       37.50       37.00       37.00          6048400.00
06/08/2018       37.95       38.00       37.50       37.70          4965600.00
06/07/2018       38.05       38.05       37.50       37.95          7102300.00
06/06/2018       38.00       38.10       37.70       38.05          9248000.00
06/05/2018       37.90       38.00       37.00       38.00          6757600.00
06/04/2018       37.20       37.55       36.80       37.45          9466300.00
06/01/2018       37.00       37.70       37.00       37.20          9958000.00
05/31/2018       37.30       37.80       36.70       37.00        102018398.00
05/30/2018       37.70       37.95       36.60       37.00         18344500.00
05/29/2018       38.00       38.35       37.50       37.50          7159900.00
05/28/2018       38.00       38.00       37.70       38.00          8996200.00
05/25/2018       38.20       38.25       37.80       38.00         12255400.00
05/24/2018       37.45       38.00       37.45       37.90          6211900.00
05/23/2018       37.95       37.95       36.85       37.45          8697900.00
05/22/2018       38.20       38.20       37.20       37.25          6368000.00
05/21/2018       37.45       38.45       37.40       37.80          9693900.00
05/18/2018       37.45       37.45       36.95       37.30          7527200.00
05/17/2018       38.15       38.70       36.75       36.75         13646300.00
05/16/2018       38.10       38.40       37.30       38.15         15867300.00
05/15/2018       36.30       38.70       36.25       38.30         30151600.00
05/11/2018       34.90       35.75       34.80       35.65          8899400.00
05/10/2018       34.45       34.80       34.40       34.70          7269000.00
05/09/2018       33.90       34.55       33.75       34.30         10891700.00
05/08/2018       33.00       33.90       32.60       33.90         10628500.00
05/07/2018       33.00       33.00       32.20       32.35          3327600.00
05/04/2018       32.80       33.20       32.30       32.40          4174900.00
05/03/2018       34.00       34.20       32.80       32.80          5818400.00
05/02/2018       34.30       34.75       33.70       33.70          4103300.00
04/30/2018       33.90       34.45       33.75       34.25          4999100.00
04/27/2018       33.50       34.00       33.05       33.90          5889800.00
04/26/2018       33.00       33.50       32.80       33.50          6145900.00
04/25/2018       32.40       33.20       32.35       32.90          4394400.00
04/24/2018       33.10       33.20       32.30       32.50          5155500.00
04/23/2018       33.00       33.35       32.50       33.20          3776800.00
04/20/2018       32.85       33.30       32.55       33.00          3341400.00
04/19/2018       33.35       33.50       32.10       32.85         19364500.00
04/18/2018       33.30       33.90       33.20       33.60          5893800.00
04/17/2018       33.80       33.90       33.10       33.50          6359600.00
04/16/2018       34.00       34.00       33.85       34.00          2494000.00
04/13/2018       34.30       34.40       33.75       33.80          5273000.00
04/12/2018       33.55       34.45       33.35       34.45          6760700.00
04/11/2018       33.90       34.35       33.30       33.30          7383400.00
04/10/2018       33.80       34.60       33.35       33.85         10723600.00
04/06/2018       34.00       34.35       32.95       33.90          8123300.00
04/05/2018       34.70       34.70       34.00       34.40          4207600.00
04/04/2018       34.60       34.80       34.20       34.30          6890300.00
04/03/2018       34.15       34.50       33.85       34.30          5450200.00
04/02/2018       33.90       34.50       33.50       34.50          4440400.00
03/28/2018       34.00       34.15       33.30       33.70         10415800.00
03/27/2018       33.60       34.50       33.60       34.50          8666000.00
03/26/2018       33.80       33.85       33.05       33.85          5061400.00
03/23/2018       33.80       34.00       33.50       33.90          9259900.00
03/22/2018       33.15       34.40       33.15       34.40          8169900.00
03/21/2018       34.45       34.45       33.00       33.00          8907400.00
03/20/2018       34.50       35.00       33.70       33.80          8367000.00
03/19/2018       34.90       35.00       34.40       34.50          9036800.00
03/16/2018       33.80       35.90       33.80       34.75         22387900.00
03/15/2018       35.35       35.75       34.00       34.00          9424600.00
03/14/2018       35.70       36.00       35.45       35.50          4969100.00
03/13/2018       36.35       36.35       35.60       35.70          4470500.00
03/12/2018       36.00       36.40       35.90       36.40          3205900.00
03/09/2018       35.40       35.90       35.40       35.90          1714100.00
03/08/2018       35.85       35.85       35.30       35.40          2097200.00
03/07/2018       35.90       35.90       35.40       35.85          3363200.00
03/06/2018       36.25       36.25       35.50       36.00          5346100.00
03/05/2018       35.80       36.25       35.50       36.25          3236600.00
03/02/2018       35.35       36.00       35.05       36.00          6321200.00
03/01/2018       35.60       36.35       35.30       35.75          7397600.00
02/28/2018       35.90       36.40       35.30       35.30         10871800.00
02/27/2018       35.80       36.40       35.75       36.40          6868400.00
02/26/2018       35.50       36.25       35.10       36.25          7797300.00
02/23/2018       35.80       36.20       35.40       35.40          7340800.00
02/22/2018       35.95       35.95       35.10       35.95         12014200.00
02/21/2018       36.40       36.60       35.40       36.20          7800100.00
02/20/2018       36.75       36.75       36.25       36.50          8948600.00
02/19/2018       36.10       36.85       35.70       36.25         15074700.00
02/15/2018       36.15       36.25       35.70       36.10          5952100.00
02/14/2018       36.15       36.25       35.80       36.10          6075300.00
02/13/2018       35.10       36.15       35.10       36.15         11935500.00
02/12/2018       35.20       35.90       35.00       35.00          5814100.00
02/09/2018       35.40       35.55       34.70       35.00          9984800.00
02/08/2018       36.00       36.15       35.65       36.00          6370400.00
02/07/2018       36.40       36.65       35.55       35.95         11008200.00
02/06/2018       35.05       35.80       34.30       35.80         15994600.00
02/05/2018       36.00       36.00       35.25       35.25         17071801.00
02/02/2018       36.70       37.10       36.05       36.95         13406900.00
02/01/2018       36.95       37.50       36.50       36.50         15959300.00
01/31/2018       37.70       37.70       36.90       36.90         14513100.00
01/30/2018       38.50       38.65       37.50       37.85         23467100.00
01/29/2018       38.70       39.10       38.15       39.10          6554300.00
01/26/2018       38.55       39.15       38.15       38.60         10435100.00
01/25/2018       38.90       39.15       38.40       38.50         10428500.00
01/24/2018       39.60       39.60       38.60       38.90          6591500.00
01/23/2018       39.60       39.65       39.30       39.50          5818100.00
01/22/2018       39.00       39.60       39.00       39.50         10019800.00
01/19/2018       39.40       39.40       38.40       39.00          9334500.00
01/18/2018       39.50       39.50       38.90       39.20          7018500.00
01/17/2018       39.40       39.60       39.10       39.45          5404800.00
01/16/2018       39.40       39.65       39.30       39.30          7642700.00
01/15/2018       39.00       39.60       38.90       39.35          5621100.00
01/12/2018       38.50       38.90       38.50       38.90          6451700.00
01/11/2018       39.15       39.20       38.00       38.50          6195500.00
01/10/2018       39.65       39.65       39.10       39.10          3455600.00
01/09/2018       38.40       39.70       38.15       39.70          7899600.00
01/08/2018       39.50       39.65       37.80       38.40         11202800.00
01/05/2018       39.30       39.70       38.95       39.35         11425600.00
01/04/2018       38.75       39.50       38.00       39.50         20341600.00
01/03/2018       37.55       38.85       37.50       38.75          9978000.00
12/29/2017       37.60       38.15       37.30       37.50         11283700.00
12/28/2017       36.80       37.70       36.80       37.35          7305500.00
12/27/2017       37.25       37.45       37.05       37.45          3491400.00
12/22/2017       36.90       37.00       36.80       37.00          2031100.00
12/21/2017       36.70       37.15       36.60       36.90          2241300.00
12/20/2017       36.70       36.95       36.50       36.70          1928700.00
12/19/2017       36.90       37.10       36.70       36.70          5421000.00
12/18/2017       36.35       37.10       36.35       36.70         10420400.00
12/15/2017       37.75       37.75       36.00       36.00         22984301.00
12/14/2017       36.60       37.80       36.60       37.80          9256400.00
12/13/2017       36.85       37.00       36.30       36.50          6755000.00
12/12/2017       36.85       37.00       36.25       36.85         12988400.00
12/11/2017       36.55       37.00       36.50       36.80          9446000.00
12/08/2017       35.90       36.75       35.90       36.50          9990800.00
12/07/2017       35.60       36.30       35.60       35.85          7126900.00
12/06/2017       36.50       36.50       35.60       35.60         12520000.00
12/05/2017       35.75       36.75       35.70       36.50         32438699.00
12/04/2017       35.15       35.85       35.10       35.75         14574900.00
12/01/2017       35.80       36.30       35.45       35.80         11943600.00
11/29/2017       36.00       36.65       35.55       36.30         17731100.00
11/28/2017       36.80       36.80       36.00       36.30          5315900.00
11/27/2017       36.00       36.80       35.60       36.80          6775000.00
11/24/2017       36.00       36.20       35.65       36.00          6871500.00
11/23/2017       35.70       35.95       35.55       35.95          2033000.00
11/22/2017       35.40       36.30       35.40       35.60          8805600.00
11/21/2017       35.70       36.00       35.10       35.40          9460500.00
11/20/2017       35.95       36.00       35.55       35.65          5627600.00
11/17/2017       36.00       36.60       35.75       35.75          6079400.00
11/16/2017       35.50       36.40       35.50       35.50          7329000.00
11/15/2017       36.00       36.00       35.50       35.50          7087700.00
11/14/2017       36.10       36.15       35.75       36.00          7807000.00
11/13/2017       37.00       37.40       35.90       36.00          4496600.00
11/10/2017       38.05       38.15       36.60       36.60          9980400.00
11/09/2017       37.50       38.25       37.40       37.95          6551700.00
11/08/2017       37.15       37.65       36.90       37.50          4855500.00
11/07/2017       37.10       37.65       36.50       37.15          3919800.00
11/06/2017       36.90       37.40       36.80       37.05          8538800.00
11/03/2017       37.95       38.00       36.95       37.40          7492300.00
11/02/2017       36.70       37.90       36.30       37.55         10457300.00
10/30/2017       36.05       37.00       35.85       37.00          6719200.00
10/27/2017       35.75       35.80       35.55       35.70          2616100.00
10/26/2017       36.10       36.40       35.60       35.75          3805200.00
10/25/2017       36.10       36.15       35.40       36.10          6711700.00
10/24/2017       36.15       36.40       35.85       35.85          7096700.00
10/23/2017       36.50       36.55       36.15       36.15          6765200.00
10/20/2017       36.30       36.60       36.10       36.50          8690800.00
10/19/2017       37.00       37.05       36.25       36.80         17204100.00
10/18/2017       37.40       37.85       35.80       37.00         13074100.00
10/17/2017       36.80       38.00       36.40       37.30         16270000.00
10/13/2017       35.95       36.75       35.60       36.50         20747600.00
10/12/2017       34.90       35.95       34.75       35.95         12008600.00
10/11/2017       34.70       35.00       34.60       34.90          7671800.00
10/10/2017       34.85       34.90       34.65       34.70          3732300.00
10/09/2017       34.90       35.00       34.55       34.85          5445700.00
10/06/2017       34.95       35.40       34.65       34.65          8906100.00
10/05/2017       35.00       35.00       34.80       34.90          6639500.00
10/04/2017       35.00       35.00       34.85       34.95          6652400.00
10/03/2017       35.00       35.05       34.85       35.00          7726200.00
10/02/2017       34.90       35.40       34.75       35.00         10558200.00
09/29/2017       34.80       35.00       34.45       34.45         14422300.00
09/28/2017       35.00       35.00       34.60       34.80         11659600.00
09/27/2017       34.60       35.00       34.55       35.00         10360200.00
09/26/2017       34.80       34.80       34.05       34.60          9772800.00
09/25/2017       34.85       35.00       34.70       34.80          6039500.00
09/22/2017       34.85       35.05       34.80       34.85          6102500.00
09/21/2017       34.85       35.00       34.70       34.80          8285400.00
09/20/2017       34.90       34.95       34.50       34.85          4418600.00
09/19/2017       35.05       35.15       34.20       34.50         11464200.00
09/18/2017       34.80       35.05       34.20       35.00         15258000.00
09/15/2017       34.10       34.80       33.90       34.80         20397301.00
09/14/2017       33.90       34.65       33.55       34.50         12102900.00
09/13/2017       34.00       34.20       33.05       33.50         11438500.00
09/11/2017       33.50       33.90       33.30       33.80          4202300.00
09/08/2017       33.60       33.60       33.30       33.50          6173400.00
09/07/2017       33.50       33.65       33.20       33.60          6281300.00
09/06/2017       33.95       33.95       33.15       33.40          8885900.00
09/05/2017       33.90       34.00       33.80       34.00          7983700.00
09/04/2017       33.75       34.00       33.40       33.90          8034000.00
08/31/2017       33.75       33.90       33.20       33.40          8539300.00
08/30/2017       34.00       34.00       33.25       33.60         18109801.00
08/29/2017       34.20       34.30       33.70       33.80         15843200.00
08/25/2017       34.50       34.70       34.00       34.00          3778200.00
08/24/2017       34.75       34.75       34.00       34.00          4801500.00
08/23/2017       34.15       34.75       34.10       34.55          7187000.00
08/22/2017       34.05       34.35       34.00       34.10          9259900.00
08/18/2017       34.90       34.90       34.40       34.45          2809500.00
08/17/2017       35.00       35.00       34.55       34.80          4715400.00
08/16/2017       34.55       34.95       34.40       34.70          5326300.00
08/15/2017       34.75       34.75       34.20       34.50          4063300.00
08/14/2017       33.85       34.55       33.85       34.40          2749400.00
08/11/2017       34.40       34.40       33.85       33.85          3684400.00
08/10/2017       34.50       34.80       34.25       34.60          5911400.00
08/09/2017       34.00       34.25       33.80       34.20          3813400.00
08/08/2017       34.20       34.90       33.80       33.80          7455100.00
08/07/2017       34.40       34.40       33.70       34.00          4154600.00
08/04/2017       33.65       34.65       33.65       34.00          6675400.00
08/03/2017       33.90       34.25       33.40       33.60          8113300.00
08/02/2017       33.85       34.50       33.75       33.85          6624500.00
08/01/2017       34.90       34.90       33.85       33.85          6376200.00
07/31/2017       34.95       35.00       34.45       34.90          9470900.00
07/28/2017       34.95       35.00       34.65       35.00          7550500.00
07/27/2017       35.10       35.10       34.65       34.65         10528300.00
07/26/2017       34.35       35.10       34.35       34.75         10651700.00
07/25/2017       34.30       34.40       34.00       34.15          3836000.00
07/24/2017       34.70       34.70       33.90       34.00          8980200.00
07/21/2017       33.70       34.80       33.30       34.80          5177200.00
07/20/2017       34.60       34.70       33.55       33.55          7118200.00
07/19/2017       34.15       34.65       34.10       34.50          6585000.00
07/18/2017       33.50       34.35       33.50       33.95          6919500.00
07/17/2017       32.90       33.60       32.90       33.40          4940100.00
07/14/2017       33.60       33.70       32.90       33.00         12354400.00
07/13/2017       33.65       34.00       33.30       33.60          8492300.00
07/12/2017       33.20       33.75       33.20       33.65          5599000.00
07/11/2017       33.00       33.15       32.90       33.05          6533600.00
07/10/2017       33.30       33.30       32.90       32.95          2341100.00
07/07/2017       33.30       33.50       33.25       33.30          1401100.00
07/06/2017       33.05       33.35       33.00       33.25          6314200.00
07/05/2017       32.95       33.30       32.95       33.05          4907200.00
07/04/2017       33.20       33.20       32.90       32.95          4661000.00
07/03/2017       33.00       33.45       32.70       33.20          6606500.00
06/30/2017       32.70       33.00       32.15       33.00         10710600.00
06/29/2017       33.50       33.80       32.70       32.75          5930200.00
06/28/2017       33.70       34.00       33.40       33.40          5913500.00
06/27/2017       33.45       33.80       33.30       33.70          5819900.00
06/23/2017       34.20       34.25       32.95       33.20         11522900.00
06/22/2017       34.35       34.35       33.90       34.05         15719900.00
06/21/2017       34.60       34.60       34.20       34.35         11401900.00
06/20/2017       34.45       34.65       34.05       34.60          9060200.00
06/19/2017       34.05       34.55       34.05       34.45          7194200.00
06/16/2017       34.30       34.50       33.90       34.25         23293600.00
06/15/2017       34.50       35.00       34.10       34.30          7478500.00
06/14/2017       34.00       34.55       33.30       34.50         10545200.00
06/13/2017       34.55       34.85       33.90       34.20         10943900.00
06/09/2017       34.40       35.10       34.40       35.00          9072700.00
06/08/2017       34.60       35.20       34.40       34.55         12031900.00
06/07/2017       34.30       34.70       34.10       34.45          8439700.00
06/06/2017       34.70       34.85       34.00       34.25          6356900.00
06/05/2017       34.00       35.10       33.75       34.60          9598000.00
06/02/2017       33.60       34.50       33.60       33.75         13028200.00
06/01/2017       33.50       34.35       33.15       33.75         14466600.00
05/31/2017       33.70       33.85       33.50       33.70         26970600.00
05/30/2017       33.60       33.95       33.35       33.50         12966400.00
05/29/2017       32.80       33.85       32.80       33.50          9001300.00
05/26/2017       32.80       33.00       32.65       32.80          4948600.00
05/25/2017       32.80       33.20       32.70       32.80          5873800.00
05/24/2017       32.75       33.00       32.50       32.80          4563600.00
05/23/2017       32.80       33.45       32.70       32.80          9438500.00
05/22/2017       32.55       33.00       32.55       32.80          7386400.00
05/19/2017       32.45       32.65       32.15       32.50          8349300.00
05/18/2017       32.70       32.80       32.00       32.50         11352300.00
05/17/2017       32.60       32.85       32.45       32.80          8234500.00
05/16/2017       32.20       32.85       32.15       32.60         10247400.00
05/15/2017       31.95       32.85       31.90       32.00         11476300.00
05/12/2017       32.00       32.05       31.60       31.90         11854000.00
05/11/2017       32.00       32.40       31.75       32.15         11883700.00
05/10/2017       32.45       32.90       31.85       32.00         12123200.00
05/09/2017       32.90       33.00       32.35       32.50         13882000.00
05/08/2017       32.25       33.00       32.25       32.90         10435200.00
05/05/2017       31.30       32.70       31.20       32.20         18468000.00
05/04/2017       30.65       31.40       30.60       31.20         10275900.00
05/03/2017       30.70       30.90       30.60       30.60         13224700.00
05/02/2017       29.80       30.90       29.65       30.70         11319100.00
04/27/2017       29.85       30.00       29.75       29.80          4879800.00
04/26/2017       30.00       30.15       29.85       29.95          6903700.00
04/25/2017       29.70       30.20       29.70       29.90          7994400.00
04/24/2017       29.65       29.90       29.45       29.65          6033700.00
04/21/2017       29.60       29.95       29.40       29.65          6876600.00
04/20/2017       29.40       29.70       29.40       29.60          2943900.00
04/19/2017       29.80       30.20       29.30       29.60          5108000.00
04/18/2017       30.00       30.10       29.75       29.80          2005300.00
04/17/2017       30.15       30.20       29.80       30.00          2662600.00
04/12/2017       29.65       30.20       29.60       30.20          5103100.00
04/11/2017       30.20       30.20       29.50       29.50          3344600.00
04/10/2017       30.00       30.25       29.90       30.25          2753500.00
04/07/2017       29.90       31.00       29.80       29.85         21844000.00
04/06/2017       29.95       30.05       29.25       29.90          6275400.00
04/05/2017       29.60       30.10       29.60       29.95         17442400.00
04/04/2017       28.70       29.65       28.70       29.55          9111400.00
04/03/2017       28.30       28.85       28.20       28.70         23087900.00
03/31/2017       28.60       28.60       28.20       28.30          8144500.00
03/30/2017       28.65       28.85       28.25       28.40          7901100.00
03/29/2017       28.50       28.70       28.30       28.50         25807801.00
03/28/2017       28.50       28.70       28.35       28.50         16882000.00
03/27/2017       28.15       28.95       28.15       28.50          8546600.00
03/24/2017       28.30       28.45       27.95       28.00         16019800.00
03/23/2017       28.50       28.60       27.90       28.30         16523801.00
03/22/2017       28.45       28.50       28.25       28.50         13159200.00
03/21/2017       28.65       29.00       28.45       28.50         13028200.00
03/20/2017       29.20       29.20       28.60       28.65          5469800.00
03/17/2017       29.00       29.45       28.40       28.95         25124801.00
03/16/2017       29.05       29.20       28.50       28.70         10280500.00
03/15/2017       28.95       29.00       28.35       28.60          9498400.00
03/14/2017       29.40       29.40       28.85       28.85          6384300.00
03/13/2017       29.00       29.30       28.90       29.15          5317100.00
03/10/2017       28.90       29.80       28.85       29.00         27610801.00
03/09/2017       29.00       29.30       28.90       28.90          1940400.00
03/08/2017       29.00       29.30       28.85       29.05          8022400.00
03/07/2017       29.30       29.40       28.80       28.80         10462600.00
03/06/2017       29.00       29.70       28.65       29.50          6832800.00
03/03/2017       28.65       29.05       28.50       29.00          4801800.00
03/02/2017       28.70       29.00       28.60       28.60          7202900.00
03/01/2017       28.90       29.00       28.60       28.70          4583800.00
02/28/2017       29.10       29.40       28.70       29.40          7131300.00
02/27/2017       29.40       29.75       29.05       29.10          5427300.00
02/24/2017       29.30       29.50       29.20       29.40         17879801.00
02/23/2017       29.90       29.95       29.20       29.35         10397900.00
02/22/2017       30.00       30.00       29.50       29.80         11051500.00
02/21/2017       29.95       30.15       29.60       30.00          6750500.00
02/20/2017       29.90       30.35       29.80       30.00          4855400.00
02/17/2017       29.90       30.10       29.75       29.90          5835400.00
02/16/2017       29.60       30.20       29.60       29.90         11227300.00
02/15/2017       29.70       29.90       29.60       29.60         28944400.00
02/14/2017       30.00       30.15       29.70       29.70          6739000.00
02/13/2017       29.85       30.50       29.85       30.50          2677300.00
02/10/2017       30.00       30.05       29.55       30.00          8892400.00
02/09/2017       30.00       30.20       29.85       30.00          5194400.00
02/08/2017       30.45       30.60       29.70       29.95          5285600.00
02/07/2017       30.75       30.85       30.35       30.45          5580700.00
02/06/2017       30.00       30.80       30.00       30.80          4307900.00
02/03/2017       30.10       30.10       29.70       30.00          8045300.00
02/02/2017       29.50       30.10       29.50       30.10         15323700.00
02/01/2017       30.00       30.10       29.45       29.90          7681000.00
01/31/2017       30.10       30.25       29.70       29.70          7820500.00
01/30/2017       30.05       30.50       30.00       30.00          5758700.00
01/27/2017       29.95       30.30       29.95       30.00          6968900.00
01/26/2017       30.20       30.60       29.70       29.80         13901500.00
01/25/2017       30.70       30.95       30.05       30.05         17923699.00
01/24/2017       31.00       31.00       30.65       30.65          6370700.00
01/23/2017       31.00       31.20       30.90       31.00         12208100.00
01/20/2017       30.50       31.00       30.45       31.00          7659500.00
01/19/2017       30.00       30.45       29.90       30.40          7163400.00
01/18/2017       29.95       30.25       29.65       29.90          7602900.00
01/17/2017       30.60       30.80       29.60       29.60          5250500.00
01/16/2017       29.80       30.80       29.65       30.55          3163900.00
01/13/2017       29.90       29.95       29.55       29.80         11862700.00
01/12/2017       31.10       31.10       29.95       30.20         10988000.00
01/11/2017       31.30       31.40       30.85       31.00         16488100.00
01/10/2017       30.65       31.50       30.60       31.30         26834900.00
01/09/2017       30.10       30.60       29.50       30.60         12138700.00
01/06/2017       30.00       30.85       29.75       30.00         14801500.00
01/05/2017       29.60       30.70       29.60       29.80         19362699.00
01/04/2017       28.50       29.65       28.50       29.60         29498400.00
01/03/2017       28.35       28.45       27.40       28.45          4140700.00
12/29/2016       28.30       28.35       27.95       28.35         14429000.00
12/28/2016       27.90       28.40       27.85       28.35          6297800.00
12/27/2016       26.80       27.90       26.80       27.90          3583700.00
12/23/2016       27.50       27.50       26.20       27.00         10842600.00
12/22/2016       27.05       27.50       26.95       27.35         16426400.00
12/21/2016       27.30       28.00       26.80       27.25          5257800.00
12/20/2016       27.10       27.25       26.75       27.25         11075900.00
12/19/2016       28.70       28.70       27.20       27.20         11342400.00
12/16/2016       28.05       28.80       28.00       28.80          8675500.00
12/15/2016       28.70       29.00       27.80       27.95         15702400.00
12/14/2016       28.75       29.35       28.75       28.80         13093600.00
12/13/2016       28.15       28.70       27.85       28.70         11068500.00
12/12/2016       28.50       28.65       27.90       28.15         28847699.00
12/09/2016       28.65       28.65       27.95       28.20          6515500.00
12/08/2016       27.50       28.65       27.30       28.65         10877800.00
12/07/2016       27.25       27.40       26.70       27.30          3564900.00
12/06/2016       26.65       27.40       26.65       27.00          6062900.00
12/05/2016       27.00       27.20       26.40       26.50          4854100.00
12/02/2016       27.40       27.90       26.50       26.80          9539500.00
12/01/2016       26.90       27.60       26.90       27.40         11412600.00
11/29/2016       26.50       26.70       26.20       26.50         16875301.00
11/28/2016       26.85       26.85       26.00       26.40          7813800.00
11/25/2016       26.50       26.90       26.00       26.85          4999100.00
11/24/2016       26.70       26.90       26.20       26.50          6749400.00
11/23/2016       26.25       26.50       25.30       26.50         17789000.00
11/22/2016       26.95       27.00       26.25       26.30         12189400.00
11/21/2016       27.50       27.65       26.35       26.95          5794400.00
11/18/2016       27.75       27.75       27.15       27.40          5209500.00
11/17/2016       27.05       27.60       26.80       27.60         27398699.00
11/16/2016       26.80       27.20       26.55       27.00         11285000.00
11/15/2016       26.10       26.60       26.00       26.00         15017600.00
11/14/2016       25.60       26.10       25.50       25.75         13263900.00
11/11/2016       26.25       26.30       25.55       26.00         18893801.00
11/10/2016       26.80       27.00       26.00       26.25          7736000.00
11/09/2016       27.00       27.00       24.50       26.10         14349600.00
11/08/2016       26.80       26.95       26.50       26.90          5233500.00
11/07/2016       26.10       26.90       25.65       26.30          9554700.00
11/04/2016       26.05       26.20       25.55       25.95         12449700.00
11/03/2016       26.05       26.35       25.20       25.65         16131500.00
11/02/2016       27.20       27.30       26.10       26.20         10189600.00
10/28/2016       27.10       27.20       26.50       26.90         11130500.00
10/27/2016       27.50       27.50       27.05       27.10         24748500.00
10/26/2016       27.85       28.20       27.45       27.60         11081700.00
10/25/2016       28.40       28.95       27.90       27.90         22556801.00
10/24/2016       28.10       28.70       27.80       28.70          9975900.00
10/21/2016       28.65       28.70       28.20       28.35          6683500.00
10/20/2016       28.85       28.90       28.50       28.90         10330500.00
10/19/2016       27.80       28.90       27.35       28.80         16579600.00
10/18/2016       26.20       27.80       26.20       27.80         14963500.00
10/17/2016       26.80       27.40       26.10       26.10          5866300.00
10/14/2016       26.05       27.25       26.05       26.75         10860500.00
10/13/2016       27.05       27.10       26.05       26.05         16876199.00
10/12/2016       27.85       27.85       26.90       27.50          8425700.00
10/11/2016       27.80       28.25       27.75       28.00          6611900.00
10/10/2016       28.35       28.35       27.80       28.00          6771400.00
10/07/2016       27.80       28.40       27.70       28.20          9601000.00
10/06/2016       27.80       27.95       27.65       27.80          7937200.00
10/05/2016       28.35       28.35       27.50       27.80          6583300.00
10/04/2016       28.30       28.60       28.15       28.35         10636100.00
10/03/2016       28.15       28.60       28.15       28.30          5750500.00
09/30/2016       28.80       28.80       27.85       28.15         15653000.00
09/29/2016       27.55       28.85       27.55       28.85         16887600.00
09/28/2016       27.00       28.00       26.90       27.60         10556100.00
09/27/2016       27.35       27.35       26.85       27.00         16903600.00
09/26/2016       27.90       27.90       27.35       27.35          9948200.00
09/23/2016       28.10       28.50       27.75       27.90          7766400.00
09/22/2016       28.00       28.75       28.00       28.00         15456000.00
09/21/2016       27.85       28.05       27.50       27.70         11988700.00
09/20/2016       27.05       27.85       27.05       27.85          9773300.00
09/19/2016       27.20       27.45       26.75       27.00         10465300.00
09/16/2016       27.80       28.00       27.10       27.10         38826000.00
09/15/2016       26.80       27.90       26.80       27.90         10585100.00
09/14/2016       26.65       27.40       26.60       27.00         14007100.00
09/13/2016       26.85       27.00       26.50       26.70         17767000.00
09/09/2016       27.30       27.50       26.75       26.90         17370000.00
09/08/2016       27.00       28.00       26.50       27.30         19108699.00
09/07/2016       28.00       28.05       26.95       27.20         26816301.00
09/06/2016       28.50       28.60       27.75       28.00         21435400.00
09/05/2016       28.70       28.75       28.35       28.50         25519900.00
09/02/2016       29.00       29.45       28.60       28.75         10453100.00
09/01/2016       29.00       29.30       28.45       28.55         32625699.00
08/31/2016       28.85       29.85       28.25       29.85         20381301.00
08/30/2016       29.50       29.50       28.40       29.00         17256600.00
08/26/2016       29.45       29.45       28.75       29.00         19386900.00
08/25/2016       29.05       29.45       28.85       29.45          6388700.00
08/24/2016       29.05       29.40       28.90       29.40          8413100.00
08/23/2016       28.80       29.20       28.75       29.00         11098800.00
08/22/2016       28.70       29.35       28.55       29.00          9944400.00
08/19/2016       29.30       29.30       28.50       28.65         18296000.00
08/18/2016       29.35       30.05       28.95       29.30         12861200.00
08/17/2016       29.60       29.70       29.05       29.35          8530500.00
08/16/2016       30.00       30.00       29.05       29.60         19663100.00
08/15/2016       29.45       30.00       28.70       29.85         18478801.00
08/12/2016       30.10       30.25       29.20       29.45         10531000.00
08/11/2016       30.30       30.70       29.80       30.05          8829100.00
08/10/2016       30.25       30.40       29.90       30.25         12991900.00
08/09/2016       30.00       30.55       29.90       30.20         13238500.00
08/08/2016       29.90       30.00       29.60       29.90         11896900.00
08/05/2016       29.30       29.90       29.00       29.90         15470000.00
08/04/2016       29.25       29.35       29.00       29.25         21863000.00
08/03/2016       29.60       29.60       28.70       29.25         15384300.00
08/02/2016       30.00       30.00       29.40       29.60          6499200.00
08/01/2016       29.00       30.00       28.85       29.85         11744300.00
07/29/2016       29.60       29.65       29.00       29.20         17012199.00
07/28/2016       30.05       30.05       28.90       29.55         16201500.00
07/27/2016       30.10       30.40       29.95       30.05          9585800.00
07/26/2016       30.25       30.45       30.00       30.10          7572000.00
07/25/2016       30.90       30.95       30.00       30.15         12466500.00
07/22/2016       30.95       30.95       30.00       30.10         28514301.00
07/21/2016       29.90       31.00       29.85       31.00         21422600.00
07/20/2016       30.00       30.00       29.85       29.95         24172900.00
07/19/2016       29.75       30.00       29.65       30.00          5631000.00
07/18/2016       30.00       30.00       29.55       29.70          6984400.00
07/15/2016       29.95       30.50       29.80       30.00         22775400.00
07/14/2016       29.95       30.00       29.65       29.90         41123398.00
07/13/2016       29.60       30.15       29.60       29.95         45673301.00
07/12/2016       28.30       29.60       28.30       29.40         40635301.00
07/11/2016       27.70       28.50       27.70       28.30         17106801.00
07/08/2016       27.15       27.60       27.15       27.50         14899000.00
07/07/2016       27.60       28.20       27.00       27.10         32056500.00
07/05/2016       28.10       28.50       26.90       27.55         17136199.00
07/04/2016       27.80       28.30       27.75       28.10         22408699.00
07/01/2016       27.30       27.75       27.25       27.65         28014400.00
06/30/2016       27.50       28.40       26.40       27.30         39496000.00
06/29/2016       26.40       27.00       26.20       27.00         11932000.00
06/28/2016       26.20       26.30       25.90       26.30         19288801.00
06/27/2016       25.35       26.20       24.90       26.20         14785600.00
06/24/2016       25.90       26.40       24.95       25.65         17034000.00
06/23/2016       25.70       25.85       25.50       25.65         17057600.00
06/22/2016       26.00       26.05       25.55       25.55          7748200.00
06/21/2016       25.70       26.15       25.60       25.80         15954200.00
06/20/2016       25.45       25.70       25.20       25.40          9785600.00
06/17/2016       25.70       26.00       25.20       25.45         52302000.00
06/16/2016       25.45       25.95       25.35       25.40         16111800.00
06/15/2016       25.10       25.90       24.90       25.20         13707300.00
06/14/2016       24.55       25.20       24.50       25.10         13929800.00
06/13/2016       24.40       25.20       24.15       25.20         18968900.00
06/10/2016       25.15       25.65       24.25       24.25         20597000.00
06/09/2016       25.80       25.95       24.65       24.65         12722700.00
06/08/2016       25.55       26.40       25.55       25.80         21284500.00
06/07/2016       25.30       26.00       25.30       25.45         20590600.00
06/06/2016       25.20       25.30       25.05       25.10         10155600.00
06/03/2016       25.00       25.15       24.90       24.95         16820699.00
06/02/2016       24.40       25.20       24.30       24.80         16305500.00
06/01/2016       24.05       24.40       24.00       24.30         40209801.00
05/31/2016       24.40       25.00       24.00       24.00         23633400.00
05/30/2016       24.80       24.80       24.25       24.60          6702400.00
05/27/2016       24.35       24.90       24.30       24.80          8197600.00
05/26/2016       24.60       24.60       24.10       24.35          8233900.00
05/25/2016       24.35       24.90       24.35       24.60          5057800.00
05/24/2016       24.00       24.60       23.90       24.25         11061300.00
05/23/2016       23.50       24.00       23.20       23.90         13651800.00
05/20/2016       24.00       24.00       23.05       23.50         21912301.00
05/19/2016       25.10       25.10       24.20       24.20         12042200.00
05/18/2016       24.80       25.60       24.75       25.10         20119699.00
05/17/2016       24.80       25.30       24.15       24.70         19679199.00
05/16/2016       24.05       24.90       24.05       24.55         26838100.00
05/13/2016       24.80       24.85       23.80       23.80         24757301.00
05/12/2016       24.95       25.00       24.20       24.90         30080000.00
05/11/2016       24.20       25.50       24.20       25.25         54664301.00
05/10/2016       22.65       24.00       22.05       24.00         43729199.00
05/06/2016       22.60       22.70       22.35       22.65         17370199.00
05/05/2016       22.90       22.90       22.45       22.60         15650100.00
05/04/2016       22.50       23.00       22.10       22.90         16648199.00
05/03/2016       22.75       22.90       22.50       22.50          8935300.00
05/02/2016       22.45       22.80       21.80       22.75          8387300.00
04/29/2016       22.70       22.80       22.40       22.65         12256400.00
04/28/2016       22.50       22.95       22.50       22.90         12971900.00
04/27/2016       22.50       22.75       22.30       22.45         13399600.00
04/26/2016       22.65       22.65       22.50       22.60         10882100.00
04/25/2016       22.75       22.75       22.40       22.65          7780600.00
04/22/2016       22.60       22.90       22.05       22.80         11823800.00
04/21/2016       22.45       22.80       22.10       22.60          9154100.00
04/20/2016       21.80       22.40       21.80       22.40         11060100.00
04/19/2016       22.15       22.25       21.05       22.00         20137500.00
04/18/2016       22.75       22.75       22.00       22.00          8986400.00
04/15/2016       22.85       23.00       22.40       22.85          3753400.00
04/14/2016       22.90       23.05       22.80       22.85          8970800.00
04/13/2016       22.80       23.35       22.70       22.90         13734000.00
04/12/2016       22.50       22.75       22.40       22.65          6388300.00
04/11/2016       22.00       22.80       22.00       22.50          7274600.00
04/08/2016       21.70       22.30       21.55       22.00         11959000.00
04/07/2016       21.70       21.95       21.65       21.70         12681800.00
04/06/2016       21.90       21.95       21.45       21.65         11153500.00
04/05/2016       22.30       22.30       21.75       21.90         10173600.00
04/04/2016       22.05       22.60       22.00       22.30          3228200.00
04/01/2016       22.05       22.45       21.95       22.15         10603900.00
03/31/2016       22.10       22.75       21.65       21.95         28230900.00
03/30/2016       22.15       22.40       21.90       21.95         15200200.00
03/29/2016       22.45       22.80       22.00       22.15          8842800.00
03/28/2016       22.10       22.70       22.10       22.45          7795800.00
03/23/2016       22.50       22.50       21.75       22.40          8006600.00
03/22/2016       22.10       22.55       22.05       22.55         20375199.00
03/21/2016       21.45       22.45       21.45       22.15         24957100.00
03/18/2016       21.40       21.70       21.40       21.45         24742199.00
03/17/2016       21.00       21.55       21.00       21.40         15135600.00
03/16/2016       21.25       21.25       20.90       21.05         15575900.00
03/15/2016       21.25       21.50       21.15       21.30         16367700.00
03/14/2016       21.35       21.40       21.20       21.25         20010000.00
03/11/2016       21.70       21.70       21.30       21.40         14316600.00
03/10/2016       21.45       21.95       21.30       21.75         11932800.00
03/09/2016       21.20       21.45       20.80       21.45          9745300.00
03/08/2016       21.10       21.30       21.00       21.20         10402700.00
03/07/2016       21.05       21.40       20.95       21.10         13877400.00
03/04/2016       21.50       21.50       20.80       20.90          9044300.00
03/03/2016       21.35       21.60       21.25       21.40         20001900.00
03/02/2016       21.15       21.30       21.00       21.30         16667000.00
03/01/2016       20.90       20.95       20.65       20.70          7110600.00
02/29/2016       20.50       21.00       20.35       20.70         13574700.00
02/26/2016       20.10       20.75       20.05       20.50          6015900.00
02/24/2016       20.75       20.75       20.15       20.50         15227400.00
02/23/2016       20.85       20.95       20.70       20.80          9375000.00
02/22/2016       21.10       21.10       20.55       20.75         13646900.00
02/19/2016       21.40       21.40       21.05       21.10          8016800.00
02/18/2016       21.35       21.50       21.05       21.40         10927100.00
02/17/2016       21.60       21.60       21.00       21.35          9730400.00
02/16/2016       21.40       21.80       21.35       21.40         20912699.00
02/15/2016       21.20       21.80       21.20       21.35          9477000.00
02/12/2016       21.00       22.00       20.90       21.00         13074400.00
02/11/2016       20.90       21.90       20.70       21.55         12006700.00
02/10/2016       20.50       21.40       20.50       20.90          5328100.00
02/09/2016       20.70       20.85       20.60       20.65          4041300.00
02/05/2016       20.80       21.30       20.80       21.00          5905100.00
02/04/2016       20.85       21.25       20.60       21.00         14969200.00
02/03/2016       21.10       21.20       20.45       20.85         12899800.00
02/02/2016       21.05       21.35       20.80       21.20         11670700.00
02/01/2016       21.00       21.60       21.00       21.45         11253100.00
01/29/2016       20.90       21.70       20.90       21.15         23342699.00
01/28/2016       20.85       21.10       20.15       21.00         31397400.00
01/27/2016       20.25       21.10       20.05       20.90         21938199.00
01/26/2016       19.70       20.40       19.50       19.98         11698100.00
01/25/2016       19.40       20.20       19.26       20.20          7835600.00
01/22/2016       18.84       19.22       18.82       19.22         19777400.00
01/21/2016       18.94       19.06       18.70       18.84         16209300.00
01/20/2016       19.52       19.98       18.94       19.06          8592700.00
01/19/2016       19.60       19.98       19.52       19.52          4940800.00
01/18/2016       19.38       19.68       19.12       19.50         13799000.00
01/15/2016       20.20       20.55       19.90       19.90         11992100.00
01/14/2016       20.00       20.40       19.90       19.90         15583400.00
01/13/2016       19.82       20.90       19.80       20.65         54661000.00
01/12/2016       19.74       20.10       19.62       19.82         17659301.00
01/11/2016       20.40       20.40       19.02       19.20         22597500.00
01/08/2016       20.05       21.10       20.05       20.60         14357600.00
01/07/2016       21.60       21.60       20.50       20.50         12862900.00
01/06/2016       21.55       21.75       21.20       21.20         11926300.00
01/05/2016       21.30       21.85       20.90       21.55          7919700.00
01/04/2016       21.85       21.85       21.05       21.35          8714300.00
12/29/2015       22.05       22.30       21.45       21.70         32043301.00
12/28/2015       22.40       22.45       21.80       22.05          6761900.00
12/23/2015       22.65       22.85       22.40       22.40          8940900.00
12/22/2015       21.90       22.50       21.85       22.50         27449100.00
12/21/2015       21.85       22.40       21.85       21.85         14634800.00
12/18/2015       22.45       22.45       21.75       21.80         31229100.00
12/17/2015       22.40       22.75       22.30       22.50         23445801.00
12/16/2015       22.00       22.50       21.95       22.00         10930900.00
12/15/2015       22.00       22.20       21.75       21.75          5784300.00
12/14/2015       21.20       22.95       20.75       22.95          7662800.00
12/11/2015       21.25       21.50       20.80       21.20          4607500.00
12/10/2015       21.55       21.60       21.05       21.15         12180100.00
12/09/2015       20.75       21.80       20.75       21.55         10216300.00
12/08/2015       21.40       21.45       21.00       21.00          4410600.00
12/07/2015       21.45       21.85       21.35       21.40         13274900.00
12/04/2015       21.80       21.80       21.30       21.30          9843400.00
12/03/2015       22.35       22.45       21.80       22.15          4530100.00
12/02/2015       22.25       22.50       22.05       22.35          7856600.00
12/01/2015       21.10       22.50       21.10       22.30         20364699.00
11/27/2015       21.85       22.30       21.10       21.50         37029699.00
11/26/2015       22.00       22.20       21.80       21.85         11116000.00
11/25/2015       21.40       22.00       21.35       21.95         14996100.00
11/24/2015       21.40       21.40       21.20       21.40          8614200.00
11/23/2015       20.90       21.70       20.60       21.40         14483900.00
11/20/2015       20.60       20.95       20.60       20.90          8149300.00
11/17/2015       20.50       21.15       20.25       20.45         13781500.00
11/16/2015       20.70       20.80       19.90       20.30         13752200.00
11/13/2015       21.05       21.25       20.80       21.10         10327800.00
11/12/2015       21.90       21.90       21.25       21.25         31364699.00
11/11/2015       21.35       22.00       21.00       22.00         12867100.00
11/10/2015       21.65       21.80       21.30       21.50          7739500.00
11/09/2015       21.75       21.75       21.55       21.70          2506000.00
11/06/2015       21.70       22.20       21.50       21.80          6981900.00
11/05/2015       22.30       22.30       21.65       21.70          4252000.00
11/04/2015       21.85       22.50       21.85       22.40          7614600.00
11/03/2015       22.10       22.40       21.70       21.80         13112800.00
11/02/2015       21.70       22.00       21.45       22.00          6587200.00
10/30/2015       21.90       22.40       21.60       21.60         30094100.00
10/29/2015       22.45       22.50       21.65       21.70         12609500.00
10/28/2015       22.60       22.65       22.35       22.45          7524800.00
10/27/2015       22.20       22.75       22.00       22.70         11992900.00
10/26/2015       22.80       23.20       22.35       22.40         13530000.00
10/23/2015       22.20       22.80       22.15       22.65         21060400.00
10/22/2015       21.95       22.15       21.85       22.15         24557301.00
10/21/2015       21.60       22.15       21.60       22.00         11732500.00
10/20/2015       21.55       21.60       21.25       21.60          9101600.00
10/19/2015       21.50       21.85       21.50       21.60          4163800.00
10/16/2015       21.60       21.70       21.45       21.50          7097700.00
10/15/2015       21.50       21.60       21.05       21.40         27724900.00
10/14/2015       21.20       22.00       21.00       21.00         29048400.00
10/13/2015       21.85       21.90       21.10       21.10          9722000.00
10/12/2015       21.65       22.00       21.40       21.85          6201900.00
10/09/2015       21.50       21.80       21.35       21.65          9248100.00
10/08/2015       21.50       21.90       21.10       21.40          6215500.00
10/07/2015       21.00       21.50       21.00       21.50         11184400.00
10/06/2015       21.80       22.00       20.80       21.00         17899600.00
10/05/2015       20.50       22.10       20.45       21.50         24169900.00
10/02/2015       20.70       20.90       20.20       20.50          6871100.00
10/01/2015       21.00       21.05       20.40       20.70         10235500.00
09/30/2015       20.30       20.65       20.30       20.65         14785300.00
09/29/2015       19.90       20.35       19.62       20.10         21955400.00
09/28/2015       20.00       20.35       19.90       19.96          3542300.00
09/24/2015       19.88       20.00       19.78       19.84         13912800.00
09/23/2015       20.50       20.50       19.88       19.90         20501500.00
09/22/2015       21.50       21.65       20.50       20.90         10129600.00
09/21/2015       21.80       21.90       21.15       21.35         10757100.00
09/18/2015       21.10       22.35       21.05       22.35         51403801.00
09/17/2015       20.20       21.00       20.20       21.00         20351699.00
09/16/2015       20.05       20.65       20.05       20.10         15371400.00
09/15/2015       19.92       20.25       19.84       20.05         23273500.00
09/14/2015       19.60       19.96       19.34       19.90         13052900.00
09/11/2015       19.50       19.70       19.40       19.60         21935000.00
09/10/2015       19.40       19.60       19.20       19.46          8328600.00
09/09/2015       19.30       19.50       19.04       19.50         20209199.00
09/08/2015       19.08       19.18       18.84       19.10         10821100.00
09/07/2015       19.00       19.30       18.88       19.04         13727600.00
09/04/2015       19.58       19.60       19.00       19.06         23725600.00
09/03/2015       19.90       19.90       19.42       19.50         16231900.00
09/02/2015       19.66       19.92       19.18       19.84         16857500.00
09/01/2015       19.50       20.30       19.50       19.86         24740301.00
08/28/2015       19.50       19.62       19.12       19.50         23676600.00
08/27/2015       19.40       19.86       19.04       19.48         42865398.00
08/26/2015       18.80       19.12       18.60       18.80         33254102.00
08/25/2015       18.40       18.88       18.10       18.80         26968301.00
08/24/2015       19.50       19.50       18.30       18.70         27362699.00
08/20/2015       20.00       20.10       19.94       20.00          7178100.00
08/19/2015       20.00       20.20       19.96       20.00         10779700.00
08/18/2015       20.05       20.45       19.94       20.00         15019100.00
08/17/2015       20.15       20.40       19.92       20.00         13777700.00
08/14/2015       20.75       20.90       19.98       19.98         31180801.00
08/13/2015       21.75       21.75       20.85       20.95         15289100.00
08/12/2015       21.80       21.90       21.40       21.75         13431500.00
08/11/2015       21.90       22.00       21.80       22.00         10792200.00
08/10/2015       21.80       22.20       21.70       21.95          5533600.00
08/07/2015       21.80       21.80       21.25       21.80         11739200.00
08/06/2015       22.15       22.50       21.25       21.80         25225400.00
08/05/2015       21.80       22.30       21.80       22.00         10934400.00
08/04/2015       22.00       22.05       21.60       21.80         11237000.00
08/03/2015       21.45       22.30       21.45       21.60         18315600.00
07/31/2015       20.85       21.60       20.85       21.45         21159000.00
07/30/2015       21.00       21.80       21.00       21.25         18289900.00
07/29/2015       21.00       21.30       20.90       21.00         10928400.00
07/28/2015       20.50       21.30       20.50       20.85         10437500.00
07/27/2015       21.10       21.25       20.50       20.50          8690000.00
07/24/2015       21.50       21.50       21.10       21.30          6892500.00
07/23/2015       21.30       21.50       21.10       21.50         10832100.00
07/22/2015       21.35       21.50       21.05       21.50          5896500.00
07/21/2015       21.00       21.65       21.00       21.40         37107500.00
07/20/2015       21.00       21.05       20.75       21.00          8363700.00
07/16/2015       20.50       21.10       20.35       21.00         36627602.00
07/15/2015       20.35       20.65       20.30       20.50          8624600.00
07/14/2015       20.15       20.70       20.15       20.30         10093300.00
07/13/2015       20.15       20.75       19.98       20.70          9195900.00
07/10/2015       20.20       20.25       20.05       20.15         40957398.00
07/09/2015       20.00       20.40       19.80       20.20         33037898.00
07/08/2015       20.20       20.60       19.96       20.35         16145000.00
07/07/2015       20.00       20.25       19.98       20.20         10624300.00
07/06/2015       20.15       20.25       19.86       19.96          5392000.00
07/03/2015       19.94       20.35       19.94       20.35          9617200.00
07/02/2015       19.94       20.70       19.80       19.94         34918102.00
07/01/2015       19.80       20.10       19.60       20.00         23765500.00
06/30/2015       19.80       19.98       19.50       19.98         10961000.00
06/29/2015       19.90       19.92       19.40       19.84          7965400.00
06/26/2015       20.00       20.00       19.80       19.96         30246699.00
06/25/2015       20.05       20.15       19.90       20.00         35262199.00
06/24/2015       19.42       20.20       19.42       20.20         14800400.00
06/23/2015       19.68       19.68       19.20       19.42          6021900.00
06/22/2015       19.78       19.78       19.00       19.60          3385300.00
06/19/2015       19.60       19.82       19.44       19.44         46815699.00
06/18/2015       19.46       19.70       19.36       19.58         14538400.00
06/17/2015       19.26       19.48       19.24       19.42          8660200.00
06/16/2015       18.92       19.28       18.88       19.24          9213100.00
06/15/2015       19.26       19.48       18.90       18.90         25650699.00
06/11/2015       19.14       19.46       19.02       19.46          5877000.00
06/10/2015       18.70       19.14       18.70       19.10          8310400.00
06/09/2015       19.12       19.30       18.56       18.70         10526600.00
06/08/2015       19.40       19.50       19.18       19.48          3095900.00
06/05/2015       19.50       19.52       19.12       19.40         25944400.00
06/04/2015       19.70       19.70       19.16       19.50          9501800.00
06/03/2015       19.20       19.40       18.84       19.40         27141000.00
06/02/2015       19.20       19.30       18.90       19.26          9529600.00
06/01/2015       19.24       19.44       18.76       19.40          7937400.00
05/29/2015       19.00       19.70       18.90       19.24         21089699.00
05/28/2015       19.36       19.38       18.60       18.78         17471100.00
05/27/2015       19.52       19.52       19.10       19.36         41435000.00
05/26/2015       19.68       19.68       19.40       19.52         15268800.00
05/25/2015       19.68       19.68       19.54       19.64          3785100.00
05/22/2015       19.90       19.90       19.64       19.70         17015301.00
05/21/2015       19.80       19.90       19.44       19.58          9612700.00
05/20/2015       19.94       20.00       19.76       19.80         30542199.00
05/19/2015       20.20       20.20       19.80       19.94         10566500.00
05/18/2015       19.70       20.10       19.70       20.10          5630800.00
05/15/2015       19.68       19.98       19.62       19.70          5482500.00
05/14/2015       19.62       19.68       19.48       19.56         13652200.00
05/13/2015       19.60       19.70       19.46       19.52          5861400.00
05/12/2015       19.64       19.68       19.44       19.64          7249800.00
05/11/2015       19.64       19.78       19.56       19.64          7752900.00
05/08/2015       19.90       19.94       19.64       19.64          7322400.00
05/07/2015       19.56       19.96       19.20       19.90         13295000.00
05/06/2015       19.86       19.86       19.54       19.60         32406500.00
05/05/2015       19.20       19.90       19.20       19.90         24580801.00
05/04/2015       18.70       19.18       18.40       19.00         23848199.00
04/30/2015       19.10       19.20       18.60       18.66         43654000.00
04/29/2015       19.42       19.58       19.04       19.10         67230094.00
04/28/2015       20.20       20.20       19.40       19.40         13620100.00
04/27/2015       19.88       20.20       19.74       20.15         15405500.00
04/24/2015       19.70       19.84       19.50       19.84         49123398.00
04/23/2015       19.60       19.80       19.22       19.60         55476199.00
04/22/2015       19.36       19.46       19.08       19.10         21567900.00
04/21/2015       19.22       19.40       19.18       19.30         14368900.00
04/20/2015       19.82       19.82       19.02       19.06         23930900.00
04/17/2015       19.84       20.20       19.52       19.80         18587000.00
04/16/2015       19.88       20.10       19.68       19.80         10195600.00
04/15/2015       20.50       20.60       19.54       19.86         25816600.00
04/14/2015       20.45       20.95       20.30       20.50         10024500.00
04/13/2015       20.65       20.70       20.30       20.45         11223500.00
04/10/2015       20.30       20.90       20.30       20.65         15598900.00
04/08/2015       21.05       21.05       20.40       20.60         10755400.00
04/07/2015       20.65       21.35       20.55       21.05         15938700.00
04/06/2015       20.25       20.65       20.10       20.40          8515800.00
04/01/2015       20.00       20.35       19.98       20.10         13406100.00
03/31/2015       20.00       20.10       19.82       19.98         12430100.00
03/30/2015       20.35       20.60       19.60       19.60         12460700.00
03/27/2015       19.90       20.20       19.90       20.15          8480600.00
03/26/2015       20.00       20.30       19.80       19.90         30144199.00
03/25/2015       20.35       20.35       19.94       20.20          7341300.00
03/24/2015       20.25       20.35       19.86       20.20         14225500.00
03/23/2015       19.90       20.20       19.90       20.20         16238600.00
03/20/2015       19.52       20.20       19.52       20.20         15911000.00
03/19/2015       19.78       19.96       19.64       19.76         16755900.00
03/18/2015       19.78       19.80       19.30       19.70         17370600.00
03/17/2015       19.40       19.88       19.40       19.80          7588000.00
03/16/2015       19.80       19.88       19.28       19.28          5209000.00
03/13/2015       19.60       19.80       19.54       19.80         10672300.00
03/12/2015       19.44       19.90       19.44       19.60         13307800.00
03/11/2015       19.58       19.58       19.20       19.30          9431800.00
03/10/2015       19.66       19.86       19.66       19.70         15258400.00
03/09/2015       19.90       19.90       19.50       19.66          4310700.00
03/06/2015       19.82       19.94       19.76       19.90          7266600.00
03/05/2015       19.80       19.96       19.68       19.80         10703700.00
03/04/2015       19.60       19.90       19.56       19.70          6682700.00
03/03/2015       19.86       19.86       19.54       19.60          9782400.00
03/02/2015       19.68       19.70       19.40       19.60         16154200.00
02/27/2015       20.20       20.40       19.54       19.76        126406094.00
02/26/2015       20.00       20.25       19.90       20.20         24167500.00
02/25/2015       20.20       20.40       19.98       20.20         16653301.00
02/24/2015       19.50       20.05       19.50       20.00         37511301.00
02/23/2015       19.64       19.74       19.32       19.40         11070900.00
02/20/2015       19.94       19.94       19.60       19.68          5431500.00
02/18/2015       19.72       20.40       19.64       19.94         27610600.00
02/17/2015       19.40       19.76       19.34       19.60          9093300.00
02/16/2015       19.60       19.80       19.38       19.38          3430000.00
02/13/2015       19.52       19.72       19.40       19.58          9749800.00
02/12/2015       19.76       19.80       19.44       19.52         24352600.00
02/11/2015       19.10       19.60       19.02       19.12         25841801.00
02/10/2015       19.26       19.26       18.90       18.94         10602200.00
02/09/2015       18.92       19.22       18.92       19.02          8554200.00
02/06/2015       18.60       19.20       18.60       18.92         12060700.00
02/05/2015       18.60       18.70       18.38       18.44          9160700.00
02/04/2015       18.50       19.06       18.50       18.60         14986800.00
02/03/2015       18.56       18.76       18.28       18.44         11818500.00
02/02/2015       18.60       18.76       18.44       18.70         10868700.00
01/30/2015       18.70       19.00       18.60       18.60         25035199.00
01/29/2015       18.88       19.26       18.60       18.68         21792600.00
01/28/2015       19.38       19.40       19.04       19.10          8715900.00
01/27/2015       19.40       19.40       19.26       19.40         11684000.00
01/26/2015       19.18       19.48       19.18       19.40         29211301.00
01/23/2015       18.80       19.20       18.80       19.20         22885199.00
01/22/2015       18.56       18.62       18.00       18.52         17651000.00
01/21/2015       18.60       18.88       18.34       18.58         13227600.00
01/20/2015       18.74       19.10       18.52       18.60         21674801.00
01/19/2015       18.00       18.80       17.90       18.78         39075699.00
01/14/2015       17.48       17.94       17.48       17.90         15435600.00
01/13/2015       17.44       17.60       17.30       17.46          8441900.00
01/12/2015       17.44       17.58       17.42       17.44          9682200.00
01/09/2015       17.24       17.48       17.24       17.38         13433300.00
01/08/2015       16.80       17.30       16.80       17.20         12347900.00
01/07/2015       16.78       17.10       16.70       16.88          6011300.00
01/06/2015       16.80       16.90       16.70       16.78          7051200.00
01/05/2015       17.00       17.00       16.82       16.82          5330700.00
