TEL  1216

12/27/2019      999.50     1003.00      988.00      988.00           124630.00
12/26/2019     1020.00     1023.00      998.50      999.50            91490.00
12/23/2019     1000.00     1020.00      999.50     1020.00            91005.00
12/20/2019      999.00     1000.00      978.50     1000.00           379340.00
12/19/2019      991.50     1000.00      990.00      999.00           152220.00
12/18/2019      997.50     1000.00      990.00     1000.00           143740.00
12/17/2019      990.00      997.50      981.00      994.50            97040.00
12/16/2019     1001.00     1004.00      985.50      990.00            75280.00
12/13/2019     1003.00     1015.00      999.00     1001.00            89210.00
12/12/2019     1003.00     1013.00      998.00      998.00            64820.00
12/11/2019     1001.00     1018.00     1001.00     1003.00            78050.00
12/10/2019     1033.00     1033.00     1000.00     1000.00           295135.00
12/09/2019     1057.00     1057.00     1022.00     1035.00           120295.00
12/06/2019     1051.00     1084.00     1045.00     1052.00           123065.00
12/05/2019     1071.00     1088.00     1040.00     1042.00           116825.00
12/04/2019     1068.00     1095.00     1068.00     1072.00            45470.00
12/03/2019     1066.00     1095.00     1066.00     1085.00            30215.00
12/02/2019     1100.00     1100.00     1062.00     1064.00            62110.00
11/29/2019     1088.00     1090.00     1075.00     1075.00            75745.00
11/28/2019     1100.00     1100.00     1075.00     1087.00            99675.00
11/27/2019     1103.00     1105.00     1080.00     1080.00            88760.00
11/26/2019     1094.00     1108.00     1094.00     1108.00           285125.00
11/25/2019     1106.00     1114.00     1090.00     1094.00            57075.00
11/22/2019     1091.00     1116.00     1081.00     1116.00            96885.00
11/21/2019     1100.00     1107.00     1085.00     1098.00            93070.00
11/20/2019     1104.00     1109.00     1099.00     1100.00            31720.00
11/19/2019     1107.00     1114.00     1100.00     1112.00            63630.00
11/18/2019     1102.00     1110.00     1101.00     1102.00           123840.00
11/15/2019     1100.00     1108.00     1097.00     1104.00            54240.00
11/14/2019     1100.00     1106.00     1090.00     1100.00            82475.00
11/13/2019     1101.00     1110.00     1100.00     1100.00            69365.00
11/12/2019     1117.00     1117.00     1105.00     1108.00            46105.00
11/11/2019     1101.00     1112.00     1101.00     1106.00            51605.00
11/08/2019     1100.00     1119.00     1099.00     1110.00            45170.00
11/07/2019     1120.00     1120.00     1097.00     1110.00           128945.00
11/06/2019     1133.00     1133.00     1108.00     1121.00            64050.00
11/05/2019     1120.00     1146.00     1114.00     1133.00           182370.00
11/04/2019     1104.00     1127.00     1100.00     1111.00            64520.00
10/31/2019     1093.00     1108.00     1093.00     1100.00            64910.00
10/30/2019     1106.00     1106.00     1089.00     1090.00           103425.00
10/29/2019     1093.00     1118.00     1093.00     1100.00           106285.00
10/28/2019     1100.00     1109.00     1091.00     1092.00           205075.00
10/25/2019     1119.00     1119.00     1099.00     1099.00            47465.00
10/24/2019     1114.00     1120.00     1102.00     1110.00           126605.00
10/23/2019     1120.00     1124.00     1112.00     1112.00            68550.00
10/22/2019     1115.00     1138.00     1106.00     1120.00            98600.00
10/21/2019     1110.00     1123.00     1104.00     1115.00            35225.00
10/18/2019     1107.00     1115.00     1107.00     1110.00            57960.00
10/17/2019     1105.00     1117.00     1105.00     1106.00            87545.00
10/16/2019     1105.00     1127.00     1100.00     1115.00            65715.00
10/15/2019     1112.00     1114.00     1095.00     1100.00            73525.00
10/14/2019     1107.00     1125.00     1107.00     1116.00            28945.00
10/11/2019     1110.00     1133.00     1108.00     1108.00            93580.00
10/10/2019     1096.00     1118.00     1096.00     1107.00            41140.00
10/09/2019     1100.00     1102.00     1090.00     1095.00            91160.00
10/08/2019     1104.00     1142.00     1095.00     1100.00            85020.00
10/07/2019     1100.00     1108.00     1090.00     1100.00            22290.00
10/04/2019     1098.00     1107.00     1092.00     1098.00            53790.00
10/03/2019     1110.00     1110.00     1090.00     1100.00           111240.00
10/02/2019     1120.00     1124.00     1102.00     1120.00            46725.00
10/01/2019     1131.00     1132.00     1120.00     1128.00            66215.00
09/30/2019     1128.00     1145.00     1127.00     1132.00            74880.00
09/27/2019     1130.00     1149.00     1127.00     1127.00            83115.00
09/26/2019     1120.00     1130.00     1116.00     1127.00            48545.00
09/25/2019     1110.00     1116.00     1100.00     1108.00            47135.00
09/24/2019     1105.00     1120.00     1105.00     1108.00            79885.00
09/23/2019     1148.00     1158.00     1112.00     1112.00            95815.00
09/20/2019     1159.00     1175.00     1145.00     1147.00           298000.00
09/19/2019     1172.00     1177.00     1155.00     1159.00            51900.00
09/18/2019     1177.00     1177.00     1165.00     1169.00            33505.00
09/17/2019     1175.00     1179.00     1167.00     1179.00            36375.00
09/16/2019     1200.00     1200.00     1155.00     1175.00           102215.00
09/13/2019     1195.00     1205.00     1191.00     1204.00            61910.00
09/12/2019     1196.00     1196.00     1176.00     1194.00            39095.00
09/11/2019     1180.00     1198.00     1180.00     1197.00           101170.00
09/10/2019     1159.00     1184.00     1159.00     1180.00           124535.00
09/09/2019     1152.00     1160.00     1146.00     1154.00            66240.00
09/06/2019     1150.00     1154.00     1140.00     1144.00            38720.00
09/05/2019     1133.00     1156.00     1133.00     1140.00           130900.00
09/04/2019     1157.00     1160.00     1133.00     1133.00            87205.00
09/03/2019     1164.00     1184.00     1148.00     1148.00            76175.00
09/02/2019     1170.00     1170.00     1151.00     1164.00            22545.00
08/30/2019     1124.00     1179.00     1121.00     1179.00           190395.00
08/29/2019     1120.00     1130.00     1111.00     1125.00           174690.00
08/28/2019     1120.00     1129.00     1110.00     1120.00           146810.00
08/27/2019     1132.00     1144.00     1100.00     1117.00           235315.00
08/23/2019     1128.00     1156.00     1116.00     1149.00           146335.00
08/22/2019     1106.00     1135.00     1090.00     1130.00           249975.00
08/20/2019     1118.00     1118.00     1105.00     1105.00           132770.00
08/19/2019     1142.00     1150.00     1134.00     1149.00           132250.00
08/16/2019     1141.00     1184.00     1131.00     1131.00           152215.00
08/15/2019     1163.00     1165.00     1126.00     1152.00           116125.00
08/14/2019     1177.00     1190.00     1150.00     1170.00           149875.00
08/13/2019     1185.00     1210.00     1140.00     1170.00           393760.00
08/09/2019     1168.00     1208.00     1168.00     1184.00           232525.00
08/08/2019     1100.00     1164.00     1092.00     1164.00           145780.00
08/07/2019     1117.00     1145.00     1080.00     1090.00           286420.00
08/06/2019     1144.00     1144.00     1105.00     1105.00           100635.00
08/05/2019     1150.00     1159.00     1138.00     1145.00           148750.00
08/02/2019     1144.00     1165.00     1130.00     1150.00           140275.00
08/01/2019     1150.00     1150.00     1130.00     1145.00            40395.00
07/31/2019     1150.00     1150.00     1125.00     1150.00           114400.00
07/30/2019     1135.00     1163.00     1134.00     1138.00           118375.00
07/29/2019     1139.00     1148.00     1133.00     1134.00            77615.00
07/26/2019     1148.00     1160.00     1126.00     1135.00            75280.00
07/25/2019     1139.00     1160.00     1119.00     1160.00           108585.00
07/24/2019     1155.00     1165.00     1120.00     1120.00           123975.00
07/23/2019     1184.00     1198.00     1148.00     1148.00           252305.00
07/22/2019     1176.00     1189.00     1174.00     1184.00            58350.00
07/19/2019     1198.00     1203.00     1187.00     1187.00           165360.00
07/18/2019     1200.00     1200.00     1176.00     1180.00           177225.00
07/17/2019     1228.00     1228.00     1185.00     1185.00            66910.00
07/16/2019     1222.00     1238.00     1200.00     1200.00           126840.00
07/15/2019     1220.00     1235.00     1214.00     1222.00            73970.00
07/12/2019     1224.00     1245.00     1214.00     1214.00           137130.00
07/11/2019     1209.00     1222.00     1190.00     1210.00           119575.00
07/10/2019     1194.00     1200.00     1188.00     1198.00            76470.00
07/09/2019     1205.00     1225.00     1179.00     1193.00           149155.00
07/08/2019     1259.00     1259.00     1204.00     1205.00            62835.00
07/05/2019     1246.00     1267.00     1240.00     1240.00            68375.00
07/04/2019     1265.00     1272.00     1240.00     1240.00            52495.00
07/03/2019     1290.00     1290.00     1256.00     1256.00            53050.00
07/02/2019     1272.00     1286.00     1268.00     1280.00            51305.00
07/01/2019     1290.00     1295.00     1266.00     1272.00            57175.00
06/28/2019     1300.00     1318.00     1274.00     1290.00            99280.00
06/27/2019     1280.00     1304.00     1280.00     1303.00           118600.00
06/26/2019     1300.00     1300.00     1274.00     1288.00            47160.00
06/25/2019     1299.00     1302.00     1288.00     1299.00           102040.00
06/24/2019     1280.00     1304.00     1276.00     1294.00            96210.00
06/21/2019     1263.00     1280.00     1252.00     1280.00           293410.00
06/20/2019     1232.00     1265.00     1232.00     1251.00           174075.00
06/19/2019     1213.00     1245.00     1201.00     1231.00           289610.00
06/18/2019     1195.00     1206.00     1164.00     1178.00           190270.00
06/17/2019     1230.00     1239.00     1195.00     1195.00           256930.00
06/14/2019     1238.00     1240.00     1225.00     1230.00           142640.00
06/13/2019     1230.00     1238.00     1230.00     1231.00           344285.00
06/11/2019     1232.00     1262.00     1229.00     1230.00           158995.00
06/10/2019     1232.00     1244.00     1227.00     1230.00           109600.00
06/07/2019     1232.00     1239.00     1230.00     1230.00           122420.00
06/06/2019     1246.00     1268.00     1230.00     1230.00           269330.00
06/04/2019     1263.00     1278.00     1240.00     1244.00           840035.00
06/03/2019     1340.00     1373.00     1331.00     1358.00           185595.00
05/31/2019     1293.00     1350.00     1293.00     1350.00           220625.00
05/30/2019     1274.00     1317.00     1271.00     1280.00           196310.00
05/29/2019     1281.00     1300.00     1273.00     1273.00            88160.00
05/28/2019     1283.00     1316.00     1273.00     1277.00           593715.00
05/27/2019     1313.00     1340.00     1282.00     1282.00            76155.00
05/24/2019     1301.00     1350.00     1280.00     1350.00           168195.00
05/23/2019     1320.00     1340.00     1311.00     1327.00           126635.00
05/22/2019     1299.00     1333.00     1293.00     1321.00           168020.00
05/21/2019     1270.00     1310.00     1264.00     1303.00           158165.00
05/20/2019     1256.00     1275.00     1256.00     1270.00           101950.00
05/17/2019     1230.00     1264.00     1230.00     1255.00           145410.00
05/16/2019     1222.00     1238.00     1210.00     1220.00           181770.00
05/15/2019     1225.00     1244.00     1213.00     1221.00           121270.00
05/14/2019     1240.00     1279.00     1214.00     1240.00           231055.00
05/10/2019     1288.00     1288.00     1240.00     1240.00           167310.00
05/09/2019     1250.00     1290.00     1231.00     1290.00           353170.00
05/08/2019     1230.00     1248.00     1220.00     1245.00            91700.00
05/07/2019     1230.00     1257.00     1220.00     1254.00            66855.00
05/06/2019     1220.00     1250.00     1205.00     1245.00            83860.00
05/03/2019     1240.00     1260.00     1200.00     1220.00           120425.00
05/02/2019     1230.00     1242.00     1220.00     1240.00            50945.00
04/30/2019     1206.00     1230.00     1200.00     1230.00           114255.00
04/29/2019     1208.00     1212.00     1190.00     1208.00           189760.00
04/26/2019     1235.00     1235.00     1214.00     1220.00            97555.00
04/25/2019     1237.00     1237.00     1202.00     1234.00            99875.00
04/24/2019     1230.00     1238.00     1227.00     1232.00            54865.00
04/23/2019     1240.00     1240.00     1225.00     1233.00           104865.00
04/22/2019     1220.00     1240.00     1219.00     1240.00           189495.00
04/17/2019     1195.00     1227.00     1192.00     1224.00           203475.00
04/16/2019     1175.00     1199.00     1169.00     1195.00            95675.00
04/15/2019     1183.00     1186.00     1160.00     1160.00            63785.00
04/12/2019     1163.00     1180.00     1162.00     1179.00           156820.00
04/11/2019     1163.00     1168.00     1152.00     1165.00           130625.00
04/10/2019     1165.00     1168.00     1150.00     1165.00           243265.00
04/08/2019     1140.00     1160.00     1135.00     1150.00           276855.00
04/05/2019     1145.00     1154.00     1140.00     1145.00            84205.00
04/04/2019     1130.00     1150.00     1130.00     1146.00           102115.00
04/03/2019     1137.00     1140.00     1121.00     1131.00            78485.00
04/02/2019     1120.00     1132.00     1112.00     1130.00           139515.00
04/01/2019     1139.00     1139.00     1102.00     1105.00            82710.00
03/29/2019     1150.00     1150.00     1137.00     1150.00           174315.00
03/28/2019     1182.00     1182.00     1139.00     1139.00           103930.00
03/27/2019     1168.00     1187.00     1160.00     1167.00            56825.00
03/26/2019     1149.00     1174.00     1149.00     1164.00           175025.00
03/25/2019     1180.00     1182.00     1142.00     1149.00            92070.00
03/22/2019     1181.00     1188.00     1180.00     1185.00            76585.00
03/21/2019     1160.00     1190.00     1160.00     1180.00            93395.00
03/20/2019     1160.00     1165.00     1152.00     1160.00           132395.00
03/19/2019     1154.00     1160.00     1146.00     1148.00            90425.00
03/18/2019     1160.00     1164.00     1137.00     1150.00           108415.00
03/15/2019     1133.00     1161.00     1113.00     1161.00           356070.00
03/14/2019     1120.00     1156.00     1120.00     1132.00           218560.00
03/13/2019     1116.00     1119.00     1102.00     1119.00            74370.00
03/12/2019     1090.00     1113.00     1089.00     1107.00           114980.00
03/11/2019     1077.00     1097.00     1075.00     1075.00           160875.00
03/08/2019     1060.00     1095.00     1060.00     1075.00           119850.00
03/07/2019     1088.00     1105.00     1070.00     1075.00           224830.00
03/06/2019     1082.00     1106.00     1081.00     1085.00           152970.00
03/05/2019     1050.00     1076.00     1037.00     1075.00           156495.00
03/04/2019     1030.00     1045.00     1025.00     1036.00           204860.00
03/01/2019     1040.00     1046.00     1025.00     1030.00           211705.00
02/28/2019     1052.00     1052.00     1015.00     1030.00           458410.00
02/27/2019     1098.00     1098.00     1030.00     1050.00           181775.00
02/26/2019     1117.00     1120.00     1081.00     1098.00           118345.00
02/22/2019     1090.00     1123.00     1083.00     1113.00           279075.00
02/21/2019     1096.00     1100.00     1070.00     1080.00           176520.00
02/20/2019     1107.00     1140.00     1070.00     1070.00           322095.00
02/19/2019     1126.00     1126.00     1101.00     1101.00           174850.00
02/18/2019     1131.00     1148.00     1110.00     1110.00           127245.00
02/15/2019     1170.00     1202.00     1112.00     1112.00           247530.00
02/14/2019     1190.00     1197.00     1170.00     1170.00            56385.00
02/13/2019     1238.00     1238.00     1170.00     1190.00           150540.00
02/12/2019     1216.00     1227.00     1215.00     1215.00            54175.00
02/11/2019     1240.00     1247.00     1210.00     1216.00            92985.00
02/08/2019     1277.00     1277.00     1230.00     1240.00           127535.00
02/07/2019     1290.00     1294.00     1276.00     1283.00            80360.00
02/06/2019     1318.00     1329.00     1290.00     1290.00           116440.00
02/04/2019     1312.00     1316.00     1290.00     1300.00            54355.00
02/01/2019     1285.00     1313.00     1285.00     1313.00            77855.00
01/31/2019     1310.00     1324.00     1290.00     1290.00           184135.00
01/30/2019     1365.00     1366.00     1300.00     1305.00           113875.00
01/29/2019     1385.00     1386.00     1351.00     1380.00            93975.00
01/28/2019     1330.00     1386.00     1330.00     1385.00           146975.00
01/25/2019     1286.00     1329.00     1285.00     1328.00           254160.00
01/24/2019     1255.00     1296.00     1254.00     1286.00           167305.00
01/23/2019     1241.00     1253.00     1230.00     1253.00            92170.00
01/22/2019     1228.00     1249.00     1220.00     1240.00            65090.00
01/21/2019     1250.00     1258.00     1225.00     1225.00            21605.00
01/18/2019     1237.00     1248.00     1237.00     1247.00            48240.00
01/17/2019     1230.00     1247.00     1225.00     1237.00           112635.00
01/16/2019     1225.00     1235.00     1199.00     1215.00           125685.00
01/15/2019     1210.00     1220.00     1205.00     1215.00           128555.00
01/14/2019     1228.00     1229.00     1187.00     1199.00           168465.00
01/11/2019     1233.00     1255.00     1205.00     1205.00           149575.00
01/10/2019     1185.00     1236.00     1182.00     1234.00           194335.00
01/09/2019     1165.00     1186.00     1165.00     1186.00           104990.00
01/08/2019     1162.00     1177.00     1140.00     1140.00            42255.00
01/07/2019     1160.00     1192.00     1148.00     1148.00            73100.00
01/04/2019     1158.00     1185.00     1148.00     1160.00            89605.00
01/03/2019     1139.00     1164.00     1134.00     1158.00            81120.00
01/02/2019     1169.00     1169.00     1128.00     1130.00            28825.00
12/28/2018     1150.00     1150.00     1125.00     1125.00           110775.00
12/27/2018     1150.00     1161.00     1137.00     1150.00           119760.00
12/26/2018     1150.00     1156.00     1143.00     1150.00            41180.00
12/21/2018     1169.00     1169.00     1139.00     1149.00           150175.00
12/20/2018     1165.00     1176.00     1145.00     1170.00           148520.00
12/19/2018     1150.00     1166.00     1138.00     1153.00            79345.00
12/18/2018     1154.00     1155.00     1129.00     1129.00           133675.00
12/17/2018     1141.00     1164.00     1139.00     1164.00           120825.00
12/14/2018     1140.00     1146.00     1134.00     1140.00            66820.00
12/13/2018     1154.00     1155.00     1134.00     1134.00           129525.00
12/12/2018     1140.00     1154.00     1139.00     1140.00            63570.00
12/11/2018     1165.00     1170.00     1140.00     1140.00            98690.00
12/10/2018     1165.00     1179.00     1160.00     1168.00            31230.00
12/07/2018     1188.00     1198.00     1165.00     1165.00            63700.00
12/06/2018     1207.00     1207.00     1188.00     1188.00            86480.00
12/05/2018     1190.00     1207.00     1189.00     1207.00            44425.00
12/04/2018     1180.00     1200.00     1171.00     1196.00           161505.00
12/03/2018     1188.00     1200.00     1157.00     1170.00           240650.00
11/29/2018     1180.00     1200.00     1158.00     1158.00           347045.00
11/28/2018     1176.00     1200.00     1165.00     1178.00            91330.00
11/27/2018     1188.00     1200.00     1160.00     1176.00            88765.00
11/26/2018     1208.00     1210.00     1182.00     1188.00           121800.00
11/23/2018     1208.00     1223.00     1200.00     1200.00            36875.00
11/22/2018     1224.00     1224.00     1198.00     1208.00            38115.00
11/21/2018     1230.00     1230.00     1190.00     1225.00            89150.00
11/20/2018     1235.00     1236.00     1200.00     1216.00            34310.00
11/19/2018     1170.00     1236.00     1170.00     1236.00            73780.00
11/16/2018     1190.00     1225.00     1165.00     1165.00           108705.00
11/15/2018     1177.00     1200.00     1165.00     1165.00            49095.00
11/14/2018     1183.00     1209.00     1150.00     1177.00            72970.00
11/13/2018     1200.00     1221.00     1178.00     1180.00            86345.00
11/12/2018     1220.00     1244.00     1202.00     1202.00           103805.00
11/09/2018     1284.00     1284.00     1186.00     1220.00           104580.00
11/08/2018     1321.00     1321.00     1272.00     1284.00           169425.00
11/07/2018     1400.00     1400.00     1290.00     1321.00           160010.00
11/06/2018     1419.00     1420.00     1375.00     1400.00            84730.00
11/05/2018     1410.00     1419.00     1390.00     1419.00           121335.00
10/31/2018     1355.00     1398.00     1340.00     1390.00           131710.00
10/30/2018     1400.00     1409.00     1355.00     1355.00            38725.00
10/29/2018     1370.00     1409.00     1355.00     1400.00            55075.00
10/26/2018     1382.00     1385.00     1379.00     1381.00            51005.00
10/25/2018     1395.00     1395.00     1368.00     1380.00            55200.00
10/24/2018     1384.00     1415.00     1384.00     1396.00            41750.00
10/23/2018     1410.00     1415.00     1370.00     1376.00            41640.00
10/22/2018     1430.00     1435.00     1400.00     1411.00            34615.00
10/19/2018     1425.00     1436.00     1390.00     1430.00            73660.00
10/18/2018     1369.00     1420.00     1369.00     1420.00            34230.00
10/17/2018     1375.00     1400.00     1361.00     1400.00            47865.00
10/16/2018     1370.00     1400.00     1360.00     1400.00            37240.00
10/15/2018     1400.00     1400.00     1368.00     1368.00            25505.00
10/12/2018     1350.00     1400.00     1349.00     1400.00            65605.00
10/11/2018     1370.00     1370.00     1340.00     1364.00            62060.00
10/10/2018     1428.00     1428.00     1379.00     1386.00            42970.00
10/09/2018     1415.00     1415.00     1390.00     1406.00            66765.00
10/08/2018     1399.00     1448.00     1381.00     1415.00           162010.00
10/05/2018     1380.00     1401.00     1376.00     1390.00           113100.00
10/04/2018     1400.00     1400.00     1380.00     1394.00            58595.00
10/03/2018     1405.00     1409.00     1370.00     1400.00            49295.00
10/02/2018     1409.00     1409.00     1380.00     1399.00            45080.00
10/01/2018     1344.00     1412.00     1336.00     1412.00            85870.00
09/28/2018     1311.00     1363.00     1311.00     1350.00           203125.00
09/27/2018     1365.00     1372.00     1270.00     1300.00           204330.00
09/26/2018     1412.00     1412.00     1363.00     1365.00            37680.00
09/25/2018     1436.00     1436.00     1401.00     1412.00            60705.00
09/24/2018     1433.00     1438.00     1415.00     1438.00            48890.00
09/21/2018     1415.00     1438.00     1397.00     1438.00           250360.00
09/20/2018     1400.00     1410.00     1370.00     1370.00            54430.00
09/19/2018     1424.00     1426.00     1395.00     1400.00            71265.00
09/18/2018     1412.00     1425.00     1410.00     1410.00            76855.00
09/17/2018     1415.00     1418.00     1401.00     1410.00            28440.00
09/14/2018     1430.00     1430.00     1414.00     1415.00           115620.00
09/13/2018     1428.00     1430.00     1406.00     1430.00            85165.00
09/12/2018     1395.00     1428.00     1395.00     1428.00           101740.00
09/11/2018     1404.00     1405.00     1392.00     1392.00            44420.00
09/10/2018     1420.00     1420.00     1404.00     1404.00            63680.00
09/07/2018     1424.00     1430.00     1411.00     1424.00            95445.00
09/06/2018     1435.00     1435.00     1403.00     1425.00            74295.00
09/05/2018     1410.00     1438.00     1401.00     1438.00            75015.00
09/04/2018     1410.00     1439.00     1407.00     1430.00            49390.00
09/03/2018     1420.00     1420.00     1403.00     1410.00            27670.00
08/31/2018     1400.00     1415.00     1380.00     1393.00           101985.00
08/30/2018     1403.00     1414.00     1398.00     1400.00           117405.00
08/29/2018     1425.00     1425.00     1392.00     1415.00            43175.00
08/28/2018     1439.00     1447.00     1416.00     1428.00            73160.00
08/24/2018     1444.00     1444.00     1414.00     1439.00            58450.00
08/23/2018     1404.00     1445.00     1400.00     1445.00           122030.00
08/22/2018     1399.00     1408.00     1375.00     1408.00            54045.00
08/20/2018     1395.00     1408.00     1386.00     1399.00            60285.00
08/17/2018     1368.00     1395.00     1368.00     1395.00            36155.00
08/16/2018     1375.00     1380.00     1341.00     1368.00            38140.00
08/15/2018     1350.00     1370.00     1350.00     1350.00            49745.00
08/14/2018     1352.00     1380.00     1350.00     1364.00            47540.00
08/13/2018     1370.00     1398.00     1342.00     1370.00            41700.00
08/10/2018     1352.00     1375.00     1345.00     1375.00           111985.00
08/09/2018     1370.00     1378.00     1320.00     1347.00           116425.00
08/08/2018     1320.00     1360.00     1320.00     1350.00            53840.00
08/07/2018     1360.00     1380.00     1320.00     1320.00            26620.00
08/06/2018     1396.00     1396.00     1355.00     1355.00            42215.00
08/03/2018     1360.00     1380.00     1351.00     1380.00            85735.00
08/02/2018     1370.00     1380.00     1351.00     1354.00            33045.00
08/01/2018     1337.00     1385.00     1337.00     1385.00            92150.00
07/31/2018     1360.00     1360.00     1327.00     1337.00           113740.00
07/30/2018     1359.00     1364.00     1351.00     1359.00            71035.00
07/27/2018     1355.00     1370.00     1345.00     1351.00            63910.00
07/26/2018     1355.00     1380.00     1355.00     1361.00            75085.00
07/25/2018     1340.00     1395.00     1338.00     1342.00            91800.00
07/24/2018     1340.00     1348.00     1336.00     1340.00            26910.00
07/23/2018     1374.00     1374.00     1342.00     1344.00            49885.00
07/20/2018     1369.00     1372.00     1353.00     1372.00            29775.00
07/19/2018     1367.00     1370.00     1355.00     1366.00            31695.00
07/18/2018     1363.00     1370.00     1359.00     1365.00            59275.00
07/17/2018     1340.00     1355.00     1327.00     1355.00            43775.00
07/16/2018     1355.00     1355.00     1335.00     1340.00            46860.00
07/13/2018     1350.00     1358.00     1340.00     1355.00            58350.00
07/12/2018     1341.00     1356.00     1332.00     1350.00           106555.00
07/11/2018     1310.00     1370.00     1310.00     1360.00           137835.00
07/10/2018     1300.00     1333.00     1297.00     1323.00            94065.00
07/09/2018     1294.00     1305.00     1290.00     1295.00            30970.00
07/06/2018     1292.00     1299.00     1265.00     1290.00            35825.00
07/05/2018     1299.00     1299.00     1273.00     1279.00            77130.00
07/04/2018     1268.00     1299.00     1268.00     1299.00            52810.00
07/03/2018     1257.00     1275.00     1257.00     1268.00            59965.00
07/02/2018     1260.00     1295.00     1252.00     1295.00            80240.00
06/29/2018     1248.00     1295.00     1235.00     1290.00            80060.00
06/28/2018     1218.00     1275.00     1214.00     1248.00           120595.00
06/27/2018     1195.00     1225.00     1180.00     1214.00            96415.00
06/26/2018     1189.00     1195.00     1160.00     1195.00            68945.00
06/25/2018     1189.00     1198.00     1151.00     1175.00           116810.00
06/22/2018     1174.00     1174.00     1100.00     1133.00           180835.00
06/21/2018     1230.00     1237.00     1150.00     1150.00           172815.00
06/20/2018     1248.00     1248.00     1220.00     1230.00            91680.00
06/19/2018     1251.00     1254.00     1210.00     1210.00           100435.00
06/18/2018     1272.00     1273.00     1237.00     1251.00           120315.00
06/14/2018     1288.00     1310.00     1272.00     1297.00           172195.00
06/13/2018     1310.00     1310.00     1270.00     1299.00            72860.00
06/11/2018     1317.00     1317.00     1298.00     1312.00            31520.00
06/08/2018     1314.00     1319.00     1278.00     1319.00            48110.00
06/07/2018     1301.00     1313.00     1289.00     1291.00           255500.00
06/06/2018     1320.00     1328.00     1305.00     1314.00            21885.00
06/05/2018     1301.00     1320.00     1290.00     1320.00            43190.00
06/04/2018     1295.00     1320.00     1283.00     1302.00            51450.00
06/01/2018     1276.00     1299.00     1269.00     1295.00            91065.00
05/31/2018     1288.00     1300.00     1270.00     1295.00           315375.00
05/30/2018     1320.00     1320.00     1288.00     1288.00            97300.00
05/29/2018     1307.00     1328.00     1292.00     1316.00            55165.00
05/28/2018     1380.00     1382.00     1295.00     1295.00           209040.00
05/25/2018     1421.00     1422.00     1375.00     1380.00            99490.00
05/24/2018     1379.00     1395.00     1361.00     1395.00            30495.00
05/23/2018     1370.00     1395.00     1340.00     1374.00           131775.00
05/22/2018     1367.00     1380.00     1360.00     1370.00            33400.00
05/21/2018     1386.00     1386.00     1365.00     1366.00            29615.00
05/18/2018     1374.00     1395.00     1354.00     1395.00            44225.00
05/17/2018     1400.00     1400.00     1354.00     1354.00            58900.00
05/16/2018     1411.00     1411.00     1381.00     1395.00            54365.00
05/15/2018     1400.00     1433.00     1360.00     1411.00            59925.00
05/11/2018     1392.00     1409.00     1390.00     1396.00            38075.00
05/10/2018     1343.00     1435.00     1343.00     1376.00            84935.00
05/09/2018     1380.00     1388.00     1342.00     1342.00            49220.00
05/08/2018     1345.00     1392.00     1345.00     1380.00            88915.00
05/07/2018     1370.00     1388.00     1336.00     1345.00            37090.00
05/04/2018     1375.00     1375.00     1363.00     1366.00            33540.00
05/03/2018     1399.00     1399.00     1365.00     1365.00            46495.00
05/02/2018     1418.00     1425.00     1387.00     1387.00            61360.00
04/30/2018     1434.00     1463.00     1410.00     1463.00            67345.00
04/27/2018     1426.00     1448.00     1415.00     1434.00            47895.00
04/26/2018     1405.00     1430.00     1400.00     1430.00            29770.00
04/25/2018     1403.00     1420.00     1401.00     1415.00            50925.00
04/24/2018     1397.00     1404.00     1394.00     1403.00            93165.00
04/23/2018     1397.00     1400.00     1390.00     1397.00            31055.00
04/20/2018     1380.00     1403.00     1380.00     1395.00            94995.00
04/19/2018     1400.00     1415.00     1340.00     1370.00           233270.00
04/18/2018     1400.00     1437.00     1400.00     1420.00           112185.00
04/17/2018     1478.00     1478.00     1380.00     1405.00           201015.00
04/16/2018     1470.00     1475.00     1429.00     1440.00            31660.00
04/13/2018     1476.00     1482.00     1470.00     1470.00            39905.00
04/12/2018     1454.00     1490.00     1454.00     1490.00            97045.00
04/11/2018     1450.00     1463.00     1449.00     1450.00            72065.00
04/10/2018     1490.00     1490.00     1438.00     1442.00            83550.00
04/06/2018     1480.00     1493.00     1480.00     1487.00           210210.00
04/05/2018     1485.00     1497.00     1468.00     1474.00            86625.00
04/04/2018     1490.00     1490.00     1465.00     1482.00            96985.00
04/03/2018     1475.00     1495.00     1465.00     1480.00           166515.00
04/02/2018     1483.00     1536.00     1468.00     1470.00           177075.00
03/28/2018     1472.00     1550.00     1470.00     1470.00           197395.00
03/27/2018     1470.00     1486.00     1465.00     1472.00            50665.00
03/26/2018     1485.00     1485.00     1452.00     1462.00            78465.00
03/23/2018     1500.00     1500.00     1481.00     1500.00            97675.00
03/22/2018     1480.00     1535.00     1471.00     1533.00            94520.00
03/21/2018     1462.00     1475.00     1462.00     1470.00           247865.00
03/20/2018     1520.00     1520.00     1450.00     1461.00           174600.00
03/19/2018     1520.00     1523.00     1520.00     1521.00           122705.00
03/16/2018     1540.00     1545.00     1514.00     1520.00           284890.00
03/15/2018     1540.00     1549.00     1536.00     1545.00            81065.00
03/14/2018     1555.00     1555.00     1518.00     1540.00            64590.00
03/13/2018     1550.00     1567.00     1538.00     1567.00            48410.00
03/12/2018     1568.00     1569.00     1540.00     1560.00            53900.00
03/09/2018     1559.00     1567.00     1531.00     1540.00            23695.00
03/08/2018     1530.00     1575.00     1520.00     1560.00           180655.00
03/07/2018     1525.00     1528.00     1520.00     1525.00            66945.00
03/06/2018     1528.00     1539.00     1520.00     1524.00            64495.00
03/05/2018     1538.00     1538.00     1523.00     1534.00            39140.00
03/02/2018     1541.00     1541.00     1522.00     1540.00            42800.00
03/01/2018     1521.00     1560.00     1521.00     1541.00            49045.00
02/28/2018     1569.00     1569.00     1520.00     1520.00           172035.00
02/27/2018     1540.00     1569.00     1540.00     1569.00            91705.00
02/26/2018     1551.00     1561.00     1533.00     1552.00            88470.00
02/23/2018     1555.00     1568.00     1555.00     1566.00            60620.00
02/22/2018     1570.00     1572.00     1553.00     1570.00           126090.00
02/21/2018     1594.00     1594.00     1553.00     1572.00            93965.00
02/20/2018     1557.00     1597.00     1522.00     1596.00            98105.00
02/19/2018     1520.00     1555.00     1520.00     1555.00            75350.00
02/15/2018     1555.00     1555.00     1511.00     1515.00            57650.00
02/14/2018     1530.00     1560.00     1518.00     1555.00           137050.00
02/13/2018     1525.00     1558.00     1503.00     1558.00            49310.00
02/12/2018     1520.00     1529.00     1509.00     1525.00            90195.00
02/09/2018     1510.00     1530.00     1500.00     1530.00           100995.00
02/08/2018     1560.00     1564.00     1529.00     1540.00           213305.00
02/07/2018     1532.00     1567.00     1530.00     1560.00           165555.00
02/06/2018     1520.00     1540.00     1513.00     1530.00           267400.00
02/05/2018     1530.00     1555.00     1510.00     1545.00           187215.00
02/02/2018     1556.00     1567.00     1540.00     1558.00            47835.00
02/01/2018     1579.00     1579.00     1555.00     1556.00            36645.00
01/31/2018     1520.00     1570.00     1520.00     1569.00           101760.00
01/30/2018     1566.00     1580.00     1510.00     1573.00           161280.00
01/29/2018     1580.00     1601.00     1570.00     1601.00           486775.00
01/26/2018     1508.00     1508.00     1480.00     1503.00            41915.00
01/25/2018     1507.00     1509.00     1502.00     1508.00            83305.00
01/24/2018     1507.00     1508.00     1505.00     1507.00           124060.00
01/23/2018     1502.00     1515.00     1498.00     1506.00           181350.00
01/22/2018     1480.00     1505.00     1480.00     1502.00            95285.00
01/19/2018     1482.00     1485.00     1476.00     1482.00           100820.00
01/18/2018     1460.00     1485.00     1450.00     1481.00           132320.00
01/17/2018     1439.00     1460.00     1420.00     1460.00           139490.00
01/16/2018     1410.00     1432.00     1398.00     1432.00           149545.00
01/15/2018     1420.00     1440.00     1398.00     1398.00            71910.00
01/12/2018     1408.00     1440.00     1408.00     1419.00           125830.00
01/11/2018     1450.00     1455.00     1394.00     1400.00           125445.00
01/10/2018     1450.00     1450.00     1420.00     1450.00           107945.00
01/09/2018     1412.00     1475.00     1384.00     1419.00           232965.00
01/08/2018     1470.00     1475.00     1388.00     1412.00           269010.00
01/05/2018     1480.00     1500.00     1445.00     1445.00           303020.00
01/04/2018     1500.00     1515.00     1460.00     1470.00           130805.00
01/03/2018     1500.00     1515.00     1495.00     1497.00            99810.00
12/29/2017     1485.00     1501.00     1480.00     1480.00           148145.00
12/28/2017     1480.00     1510.00     1475.00     1480.00            99505.00
12/27/2017     1487.00     1498.00     1480.00     1480.00            39205.00
12/22/2017     1470.00     1500.00     1468.00     1470.00           102405.00
12/21/2017     1485.00     1485.00     1450.00     1470.00            54130.00
12/20/2017     1460.00     1486.00     1460.00     1480.00           102005.00
12/19/2017     1545.00     1550.00     1450.00     1450.00           214795.00
12/18/2017     1500.00     1548.00     1500.00     1540.00            74435.00
12/15/2017     1484.00     1500.00     1484.00     1500.00           150640.00
12/14/2017     1479.00     1500.00     1452.00     1500.00           121890.00
12/13/2017     1448.00     1495.00     1447.00     1462.00           115435.00
12/12/2017     1448.00     1454.00     1437.00     1440.00           125005.00
12/11/2017     1515.00     1522.00     1437.00     1440.00           150485.00
12/08/2017     1534.00     1534.00     1515.00     1515.00            90270.00
12/07/2017     1498.00     1533.00     1498.00     1516.00           184475.00
12/06/2017     1464.00     1525.00     1461.00     1491.00           211910.00
12/05/2017     1459.00     1472.00     1445.00     1450.00            80775.00
12/04/2017     1464.00     1470.00     1450.00     1450.00            96205.00
12/01/2017     1482.00     1500.00     1451.00     1464.00           183705.00
11/29/2017     1510.00     1516.00     1481.00     1481.00           204110.00
11/28/2017     1571.00     1576.00     1490.00     1500.00           192935.00
11/27/2017     1617.00     1619.00     1550.00     1570.00           136020.00
11/24/2017     1639.00     1639.00     1570.00     1586.00           210885.00
11/23/2017     1634.00     1640.00     1618.00     1639.00            40955.00
11/22/2017     1635.00     1650.00     1610.00     1610.00            79005.00
11/21/2017     1650.00     1656.00     1631.00     1631.00           119365.00
11/20/2017     1664.00     1690.00     1656.00     1656.00            93795.00
11/17/2017     1675.00     1677.00     1651.00     1660.00            62035.00
11/16/2017     1651.00     1691.00     1645.00     1645.00           240220.00
11/15/2017     1650.00     1689.00     1648.00     1650.00            61275.00
11/14/2017     1653.00     1660.00     1638.00     1649.00           181760.00
11/13/2017     1701.00     1705.00     1655.00     1658.00           172650.00
11/10/2017     1712.00     1725.00     1690.00     1690.00            44130.00
11/09/2017     1705.00     1755.00     1700.00     1715.00           112605.00
11/08/2017     1715.00     1715.00     1688.00     1708.00            52020.00
11/07/2017     1714.00     1721.00     1684.00     1721.00            57235.00
11/06/2017     1667.00     1700.00     1667.00     1700.00            48635.00
11/03/2017     1720.00     1724.00     1660.00     1660.00           111275.00
11/02/2017     1692.00     1730.00     1680.00     1720.00            97460.00
10/30/2017     1700.00     1710.00     1679.00     1710.00            73715.00
10/27/2017     1718.00     1718.00     1674.00     1679.00            75075.00
10/26/2017     1720.00     1720.00     1684.00     1698.00            68650.00
10/25/2017     1740.00     1762.00     1701.00     1720.00            73970.00
10/24/2017     1708.00     1746.00     1705.00     1740.00           206915.00
10/23/2017     1709.00     1714.00     1690.00     1705.00            68595.00
10/20/2017     1710.00     1710.00     1670.00     1708.00           274700.00
10/19/2017     1697.00     1710.00     1680.00     1710.00           120505.00
10/18/2017     1699.00     1700.00     1678.00     1700.00           107180.00
10/17/2017     1641.00     1704.00     1641.00     1666.00           125340.00
10/13/2017     1665.00     1665.00     1638.00     1641.00            94925.00
10/12/2017     1690.00     1695.00     1664.00     1664.00            97330.00
10/11/2017     1714.00     1714.00     1690.00     1690.00            67275.00
10/10/2017     1695.00     1712.00     1685.00     1712.00            91900.00
10/09/2017     1705.00     1705.00     1680.00     1694.00            88845.00
10/06/2017     1705.00     1732.00     1700.00     1705.00           108905.00
10/05/2017     1702.00     1710.00     1699.00     1705.00            55775.00
10/04/2017     1662.00     1706.00     1662.00     1700.00           129745.00
10/03/2017     1668.00     1674.00     1652.00     1660.00            68825.00
10/02/2017     1658.00     1658.00     1639.00     1639.00            84585.00
09/29/2017     1610.00     1668.00     1607.00     1668.00           143735.00
09/28/2017     1608.00     1625.00     1605.00     1607.00           198135.00
09/27/2017     1620.00     1630.00     1604.00     1615.00           216715.00
09/26/2017     1654.00     1654.00     1625.00     1635.00           126075.00
09/25/2017     1680.00     1680.00     1654.00     1654.00            42210.00
09/22/2017     1680.00     1682.00     1676.00     1680.00            65340.00
09/21/2017     1675.00     1688.00     1665.00     1684.00            88125.00
09/20/2017     1668.00     1676.00     1660.00     1660.00            52780.00
09/19/2017     1704.00     1718.00     1659.00     1660.00           121570.00
09/18/2017     1710.00     1710.00     1690.00     1704.00            43260.00
09/15/2017     1684.00     1705.00     1681.00     1690.00           206080.00
09/14/2017     1680.00     1703.00     1678.00     1684.00           134300.00
09/13/2017     1716.00     1716.00     1676.00     1680.00            67830.00
09/11/2017     1695.00     1700.00     1683.00     1686.00            47295.00
09/08/2017     1720.00     1729.00     1688.00     1695.00            74760.00
09/07/2017     1723.00     1750.00     1721.00     1724.00            70730.00
09/06/2017     1740.00     1740.00     1720.00     1720.00           166845.00
09/05/2017     1750.00     1755.00     1730.00     1755.00            56950.00
09/04/2017     1730.00     1750.00     1710.00     1750.00            67415.00
08/31/2017     1710.00     1730.00     1691.00     1730.00            71795.00
08/30/2017     1703.00     1715.00     1665.00     1710.00           105635.00
08/29/2017     1743.00     1743.00     1700.00     1700.00            77185.00
08/25/2017     1734.00     1745.00     1734.00     1743.00            21405.00
08/24/2017     1730.00     1732.00     1715.00     1732.00            47145.00
08/23/2017     1711.00     1730.00     1711.00     1730.00            25230.00
08/22/2017     1728.00     1728.00     1690.00     1710.00            34645.00
08/18/2017     1757.00     1777.00     1732.00     1732.00           109990.00
08/17/2017     1751.00     1780.00     1743.00     1760.00           105305.00
08/16/2017     1740.00     1749.00     1720.00     1740.00            60090.00
08/15/2017     1730.00     1746.00     1726.00     1740.00            36575.00
08/14/2017     1734.00     1743.00     1720.00     1730.00           129010.00
08/11/2017     1716.00     1744.00     1690.00     1740.00           105470.00
08/10/2017     1669.00     1717.00     1640.00     1712.00           216435.00
08/09/2017     1658.00     1663.00     1620.00     1635.00            87475.00
08/08/2017     1649.00     1658.00     1641.00     1658.00            89735.00
08/07/2017     1638.00     1648.00     1638.00     1640.00            46735.00
08/04/2017     1635.00     1648.00     1615.00     1630.00            76210.00
08/03/2017     1621.00     1630.00     1609.00     1610.00            73825.00
08/02/2017     1631.00     1656.00     1603.00     1603.00           238245.00
08/01/2017     1636.00     1636.00     1603.00     1603.00           109645.00
07/31/2017     1701.00     1701.00     1620.00     1637.00           277745.00
07/28/2017     1710.00     1710.00     1693.00     1700.00            69340.00
07/27/2017     1709.00     1719.00     1696.00     1696.00            88310.00
07/26/2017     1700.00     1729.00     1700.00     1709.00           198270.00
07/25/2017     1700.00     1703.00     1691.00     1698.00           115655.00
07/24/2017     1700.00     1710.00     1680.00     1690.00            68355.00
07/21/2017     1660.00     1700.00     1655.00     1700.00           156295.00
07/20/2017     1685.00     1699.00     1662.00     1665.00           130780.00
07/19/2017     1690.00     1700.00     1670.00     1680.00           140960.00
07/18/2017     1720.00     1730.00     1661.00     1665.00           171455.00
07/17/2017     1736.00     1740.00     1715.00     1725.00           132590.00
07/14/2017     1739.00     1739.00     1699.00     1720.00           140300.00
07/13/2017     1745.00     1761.00     1700.00     1700.00           134800.00
07/12/2017     1718.00     1757.00     1718.00     1726.00            95400.00
07/11/2017     1701.00     1727.00     1700.00     1710.00           135310.00
07/10/2017     1759.00     1759.00     1701.00     1701.00           106385.00
07/07/2017     1768.00     1768.00     1755.00     1759.00            42435.00
07/06/2017     1770.00     1770.00     1759.00     1761.00           203000.00
07/05/2017     1770.00     1775.00     1750.00     1767.00            96690.00
07/04/2017     1768.00     1796.00     1768.00     1770.00            13085.00
07/03/2017     1796.00     1796.00     1754.00     1770.00            97255.00
06/30/2017     1794.00     1798.00     1760.00     1798.00           155860.00
06/29/2017     1860.00     1870.00     1800.00     1800.00           104305.00
06/28/2017     1863.00     1873.00     1854.00     1867.00           132135.00
06/27/2017     1827.00     1878.00     1827.00     1867.00            73425.00
06/23/2017     1825.00     1838.00     1820.00     1829.00            87660.00
06/22/2017     1825.00     1825.00     1815.00     1815.00            42050.00
06/21/2017     1859.00     1859.00     1814.00     1825.00           194470.00
06/20/2017     1893.00     1910.00     1860.00     1870.00            43210.00
06/19/2017     1890.00     1900.00     1866.00     1890.00           103850.00
06/16/2017     1920.00     1924.00     1861.00     1900.00          2482300.00
06/15/2017     1892.00     1944.00     1892.00     1920.00           372515.00
06/14/2017     1856.00     1915.00     1847.00     1905.00           232695.00
06/13/2017     1878.00     1878.00     1821.00     1850.00           216885.00
06/09/2017     1873.00     1894.00     1870.00     1881.00           115300.00
06/08/2017     1897.00     1897.00     1850.00     1873.00           103220.00
06/07/2017     1866.00     1915.00     1856.00     1900.00           296595.00
06/06/2017     1869.00     1880.00     1835.00     1870.00           215275.00
06/05/2017     1825.00     1890.00     1825.00     1868.00           145720.00
06/02/2017     1810.00     1860.00     1806.00     1830.00           397415.00
06/01/2017     1736.00     1818.00     1736.00     1816.00           319075.00
05/31/2017     1727.00     1750.00     1699.00     1728.00           948895.00
05/30/2017     1755.00     1768.00     1727.00     1760.00           110740.00
05/29/2017     1740.00     1766.00     1720.00     1755.00           161160.00
05/26/2017     1710.00     1747.00     1687.00     1744.00           170990.00
05/25/2017     1655.00     1718.00     1642.00     1718.00           128830.00
05/24/2017     1620.00     1620.00     1602.00     1615.00            75890.00
05/23/2017     1636.00     1638.00     1625.00     1630.00           103880.00
05/22/2017     1638.00     1640.00     1622.00     1627.00            95215.00
05/19/2017     1610.00     1618.00     1602.00     1610.00           101515.00
05/18/2017     1627.00     1630.00     1610.00     1610.00           108725.00
05/17/2017     1631.00     1670.00     1621.00     1645.00           108760.00
05/16/2017     1650.00     1655.00     1621.00     1631.00           201890.00
05/15/2017     1753.00     1753.00     1669.00     1679.00           230875.00
05/12/2017     1720.00     1755.00     1645.00     1755.00           283790.00
05/11/2017     1765.00     1770.00     1722.00     1722.00           155015.00
05/10/2017     1759.00     1767.00     1742.00     1765.00           176045.00
05/09/2017     1802.00     1808.00     1764.00     1765.00           127425.00
05/08/2017     1771.00     1810.00     1768.00     1810.00           119370.00
05/05/2017     1735.00     1797.00     1735.00     1768.00           232950.00
05/04/2017     1735.00     1746.00     1728.00     1739.00            75950.00
05/03/2017     1767.00     1767.00     1710.00     1728.00           103250.00
05/02/2017     1768.00     1768.00     1740.00     1740.00           103230.00
04/27/2017     1794.00     1794.00     1759.00     1770.00           103215.00
04/26/2017     1758.00     1795.00     1733.00     1795.00           129895.00
04/25/2017     1720.00     1765.00     1710.00     1765.00            89945.00
04/24/2017     1705.00     1722.00     1704.00     1720.00            45740.00
04/21/2017     1680.00     1718.00     1676.00     1698.00            94970.00
04/20/2017     1670.00     1680.00     1645.00     1680.00           118070.00
04/19/2017     1770.00     1775.00     1695.00     1700.00           275130.00
04/18/2017     1760.00     1799.00     1759.00     1760.00           115775.00
04/17/2017     1764.00     1769.00     1725.00     1748.00            81635.00
04/12/2017     1771.00     1787.00     1765.00     1780.00           111815.00
04/11/2017     1761.00     1790.00     1761.00     1770.00           227270.00
04/10/2017     1743.00     1755.00     1713.00     1755.00            86730.00
04/07/2017     1719.00     1771.00     1717.00     1730.00           188020.00
04/06/2017     1745.00     1748.00     1705.00     1719.00           154380.00
04/05/2017     1698.00     1746.00     1698.00     1746.00           250720.00
04/04/2017     1664.00     1698.00     1661.00     1693.00           199600.00
04/03/2017     1645.00     1666.00     1626.00     1658.00           108275.00
03/31/2017     1605.00     1647.00     1599.00     1646.00           208365.00
03/30/2017     1620.00     1620.00     1599.00     1606.00            76585.00
03/29/2017     1622.00     1655.00     1605.00     1624.00            69270.00
03/28/2017     1615.00     1640.00     1586.00     1640.00           119125.00
03/27/2017     1563.00     1619.00     1541.00     1619.00           166835.00
03/24/2017     1548.00     1570.00     1540.00     1570.00            68605.00
03/23/2017     1536.00     1549.00     1520.00     1545.00            66215.00
03/22/2017     1535.00     1535.00     1516.00     1518.00            83205.00
03/21/2017     1540.00     1546.00     1527.00     1536.00           156315.00
03/20/2017     1542.00     1542.00     1502.00     1530.00            52215.00
03/17/2017     1529.00     1560.00     1504.00     1512.00           299920.00
03/16/2017     1543.00     1545.00     1500.00     1500.00           141810.00
03/15/2017     1534.00     1559.00     1521.00     1521.00           180375.00
03/14/2017     1525.00     1528.00     1519.00     1521.00           157550.00
03/13/2017     1535.00     1546.00     1521.00     1525.00           131740.00
03/10/2017     1579.00     1579.00     1535.00     1535.00           117115.00
03/09/2017     1552.00     1599.00     1552.00     1575.00           235360.00
03/08/2017     1470.00     1550.00     1469.00     1550.00           360435.00
03/07/2017     1470.00     1482.00     1430.00     1454.00           174510.00
03/06/2017     1450.00     1476.00     1450.00     1470.00            73645.00
03/03/2017     1425.00     1463.00     1425.00     1447.00            70765.00
03/02/2017     1420.00     1449.00     1404.00     1425.00            88925.00
03/01/2017     1430.00     1431.00     1400.00     1400.00           106425.00
02/28/2017     1419.00     1460.00     1386.00     1460.00           100470.00
02/27/2017     1417.00     1435.00     1400.00     1400.00            52640.00
02/24/2017     1418.00     1440.00     1400.00     1400.00           111540.00
02/23/2017     1418.00     1443.00     1415.00     1418.00            58135.00
02/22/2017     1433.00     1449.00     1402.00     1418.00           104945.00
02/21/2017     1463.00     1463.00     1430.00     1430.00           126610.00
02/20/2017     1457.00     1461.00     1451.00     1457.00            79180.00
02/17/2017     1500.00     1500.00     1451.00     1455.00           110590.00
02/16/2017     1455.00     1500.00     1455.00     1495.00           108160.00
02/15/2017     1476.00     1477.00     1450.00     1450.00           124970.00
02/14/2017     1505.00     1505.00     1457.00     1471.00           144110.00
02/13/2017     1514.00     1530.00     1489.00     1505.00           130080.00
02/10/2017     1500.00     1535.00     1491.00     1520.00            91800.00
02/09/2017     1468.00     1535.00     1467.00     1515.00           362010.00
02/08/2017     1497.00     1497.00     1450.00     1451.00           111805.00
02/07/2017     1500.00     1500.00     1480.00     1500.00            51120.00
02/06/2017     1481.00     1505.00     1481.00     1500.00            98785.00
02/03/2017     1454.00     1483.00     1454.00     1480.00           113240.00
02/02/2017     1470.00     1492.00     1435.00     1450.00            59005.00
02/01/2017     1497.00     1503.00     1440.00     1450.00            81575.00
01/31/2017     1515.00     1516.00     1470.00     1470.00            54080.00
01/30/2017     1490.00     1520.00     1490.00     1513.00            35315.00
01/27/2017     1465.00     1501.00     1464.00     1495.00            53230.00
01/26/2017     1488.00     1498.00     1457.00     1461.00           164680.00
01/25/2017     1526.00     1543.00     1490.00     1490.00           113850.00
01/24/2017     1518.00     1554.00     1504.00     1526.00            85800.00
01/23/2017     1491.00     1535.00     1490.00     1518.00            50915.00
01/20/2017     1505.00     1540.00     1490.00     1507.00            42420.00
01/19/2017     1480.00     1519.00     1479.00     1505.00            98515.00
01/18/2017     1448.00     1491.00     1448.00     1490.00            35510.00
01/17/2017     1485.00     1500.00     1435.00     1440.00           141980.00
01/16/2017     1480.00     1539.00     1468.00     1482.00            57640.00
01/13/2017     1500.00     1507.00     1463.00     1481.00           196620.00
01/12/2017     1565.00     1601.00     1500.00     1500.00           198005.00
01/11/2017     1600.00     1605.00     1520.00     1565.00           157280.00
01/10/2017     1540.00     1618.00     1540.00     1590.00           271570.00
01/09/2017     1475.00     1539.00     1475.00     1536.00           187620.00
01/06/2017     1453.00     1488.00     1452.00     1474.00           193890.00
01/05/2017     1459.00     1516.00     1458.00     1488.00           220560.00
01/04/2017     1379.00     1463.00     1379.00     1463.00           161570.00
01/03/2017     1365.00     1378.00     1360.00     1370.00           100215.00
12/29/2016     1375.00     1382.00     1352.00     1365.00           125615.00
12/28/2016     1328.00     1354.00     1315.00     1354.00            43990.00
12/27/2016     1330.00     1335.00     1306.00     1310.00            37350.00
12/23/2016     1321.00     1322.00     1306.00     1313.00            72150.00
12/22/2016     1314.00     1341.00     1310.00     1341.00            48645.00
12/21/2016     1316.00     1345.00     1310.00     1336.00           149730.00
12/20/2016     1349.00     1349.00     1289.00     1300.00           102300.00
12/19/2016     1348.00     1350.00     1321.00     1350.00            91065.00
12/16/2016     1340.00     1352.00     1335.00     1350.00           529625.00
12/15/2016     1339.00     1339.00     1310.00     1318.00           111295.00
12/14/2016     1335.00     1345.00     1334.00     1339.00           190755.00
12/13/2016     1316.00     1332.00     1314.00     1320.00           164710.00
12/12/2016     1370.00     1370.00     1310.00     1314.00           206120.00
12/09/2016     1375.00     1386.00     1349.00     1370.00           153050.00
12/08/2016     1327.00     1376.00     1327.00     1370.00           264655.00
12/07/2016     1294.00     1315.00     1290.00     1315.00            80925.00
12/06/2016     1283.00     1301.00     1281.00     1289.00            78840.00
12/05/2016     1273.00     1292.00     1260.00     1280.00           169485.00
12/02/2016     1296.00     1307.00     1270.00     1270.00           112020.00
12/01/2016     1292.00     1320.00     1292.00     1300.00           441835.00
11/29/2016     1342.00     1342.00     1266.00     1266.00          1590370.00
11/28/2016     1324.00     1352.00     1321.00     1352.00           119775.00
11/25/2016     1323.00     1340.00     1320.00     1324.00           117775.00
11/24/2016     1360.00     1360.00     1321.00     1323.00           125965.00
11/23/2016     1299.00     1365.00     1297.00     1365.00            98330.00
11/22/2016     1348.00     1348.00     1295.00     1295.00           166725.00
11/21/2016     1380.00     1381.00     1340.00     1340.00           152715.00
11/18/2016     1399.00     1405.00     1369.00     1379.00           110375.00
11/17/2016     1375.00     1405.00     1360.00     1395.00           135405.00
11/16/2016     1350.00     1380.00     1339.00     1356.00           200215.00
11/15/2016     1351.00     1408.00     1340.00     1340.00           182475.00
11/14/2016     1406.00     1408.00     1325.00     1347.00           173705.00
11/11/2016     1460.00     1462.00     1400.00     1406.00           226115.00
11/10/2016     1455.00     1479.00     1455.00     1464.00           157575.00
11/09/2016     1455.00     1480.00     1439.00     1444.00           212185.00
11/08/2016     1485.00     1504.00     1440.00     1448.00           247345.00
11/07/2016     1482.00     1491.00     1470.00     1470.00           122590.00
11/04/2016     1459.00     1490.00     1458.00     1480.00           213215.00
11/03/2016     1512.00     1514.00     1450.00     1450.00           232810.00
11/02/2016     1530.00     1530.00     1501.00     1512.00           269640.00
10/28/2016     1574.00     1574.00     1511.00     1530.00           186445.00
10/27/2016     1585.00     1585.00     1547.00     1553.00           151730.00
10/26/2016     1595.00     1600.00     1580.00     1580.00           138430.00
10/25/2016     1620.00     1620.00     1595.00     1595.00           163070.00
10/24/2016     1645.00     1646.00     1615.00     1620.00            84100.00
10/21/2016     1666.00     1666.00     1638.00     1645.00           143965.00
10/20/2016     1680.00     1696.00     1652.00     1670.00           196345.00
10/19/2016     1640.00     1688.00     1640.00     1680.00           144430.00
10/18/2016     1596.00     1641.00     1596.00     1640.00           198675.00
10/17/2016     1613.00     1621.00     1590.00     1595.00           161595.00
10/14/2016     1598.00     1625.00     1598.00     1613.00           198670.00
10/13/2016     1599.00     1615.00     1596.00     1598.00           306650.00
10/12/2016     1610.00     1611.00     1596.00     1602.00           325515.00
10/11/2016     1604.00     1630.00     1604.00     1609.00            93390.00
10/10/2016     1615.00     1620.00     1601.00     1601.00           124650.00
10/07/2016     1628.00     1630.00     1604.00     1610.00           248190.00
10/06/2016     1657.00     1657.00     1627.00     1639.00           269505.00
10/05/2016     1660.00     1660.00     1622.00     1622.00           317110.00
10/04/2016     1716.00     1740.00     1700.00     1700.00           123275.00
10/03/2016     1715.00     1729.00     1712.00     1716.00            45955.00
09/30/2016     1735.00     1737.00     1712.00     1712.00            76405.00
09/29/2016     1701.00     1750.00     1701.00     1750.00            57920.00
09/28/2016     1713.00     1713.00     1693.00     1700.00            57445.00
09/27/2016     1734.00     1734.00     1700.00     1700.00            76640.00
09/26/2016     1750.00     1752.00     1713.00     1734.00           101480.00
09/23/2016     1760.00     1770.00     1730.00     1752.00           170255.00
09/22/2016     1750.00     1765.00     1746.00     1756.00           229675.00
09/21/2016     1737.00     1739.00     1706.00     1716.00           146420.00
09/20/2016     1695.00     1740.00     1691.00     1734.00           126300.00
09/19/2016     1682.00     1692.00     1666.00     1681.00           137895.00
09/16/2016     1702.00     1740.00     1666.00     1666.00           584155.00
09/15/2016     1730.00     1730.00     1684.00     1691.00           279725.00
09/14/2016     1750.00     1751.00     1720.00     1740.00           156030.00
09/13/2016     1800.00     1813.00     1750.00     1750.00           192020.00
09/09/2016     1860.00     1860.00     1800.00     1800.00           137920.00
09/08/2016     1801.00     1869.00     1801.00     1869.00           183715.00
09/07/2016     1830.00     1830.00     1798.00     1812.00           128375.00
09/06/2016     1804.00     1825.00     1799.00     1806.00            93430.00
09/05/2016     1811.00     1833.00     1804.00     1804.00            49570.00
09/02/2016     1806.00     1820.00     1800.00     1807.00           100900.00
09/01/2016     1820.00     1821.00     1798.00     1800.00           179365.00
08/31/2016     1820.00     1835.00     1795.00     1826.00           222935.00
08/30/2016     1839.00     1842.00     1810.00     1820.00           141695.00
08/26/2016     1829.00     1850.00     1809.00     1845.00            73035.00
08/25/2016     1850.00     1850.00     1801.00     1831.00            71585.00
08/24/2016     1810.00     1811.00     1789.00     1801.00            98705.00
08/23/2016     1845.00     1845.00     1800.00     1800.00            96565.00
08/22/2016     1830.00     1848.00     1827.00     1845.00            41720.00
08/19/2016     1820.00     1850.00     1798.00     1824.00           163640.00
08/18/2016     1866.00     1868.00     1809.00     1809.00           149010.00
08/17/2016     1888.00     1888.00     1865.00     1870.00            89850.00
08/16/2016     1871.00     1905.00     1871.00     1890.00           132355.00
08/15/2016     1876.00     1880.00     1862.00     1880.00            93060.00
08/12/2016     1880.00     1885.00     1858.00     1876.00            89340.00
08/11/2016     1897.00     1897.00     1830.00     1830.00           169055.00
08/10/2016     1910.00     1920.00     1900.00     1906.00           182540.00
08/09/2016     1905.00     1913.00     1898.00     1901.00           121855.00
08/08/2016     1970.00     1970.00     1900.00     1903.00           280705.00
08/05/2016     1960.00     1975.00     1940.00     1940.00           119005.00
08/04/2016     1881.00     1950.00     1880.00     1950.00           177065.00
08/03/2016     1908.00     1908.00     1837.00     1865.00           510100.00
08/02/2016     2136.00     2136.00     1900.00     1962.00           314575.00
08/01/2016     2104.00     2144.00     2092.00     2136.00           174720.00
07/29/2016     2088.00     2110.00     2086.00     2092.00           126590.00
07/28/2016     2130.00     2136.00     2098.00     2110.00           126940.00
07/27/2016     2090.00     2130.00     2084.00     2120.00           113520.00
07/26/2016     2054.00     2112.00     2054.00     2100.00            88540.00
07/25/2016     2070.00     2110.00     2056.00     2060.00            84670.00
07/22/2016     2094.00     2100.00     2066.00     2068.00           124650.00
07/21/2016     2098.00     2100.00     2080.00     2094.00            75565.00
07/20/2016     2120.00     2120.00     2090.00     2098.00           135420.00
07/19/2016     2124.00     2130.00     2116.00     2130.00           113065.00
07/18/2016     2148.00     2148.00     2100.00     2138.00            98535.00
07/15/2016     2096.00     2160.00     2096.00     2160.00           249175.00
07/14/2016     2080.00     2096.00     2074.00     2088.00           115770.00
07/13/2016     2074.00     2100.00     2074.00     2088.00           132785.00
07/12/2016     2096.00     2096.00     2072.00     2074.00           120430.00
07/11/2016     2080.00     2116.00     2030.00     2094.00           127990.00
07/08/2016     2090.00     2102.00     2086.00     2094.00           150720.00
07/07/2016     2130.00     2130.00     2086.00     2086.00           171545.00
07/05/2016     2140.00     2170.00     2128.00     2136.00           141080.00
07/04/2016     2130.00     2140.00     2110.00     2140.00            99675.00
07/01/2016     2124.00     2150.00     2124.00     2140.00            48770.00
06/30/2016     2110.00     2150.00     2102.00     2150.00           324890.00
06/29/2016     2056.00     2110.00     2050.00     2110.00           129060.00
06/28/2016     2050.00     2070.00     2020.00     2050.00           117790.00
06/27/2016     2030.00     2080.00     2002.00     2080.00            75665.00
06/24/2016     2052.00     2110.00     2020.00     2050.00           108330.00
06/23/2016     2090.00     2092.00     2042.00     2050.00            85980.00
06/22/2016     2118.00     2118.00     2082.00     2090.00           173205.00
06/21/2016     2048.00     2134.00     2048.00     2120.00           292310.00
06/20/2016     2030.00     2042.00     2020.00     2030.00            31885.00
06/17/2016     2044.00     2058.00     2016.00     2030.00           344555.00
06/16/2016     2020.00     2044.00     2020.00     2022.00            52645.00
06/15/2016     1980.00     2050.00     1980.00     2000.00            42115.00
06/14/2016     2014.00     2014.00     1980.00     2004.00           115825.00
06/13/2016     2040.00     2040.00     1976.00     2016.00           152720.00
06/10/2016     2064.00     2080.00     2050.00     2054.00           274540.00
06/09/2016     2134.00     2136.00     2064.00     2064.00           201705.00
06/08/2016     2042.00     2144.00     2032.00     2140.00           532175.00
06/07/2016     2002.00     2044.00     2002.00     2040.00           321290.00
06/06/2016     1980.00     2030.00     1980.00     2000.00           210530.00
06/03/2016     1960.00     1985.00     1955.00     1980.00           380080.00
06/02/2016     1952.00     1997.00     1926.00     1950.00           289095.00
06/01/2016     1925.00     1962.00     1920.00     1945.00           340480.00
05/31/2016     1970.00     2090.00     1900.00     1900.00          1817040.00
05/30/2016     1840.00     1940.00     1836.00     1901.00           507435.00
05/27/2016     1670.00     1760.00     1670.00     1742.00           339230.00
05/26/2016     1675.00     1675.00     1657.00     1662.00            78750.00
05/25/2016     1640.00     1688.00     1635.00     1655.00           130290.00
05/24/2016     1630.00     1658.00     1624.00     1624.00           226400.00
05/23/2016     1668.00     1668.00     1638.00     1640.00           152180.00
05/20/2016     1698.00     1698.00     1650.00     1660.00           191535.00
05/19/2016     1715.00     1722.00     1700.00     1700.00           109655.00
05/18/2016     1725.00     1729.00     1702.00     1724.00           161150.00
05/17/2016     1750.00     1750.00     1730.00     1740.00           166840.00
05/16/2016     1726.00     1748.00     1726.00     1741.00           116960.00
05/13/2016     1735.00     1757.00     1725.00     1726.00           184400.00
05/12/2016     1760.00     1760.00     1699.00     1746.00            94645.00
05/11/2016     1701.00     1772.00     1701.00     1748.00           228115.00
05/10/2016     1650.00     1694.00     1621.00     1694.00           180945.00
05/06/2016     1680.00     1684.00     1651.00     1660.00           361695.00
05/05/2016     1704.00     1709.00     1681.00     1681.00           200835.00
05/04/2016     1720.00     1750.00     1696.00     1750.00            66795.00
05/03/2016     1701.00     1739.00     1695.00     1721.00           128145.00
05/02/2016     1720.00     1730.00     1678.00     1690.00           179295.00
04/29/2016     1712.00     1725.00     1704.00     1717.00           242555.00
04/28/2016     1760.00     1775.00     1696.00     1701.00           291635.00
04/27/2016     1765.00     1770.00     1704.00     1725.00           255285.00
04/26/2016     1829.00     1830.00     1760.00     1760.00           146775.00
04/25/2016     1830.00     1840.00     1814.00     1828.00            81260.00
04/22/2016     1845.00     1859.00     1801.00     1810.00           119830.00
04/21/2016     1859.00     1859.00     1840.00     1845.00           156530.00
04/20/2016     1855.00     1875.00     1855.00     1855.00           118720.00
04/19/2016     1851.00     1860.00     1820.00     1850.00            88310.00
04/18/2016     1895.00     1895.00     1842.00     1844.00           144005.00
04/15/2016     1897.00     1900.00     1856.00     1896.00           128895.00
04/14/2016     1900.00     1914.00     1888.00     1896.00           126055.00
04/13/2016     1880.00     1900.00     1850.00     1900.00            63475.00
04/12/2016     1885.00     1888.00     1868.00     1880.00           187490.00
04/11/2016     1830.00     1874.00     1830.00     1860.00            79100.00
04/08/2016     1798.00     1829.00     1794.00     1828.00           142745.00
04/07/2016     1908.00     1908.00     1798.00     1798.00           332775.00
04/06/2016     1930.00     1940.00     1910.00     1910.00            39465.00
04/05/2016     1896.00     1969.00     1888.00     1930.00           112350.00
04/04/2016     1918.00     1918.00     1885.00     1896.00            59255.00
04/01/2016     1980.00     1980.00     1915.00     1920.00           143910.00
03/31/2016     1985.00     1989.00     1945.00     1980.00           192395.00
03/30/2016     1970.00     1985.00     1970.00     1979.00           154180.00
03/29/2016     1956.00     1975.00     1956.00     1967.00            41115.00
03/28/2016     1980.00     1980.00     1952.00     1953.00            86420.00
03/23/2016     1920.00     1978.00     1916.00     1978.00           165420.00
03/22/2016     1963.00     1964.00     1888.00     1920.00           212315.00
03/21/2016     1978.00     1980.00     1950.00     1962.00           165685.00
03/18/2016     1950.00     2020.00     1939.00     1978.00           373160.00
03/17/2016     1876.00     1938.00     1873.00     1932.00           349025.00
03/16/2016     1905.00     1909.00     1860.00     1876.00           235060.00
03/15/2016     1901.00     1985.00     1901.00     1901.00           390515.00
03/14/2016     1801.00     1918.00     1801.00     1901.00           433720.00
03/11/2016     1704.00     1735.00     1704.00     1704.00           182725.00
03/10/2016     1691.00     1714.00     1691.00     1700.00           190725.00
03/09/2016     1748.00     1748.00     1675.00     1690.00           174915.00
03/08/2016     1750.00     1775.00     1707.00     1750.00           377175.00
03/07/2016     1808.00     1808.00     1717.00     1730.00           279225.00
03/04/2016     1830.00     1835.00     1792.00     1797.00           158205.00
03/03/2016     1830.00     1860.00     1830.00     1835.00           263835.00
03/02/2016     1800.00     1837.00     1780.00     1824.00           330100.00
03/01/2016     1830.00     1860.00     1750.00     1755.00           546915.00
02/29/2016     2250.00     2268.00     1830.00     1830.00           626455.00
02/26/2016     2232.00     2252.00     2220.00     2228.00           137060.00
02/24/2016     2224.00     2230.00     2206.00     2230.00            71120.00
02/23/2016     2224.00     2242.00     2218.00     2224.00            80260.00
02/22/2016     2246.00     2258.00     2212.00     2220.00            69930.00
02/19/2016     2284.00     2312.00     2228.00     2246.00           157245.00
02/18/2016     2352.00     2360.00     2264.00     2278.00           406500.00
02/17/2016     2290.00     2326.00     2274.00     2326.00           140360.00
02/16/2016     2202.00     2280.00     2202.00     2280.00           240255.00
02/15/2016     2200.00     2206.00     2168.00     2196.00           194285.00
02/12/2016     2150.00     2180.00     2136.00     2168.00            95335.00
02/11/2016     2142.00     2170.00     2142.00     2158.00           104405.00
02/10/2016     2150.00     2150.00     2106.00     2140.00            53455.00
02/09/2016     2188.00     2188.00     2136.00     2164.00            28975.00
02/05/2016     2150.00     2192.00     2150.00     2190.00           107480.00
02/04/2016     2102.00     2154.00     2102.00     2136.00           110385.00
02/03/2016     2100.00     2138.00     2080.00     2088.00           126915.00
02/02/2016     2128.00     2178.00     2128.00     2150.00            79880.00
02/01/2016     2220.00     2220.00     2154.00     2200.00           255165.00
01/29/2016     2180.00     2220.00     2180.00     2220.00           306970.00
01/28/2016     2148.00     2180.00     2100.00     2176.00           133425.00
01/27/2016     2052.00     2170.00     2052.00     2170.00           275700.00
01/26/2016     2050.00     2054.00     2002.00     2032.00           115560.00
01/25/2016     2040.00     2074.00     2006.00     2068.00           209220.00
01/22/2016     1940.00     1996.00     1940.00     1990.00            98055.00
01/21/2016     1937.00     1976.00     1920.00     1940.00           121300.00
01/20/2016     1906.00     1962.00     1906.00     1937.00           151800.00
01/19/2016     1900.00     1934.00     1892.00     1900.00            41705.00
01/18/2016     1900.00     1903.00     1886.00     1899.00            62095.00
01/15/2016     1906.00     1920.00     1902.00     1904.00            80630.00
01/14/2016     1939.00     1939.00     1900.00     1900.00           135785.00
01/13/2016     1935.00     1962.00     1935.00     1940.00            91110.00
01/12/2016     1921.00     1971.00     1921.00     1930.00            70920.00
01/11/2016     1949.00     1949.00     1920.00     1920.00           113955.00
01/08/2016     1972.00     1990.00     1950.00     1958.00           154175.00
01/07/2016     2030.00     2030.00     1982.00     1982.00            83835.00
01/06/2016     2040.00     2070.00     2000.00     2030.00            88065.00
01/05/2016     2000.00     2008.00     1985.00     2000.00           112485.00
01/04/2016     2050.00     2060.00     1996.00     2000.00            90210.00
12/29/2015     2074.00     2074.00     2034.00     2060.00            73560.00
12/28/2015     2010.00     2076.00     2010.00     2076.00            48880.00
12/23/2015     2080.00     2120.00     2060.00     2076.00           138605.00
12/22/2015     2020.00     2080.00     2018.00     2052.00           116345.00
12/21/2015     2024.00     2044.00     2010.00     2022.00           111125.00
12/18/2015     2020.00     2038.00     2000.00     2024.00           181795.00
12/17/2015     2080.00     2088.00     2042.00     2042.00           146370.00
12/16/2015     2010.00     2030.00     2004.00     2026.00           135600.00
12/15/2015     2000.00     2028.00     1980.00     1980.00            88290.00
12/14/2015     1972.00     1988.00     1970.00     1976.00           104510.00
12/11/2015     2062.00     2088.00     1972.00     1972.00           187845.00
12/10/2015     2120.00     2130.00     2054.00     2054.00           105210.00
12/09/2015     2132.00     2132.00     2110.00     2116.00            48760.00
12/08/2015     2132.00     2150.00     2120.00     2136.00            70100.00
12/07/2015     2132.00     2160.00     2132.00     2138.00            51065.00
12/04/2015     2140.00     2154.00     2070.00     2140.00            97575.00
12/03/2015     2152.00     2180.00     2150.00     2168.00           107645.00
12/02/2015     2144.00     2190.00     2130.00     2154.00           171950.00
12/01/2015     2050.00     2162.00     2050.00     2144.00           258875.00
11/27/2015     2048.00     2082.00     2048.00     2050.00           440595.00
11/26/2015     2050.00     2070.00     2042.00     2048.00           148760.00
11/25/2015     2014.00     2050.00     2006.00     2038.00           289990.00
11/24/2015     2000.00     2016.00     1998.00     2002.00           144375.00
11/23/2015     2004.00     2014.00     1999.00     2000.00           146035.00
11/20/2015     1980.00     2024.00     1970.00     2000.00           155200.00
11/17/2015     1964.00     2000.00     1963.00     1965.00           140025.00
11/16/2015     1970.00     1973.00     1959.00     1964.00           104785.00
11/13/2015     1999.00     2020.00     1970.00     1970.00           104555.00
11/12/2015     1999.00     2040.00     1972.00     1972.00           109805.00
11/11/2015     1982.00     1987.00     1970.00     1970.00           130330.00
11/10/2015     1978.00     2026.00     1970.00     1990.00           121855.00
11/09/2015     2008.00     2020.00     1990.00     1997.00           133275.00
11/06/2015     2064.00     2068.00     1990.00     2026.00           247190.00
11/05/2015     2150.00     2150.00     2100.00     2102.00           208790.00
11/04/2015     2240.00     2268.00     2168.00     2180.00           135380.00
11/03/2015     2210.00     2258.00     2210.00     2234.00           121055.00
11/02/2015     2240.00     2240.00     2202.00     2208.00            79400.00
10/30/2015     2270.00     2270.00     2200.00     2200.00           155850.00
10/29/2015     2282.00     2306.00     2250.00     2250.00           130010.00
10/28/2015     2328.00     2328.00     2280.00     2288.00           133365.00
10/27/2015     2398.00     2398.00     2326.00     2328.00            81210.00
10/26/2015     2382.00     2430.00     2382.00     2400.00           267255.00
10/23/2015     2288.00     2382.00     2284.00     2364.00           164660.00
10/22/2015     2250.00     2294.00     2240.00     2294.00            41065.00
10/21/2015     2248.00     2284.00     2224.00     2250.00            48525.00
10/20/2015     2204.00     2226.00     2202.00     2218.00            46325.00
10/19/2015     2256.00     2256.00     2200.00     2208.00            57620.00
10/16/2015     2226.00     2290.00     2226.00     2260.00           151275.00
10/15/2015     2172.00     2226.00     2172.00     2212.00            46210.00
10/14/2015     2218.00     2218.00     2170.00     2170.00           116805.00
10/13/2015     2294.00     2294.00     2200.00     2200.00           206640.00
10/12/2015     2268.00     2348.00     2262.00     2276.00            57940.00
10/09/2015     2300.00     2338.00     2260.00     2260.00            94190.00
10/08/2015     2380.00     2380.00     2300.00     2300.00           159070.00
10/07/2015     2290.00     2408.00     2280.00     2380.00           201700.00
10/06/2015     2298.00     2304.00     2274.00     2304.00           242050.00
10/05/2015     2134.00     2264.00     2134.00     2222.00           179245.00
10/02/2015     2180.00     2180.00     2124.00     2136.00           278670.00
10/01/2015     2186.00     2208.00     2172.00     2180.00           101755.00
09/30/2015     2192.00     2214.00     2168.00     2190.00           151235.00
09/29/2015     2200.00     2210.00     2170.00     2170.00           194080.00
09/28/2015     2268.00     2272.00     2228.00     2228.00           116630.00
09/24/2015     2270.00     2282.00     2258.00     2270.00           110215.00
09/23/2015     2290.00     2290.00     2240.00     2264.00           285580.00
09/22/2015     2320.00     2350.00     2298.00     2304.00           115865.00
09/21/2015     2368.00     2368.00     2296.00     2306.00           137480.00
09/18/2015     2404.00     2426.00     2340.00     2340.00           214770.00
09/17/2015     2380.00     2420.00     2380.00     2392.00           152380.00
09/16/2015     2350.00     2374.00     2350.00     2374.00           167565.00
09/15/2015     2402.00     2410.00     2344.00     2344.00           127955.00
09/14/2015     2350.00     2402.00     2350.00     2402.00            70015.00
09/11/2015     2344.00     2378.00     2310.00     2346.00            85890.00
09/10/2015     2390.00     2390.00     2304.00     2306.00           228140.00
09/09/2015     2398.00     2400.00     2384.00     2392.00           154500.00
09/08/2015     2394.00     2400.00     2378.00     2384.00           139925.00
09/07/2015     2438.00     2438.00     2392.00     2392.00           143300.00
09/04/2015     2450.00     2454.00     2438.00     2444.00           100905.00
09/03/2015     2446.00     2458.00     2428.00     2440.00           125500.00
09/02/2015     2432.00     2438.00     2398.00     2412.00           261360.00
09/01/2015     2500.00     2574.00     2430.00     2446.00           303350.00
08/28/2015     2558.00     2564.00     2498.00     2518.00           243475.00
08/27/2015     2480.00     2604.00     2480.00     2552.00           306200.00
08/26/2015     2480.00     2480.00     2456.00     2464.00           271685.00
08/25/2015     2480.00     2494.00     2422.00     2430.00           219925.00
08/24/2015     2662.00     2662.00     2536.00     2536.00           252835.00
08/20/2015     2768.00     2768.00     2738.00     2750.00            77285.00
08/19/2015     2732.00     2776.00     2720.00     2770.00           136400.00
08/18/2015     2706.00     2740.00     2706.00     2740.00            89565.00
08/17/2015     2712.00     2712.00     2698.00     2704.00           127770.00
08/14/2015     2708.00     2718.00     2700.00     2712.00           141400.00
08/13/2015     2704.00     2716.00     2696.00     2708.00           185575.00
08/12/2015     2690.00     2710.00     2680.00     2700.00           127240.00
08/11/2015     2712.00     2742.00     2700.00     2700.00           226175.00
08/10/2015     2748.00     2760.00     2702.00     2702.00           229575.00
08/07/2015     2790.00     2790.00     2748.00     2756.00           270140.00
08/06/2015     2850.00     2850.00     2800.00     2800.00           197560.00
08/05/2015     2870.00     2884.00     2850.00     2860.00           137190.00
08/04/2015     2898.00     2900.00     2850.00     2850.00           166160.00
08/03/2015     2920.00     2920.00     2888.00     2898.00           108980.00
07/31/2015     2914.00     2914.00     2880.00     2886.00           222010.00
07/30/2015     2890.00     2926.00     2890.00     2914.00           157125.00
07/29/2015     2880.00     2890.00     2876.00     2876.00           393930.00
07/28/2015     2890.00     2904.00     2864.00     2888.00           174375.00
07/27/2015     2920.00     2926.00     2890.00     2900.00            71300.00
07/24/2015     2910.00     2950.00     2910.00     2948.00            38980.00
07/23/2015     2902.00     2946.00     2902.00     2944.00            88515.00
07/22/2015     2942.00     2944.00     2930.00     2944.00            83335.00
07/21/2015     2920.00     2946.00     2920.00     2942.00            74465.00
07/20/2015     2902.00     2950.00     2902.00     2948.00           134085.00
07/16/2015     2860.00     2940.00     2852.00     2936.00           193370.00
07/15/2015     2848.00     2868.00     2844.00     2862.00           127780.00
07/14/2015     2846.00     2864.00     2830.00     2838.00            97645.00
07/13/2015     2832.00     2846.00     2810.00     2846.00           107680.00
07/10/2015     2766.00     2830.00     2766.00     2830.00           109075.00
07/09/2015     2776.00     2790.00     2760.00     2770.00           202875.00
07/08/2015     2800.00     2800.00     2780.00     2780.00           118855.00
07/07/2015     2800.00     2830.00     2798.00     2808.00           103760.00
07/06/2015     2804.00     2822.00     2792.00     2798.00           130115.00
07/03/2015     2802.00     2826.00     2800.00     2800.00           175880.00
07/02/2015     2806.00     2858.00     2800.00     2800.00           157395.00
07/01/2015     2804.00     2830.00     2794.00     2808.00           161415.00
06/30/2015     2840.00     2840.00     2800.00     2810.00           143045.00
06/29/2015     2830.00     2844.00     2800.00     2836.00            86625.00
06/26/2015     2860.00     2860.00     2838.00     2842.00           115490.00
06/25/2015     2822.00     2860.00     2822.00     2840.00           152095.00
06/24/2015     2820.00     2880.00     2820.00     2880.00           152420.00
06/23/2015     2800.00     2870.00     2796.00     2810.00           162110.00
06/22/2015     2806.00     2806.00     2786.00     2796.00            58285.00
06/19/2015     2814.00     2830.00     2802.00     2802.00           125255.00
06/18/2015     2818.00     2840.00     2802.00     2810.00            94415.00
06/17/2015     2810.00     2818.00     2802.00     2818.00           245355.00
06/16/2015     2802.00     2866.00     2802.00     2850.00           111930.00
06/15/2015     2840.00     2846.00     2800.00     2800.00           134715.00
06/11/2015     2780.00     2848.00     2762.00     2800.00           132210.00
06/10/2015     2788.00     2796.00     2774.00     2774.00            86760.00
06/09/2015     2782.00     2788.00     2774.00     2788.00            50635.00
06/08/2015     2784.00     2796.00     2780.00     2796.00            29115.00
06/05/2015     2800.00     2800.00     2776.00     2784.00            98610.00
06/04/2015     2798.00     2816.00     2780.00     2802.00            79425.00
06/03/2015     2760.00     2800.00     2760.00     2800.00            76735.00
06/02/2015     2774.00     2790.00     2748.00     2782.00            81215.00
06/01/2015     2780.00     2810.00     2768.00     2786.00            58785.00
05/29/2015     2780.00     2880.00     2780.00     2780.00           257245.00
05/28/2015     2800.00     2800.00     2754.00     2780.00           155840.00
05/27/2015     2820.00     2820.00     2780.00     2800.00            94835.00
05/26/2015     2840.00     2840.00     2800.00     2820.00            82950.00
05/25/2015     2860.00     2860.00     2836.00     2840.00            16915.00
05/22/2015     2872.00     2872.00     2858.00     2860.00            47330.00
05/21/2015     2880.00     2880.00     2862.00     2862.00            66805.00
05/20/2015     2836.00     2876.00     2836.00     2876.00            93655.00
05/19/2015     2830.00     2848.00     2830.00     2844.00            30710.00
05/18/2015     2850.00     2880.00     2850.00     2874.00            40835.00
05/15/2015     2846.00     2864.00     2846.00     2850.00            72530.00
05/14/2015     2832.00     2850.00     2822.00     2850.00           120885.00
05/13/2015     2816.00     2844.00     2814.00     2830.00           127400.00
05/12/2015     2820.00     2820.00     2782.00     2816.00            78065.00
05/11/2015     2836.00     2850.00     2820.00     2832.00            62795.00
05/08/2015     2858.00     2858.00     2822.00     2836.00            69055.00
05/07/2015     2820.00     2838.00     2804.00     2822.00           109830.00
05/06/2015     2880.00     2886.00     2848.00     2868.00           104400.00
05/05/2015     2842.00     2892.00     2842.00     2884.00           111160.00
05/04/2015     2814.00     2850.00     2800.00     2840.00           161040.00
04/30/2015     2888.00     2888.00     2770.00     2770.00           478840.00
04/29/2015     2904.00     2926.00     2878.00     2888.00           127930.00
04/28/2015     2902.00     2928.00     2898.00     2928.00            77580.00
04/27/2015     2900.00     2916.00     2898.00     2904.00           118540.00
04/24/2015     2908.00     2910.00     2886.00     2900.00           118440.00
04/23/2015     2904.00     2908.00     2870.00     2900.00           180155.00
04/22/2015     2902.00     2902.00     2862.00     2900.00            96160.00
04/21/2015     2912.00     2912.00     2882.00     2902.00            59565.00
04/20/2015     2870.00     2930.00     2850.00     2912.00            70860.00
04/17/2015     2910.00     2932.00     2900.00     2912.00           315065.00
04/16/2015     2900.00     2908.00     2872.00     2900.00           255935.00
04/15/2015     2920.00     2924.00     2888.00     2900.00           142150.00
04/14/2015     2940.00     2940.00     2916.00     2920.00            77430.00
04/13/2015     2972.00     2972.00     2938.00     2940.00           225980.00
04/10/2015     2938.00     2984.00     2938.00     2972.00           245900.00
04/08/2015     2936.00     2950.00     2910.00     2940.00            96170.00
04/07/2015     2946.00     2946.00     2924.00     2936.00           102555.00
04/06/2015     2890.00     2938.00     2882.00     2928.00           113440.00
04/01/2015     2848.00     2862.00     2814.00     2840.00           185270.00
03/31/2015     2860.00     2872.00     2848.00     2856.00           192355.00
03/30/2015     2850.00     2922.00     2830.00     2830.00           219190.00
03/27/2015     2834.00     2844.00     2824.00     2830.00           138455.00
03/26/2015     2812.00     2838.00     2812.00     2838.00            91525.00
03/25/2015     2830.00     2860.00     2830.00     2838.00           178240.00
03/24/2015     2828.00     2828.00     2810.00     2828.00           229535.00
03/23/2015     2820.00     2840.00     2812.00     2828.00           236095.00
03/20/2015     2834.00     2840.00     2810.00     2810.00           308630.00
03/19/2015     2800.00     2860.00     2800.00     2850.00           387780.00
03/18/2015     2874.00     2874.00     2780.00     2788.00           397265.00
03/17/2015     2920.00     2920.00     2874.00     2874.00           180705.00
03/16/2015     2938.00     2938.00     2888.00     2900.00           158750.00
03/13/2015     3000.00     3002.00     2950.00     2950.00           127620.00
03/12/2015     3000.00     3008.00     2990.00     3002.00           119045.00
03/11/2015     3100.00     3100.00     3088.00     3092.00           157675.00
03/10/2015     3080.00     3100.00     3080.00     3092.00           131055.00
03/09/2015     3078.00     3084.00     3052.00     3084.00           179765.00
03/06/2015     3102.00     3108.00     3092.00     3100.00            99510.00
03/05/2015     3098.00     3106.00     3098.00     3102.00           253755.00
03/04/2015     3100.00     3100.00     3078.00     3096.00           232550.00
03/03/2015     3100.00     3130.00     3086.00     3098.00           384785.00
03/02/2015     3160.00     3160.00     3086.00     3100.00           172820.00
02/27/2015     3190.00     3190.00     3150.00     3162.00           158140.00
02/26/2015     3198.00     3198.00     3172.00     3190.00           134350.00
02/25/2015     3170.00     3200.00     3160.00     3200.00           114005.00
02/24/2015     3170.00     3174.00     3160.00     3164.00            94350.00
02/23/2015     3190.00     3192.00     3172.00     3176.00           121115.00
02/20/2015     3172.00     3190.00     3172.00     3190.00            31115.00
02/18/2015     3170.00     3214.00     3170.00     3190.00           106640.00
02/17/2015     3186.00     3190.00     3160.00     3182.00            70380.00
02/16/2015     3188.00     3202.00     3182.00     3186.00           182270.00
02/13/2015     3130.00     3214.00     3130.00     3190.00           383590.00
02/12/2015     3076.00     3120.00     3074.00     3120.00           202435.00
02/11/2015     3102.00     3106.00     3074.00     3084.00           139990.00
02/10/2015     3080.00     3120.00     3080.00     3102.00           312250.00
02/09/2015     3060.00     3098.00     3060.00     3098.00           117580.00
02/06/2015     3052.00     3100.00     3052.00     3092.00           180410.00
02/05/2015     3086.00     3090.00     3072.00     3090.00           277165.00
02/04/2015     3004.00     3090.00     3002.00     3086.00           312845.00
02/03/2015     2958.00     2988.00     2958.00     2980.00            97100.00
02/02/2015     2970.00     2970.00     2948.00     2960.00           113335.00
01/30/2015     2972.00     2978.00     2962.00     2970.00           169490.00
01/29/2015     2970.00     2996.00     2968.00     2972.00           229835.00
01/28/2015     2960.00     3002.00     2960.00     2992.00           187130.00
01/27/2015     2982.00     2982.00     2960.00     2970.00           167195.00
01/26/2015     2970.00     3000.00     2962.00     2984.00           171550.00
01/23/2015     2996.00     3000.00     2958.00     2962.00           222250.00
01/22/2015     2940.00     2974.00     2940.00     2956.00           117015.00
01/21/2015     2922.00     2996.00     2922.00     2952.00           238575.00
01/20/2015     2952.00     2960.00     2926.00     2934.00           216165.00
01/19/2015     2980.00     2980.00     2920.00     2950.00           137575.00
01/14/2015     2980.00     3014.00     2980.00     2996.00           201830.00
01/13/2015     2944.00     2990.00     2938.00     2970.00           190710.00
01/12/2015     2894.00     2956.00     2894.00     2946.00           107890.00
01/09/2015     2880.00     2988.00     2880.00     2952.00           253340.00
01/08/2015     2820.00     2906.00     2820.00     2900.00           136310.00
01/07/2015     2812.00     2858.00     2812.00     2820.00            73630.00
01/06/2015     2868.00     2868.00     2808.00     2812.00           181850.00
01/05/2015     2940.00     2940.00     2850.00     2874.00           105415.00
