URC  1216

12/27/2019      147.80      149.90      145.00      145.00           631700.00
12/26/2019      147.40      150.10      147.10      148.00           298850.00
12/23/2019      144.00      151.90      140.30      151.90           555750.00
12/20/2019      142.30      144.00      140.00      144.00          2108220.00
12/19/2019      146.00      146.00      142.10      143.00           831850.00
12/18/2019      144.90      146.00      144.30      145.00          1225940.00
12/17/2019      141.90      144.80      141.20      144.00           925790.00
12/16/2019      145.20      145.20      141.10      141.10           529060.00
12/13/2019      145.00      145.70      144.00      145.00          3897040.00
12/12/2019      141.50      143.80      141.20      143.50           718210.00
12/11/2019      142.00      142.00      140.00      141.50           499040.00
12/10/2019      138.30      142.00      138.30      141.50           610220.00
12/09/2019      137.00      142.00      137.00      140.50          2688680.00
12/06/2019      140.30      143.60      136.00      136.00          3160110.00
12/05/2019      144.00      146.90      138.10      140.20          1293180.00
12/04/2019      145.20      147.00      140.50      145.00          1017550.00
12/03/2019      151.90      151.90      144.00      144.00          1112000.00
12/02/2019      152.90      152.90      149.00      149.50           657330.00
11/29/2019      150.00      151.60      150.00      150.10           798680.00
11/28/2019      154.00      154.00      150.00      151.00          1123340.00
11/27/2019      152.00      154.90      150.30      154.00           500710.00
11/26/2019      151.20      154.00      150.80      152.00          2434450.00
11/25/2019      152.00      152.00      150.20      151.20           636220.00
11/22/2019      150.20      154.90      150.20      154.00           516070.00
11/21/2019      151.80      152.50      150.00      152.00           812790.00
11/20/2019      152.00      154.00      150.10      153.10           561670.00
11/19/2019      152.10      154.00      151.70      152.40           643360.00
11/18/2019      151.00      154.30      149.30      151.30           629900.00
11/15/2019      152.00      154.80      150.50      151.10           667800.00
11/14/2019      153.00      153.10      150.10      152.00           717550.00
11/13/2019      156.00      156.00      150.10      154.00           575480.00
11/12/2019      154.60      157.00      153.20      156.00           387420.00
11/11/2019      154.00      155.00      150.50      154.70           536040.00
11/08/2019      150.50      154.50      149.50      151.50           637660.00
11/07/2019      154.70      154.90      149.00      150.50          1949910.00
11/06/2019      157.50      157.50      155.00      155.00           324370.00
11/05/2019      154.00      157.50      154.00      156.00          1008730.00
11/04/2019      152.50      154.80      151.10      154.80          1421330.00
10/31/2019      152.00      152.70      150.70      151.00          3124530.00
10/30/2019      153.00      153.00      150.90      151.00          2012150.00
10/29/2019      148.60      153.70      147.00      151.50          1827020.00
10/28/2019      150.00      152.00      148.00      150.50           946770.00
10/25/2019      154.00      154.00      146.80      150.00          3044210.00
10/24/2019      157.10      159.00      149.00      151.00          2614100.00
10/23/2019      159.10      159.10      156.90      157.20           939770.00
10/22/2019      159.70      160.00      159.00      159.00           621340.00
10/21/2019      156.50      159.70      156.50      159.40           566180.00
10/18/2019      160.00      160.00      156.30      156.30           213810.00
10/17/2019      159.90      160.30      158.10      160.00          1153200.00
10/16/2019      158.50      160.00      156.80      160.00          1381230.00
10/15/2019      158.20      158.50      157.10      158.50           407880.00
10/14/2019      158.50      159.70      157.40      158.50           202360.00
10/11/2019      158.00      159.80      157.00      158.50           284200.00
10/10/2019      157.00      158.00      156.60      157.50           189620.00
10/09/2019      159.80      159.80      156.40      157.00           143960.00
10/08/2019      157.70      162.70      157.20      160.00          2896270.00
10/07/2019      156.90      157.70      154.50      157.70          1133150.00
10/04/2019      154.80      157.70      153.90      157.70          1328140.00
10/03/2019      144.00      152.90      143.20      152.90          1656780.00
10/02/2019      149.50      149.50      143.90      145.00          1660020.00
10/01/2019      155.30      155.40      149.30      150.00          1494710.00
09/30/2019      158.00      160.80      156.00      156.00          2140580.00
09/27/2019      158.10      158.30      154.00      157.50          1103880.00
09/26/2019      160.00      161.00      158.00      158.00          1202470.00
09/25/2019      165.50      165.50      156.80      158.60          3834510.00
09/24/2019      167.00      167.00      165.70      166.00           375260.00
09/23/2019      168.00      168.00      165.60      166.90           404000.00
09/20/2019      166.60      169.60      166.60      169.00          2174540.00
09/19/2019      166.70      169.60      166.00      169.60           169400.00
09/18/2019      167.80      167.80      165.80      166.70           739610.00
09/17/2019      167.40      169.00      167.40      168.50           295980.00
09/16/2019      168.50      169.00      167.40      168.20           836140.00
09/13/2019      167.30      170.50      167.30      170.50           413890.00
09/12/2019      167.50      170.00      167.00      168.00           359590.00
09/11/2019      167.10      170.00      167.10      168.00           483340.00
09/10/2019      168.00      169.50      167.10      167.20           581630.00
09/09/2019      168.60      170.00      166.80      169.50           736410.00
09/06/2019      167.00      170.40      167.00      168.50           436200.00
09/05/2019      167.00      172.00      166.00      167.00           694020.00
09/04/2019      167.40      169.00      166.90      166.90           513780.00
09/03/2019      170.30      170.30      167.50      167.50           850000.00
09/02/2019      173.00      173.00      169.10      170.30           554830.00
08/30/2019      172.50      173.00      168.00      173.00          1587180.00
08/29/2019      172.00      172.00      171.00      172.00          1664760.00
08/28/2019      168.50      171.80      168.00      171.80          1353980.00
08/27/2019      170.50      171.20      165.00      168.50          3671210.00
08/23/2019      170.00      171.60      166.10      171.00          1517430.00
08/22/2019      167.00      172.00      165.20      172.00          1093980.00
08/20/2019      171.90      171.90      165.30      168.00           539100.00
08/19/2019      162.00      172.50      162.00      172.50          1023370.00
08/16/2019      164.00      165.00      162.00      162.00          1203480.00
08/15/2019      166.00      168.90      161.30      166.00          1626690.00
08/14/2019      161.20      171.10      161.20      169.50          2070650.00
08/13/2019      160.80      164.00      157.30      163.00          1013630.00
08/09/2019      161.00      163.00      159.00      161.00           913320.00
08/08/2019      162.00      163.70      160.00      161.00           396240.00
08/07/2019      164.90      165.50      161.60      164.00           683460.00
08/06/2019      161.00      162.00      157.50      161.00          1358050.00
08/05/2019      168.50      168.50      161.90      161.90          1583730.00
08/02/2019      164.00      170.00      161.00      169.60          1031430.00
08/01/2019      160.00      165.60      156.00      164.00          1315480.00
07/31/2019      167.60      167.80      159.60      159.60          1979240.00
07/30/2019      168.10      168.90      167.00      167.50          1714340.00
07/29/2019      171.00      171.00      167.00      170.00           745770.00
07/26/2019      173.40      173.90      171.00      171.00           931670.00
07/25/2019      171.80      173.40      168.00      173.40           831630.00
07/24/2019      170.10      172.60      170.00      171.80           966820.00
07/23/2019      168.00      169.70      166.20      169.70           752550.00
07/22/2019      165.00      169.00      165.00      168.00           640250.00
07/19/2019      169.10      171.90      165.50      166.00          1204100.00
07/18/2019      171.00      171.40      168.80      169.10           344490.00
07/17/2019      171.10      173.90      170.70      171.00           724810.00
07/16/2019      175.00      175.10      171.00      171.00          1067120.00
07/15/2019      171.60      177.90      171.60      175.00           968550.00
07/12/2019      173.10      174.50      171.70      171.70           482420.00
07/11/2019      175.00      175.00      173.00      173.00           843410.00
07/10/2019      177.50      177.50      173.60      175.00          1270610.00
07/09/2019      179.80      179.80      173.80      176.00           981550.00
07/08/2019      176.00      180.40      173.50      178.00          1318260.00
07/05/2019      172.00      176.90      171.30      176.00           990480.00
07/04/2019      170.50      173.00      168.20      172.00           608670.00
07/03/2019      167.40      171.60      167.00      170.50          1356280.00
07/02/2019      164.70      168.00      164.70      167.50           460880.00
07/01/2019      167.00      168.60      164.10      166.00           310330.00
06/28/2019      172.50      174.00      166.00      166.00          1462400.00
06/27/2019      173.20      174.30      172.20      174.00           811500.00
06/26/2019      176.80      177.00      172.20      174.50           672920.00
06/25/2019      175.90      178.50      175.60      177.40          1586430.00
06/24/2019      175.80      176.00      173.70      176.00           538560.00
06/21/2019      173.40      176.00      169.00      176.00          1590730.00
06/20/2019      174.00      174.00      172.60      173.40          1042480.00
06/19/2019      173.90      173.90      171.00      173.90          1172850.00
06/18/2019      170.00      173.90      169.00      173.90          1001760.00
06/17/2019      174.00      174.00      168.00      170.00           694850.00
06/14/2019      176.00      176.00      172.10      174.00           834050.00
06/13/2019      170.00      176.00      170.00      176.00          1586400.00
06/11/2019      173.00      175.50      171.10      175.00          1732290.00
06/10/2019      169.00      173.30      168.00      173.00          1696410.00
06/07/2019      167.80      169.00      166.70      169.00           468410.00
06/06/2019      167.90      168.70      165.20      168.00           893400.00
06/04/2019      171.00      171.30      168.00      168.00           909920.00
06/03/2019      167.00      173.70      165.70      171.50          1965210.00
05/31/2019      164.00      167.00      162.00      167.00          2121770.00
05/30/2019      159.50      164.00      159.00      163.00          1431050.00
05/29/2019      157.00      161.40      156.10      159.00          1093080.00
05/28/2019      153.00      158.00      153.00      155.00          3235860.00
05/27/2019      153.90      153.90      151.50      152.70           544190.00
05/24/2019      155.80      155.80      153.50      153.90           478560.00
05/23/2019      155.20      158.70      154.10      157.00           407510.00
05/22/2019      158.80      158.80      153.10      156.80           763050.00
05/21/2019      152.30      158.80      152.30      158.80          1048530.00
05/20/2019      152.60      155.80      151.20      153.70           897020.00
05/17/2019      152.00      156.00      152.00      152.50          1098530.00
05/16/2019      152.40      156.00      152.40      152.80          1945770.00
05/15/2019      160.00      160.90      156.80      156.80           945320.00
05/14/2019      158.80      161.00      150.50      160.00          1615820.00
05/10/2019      159.50      162.80      158.10      160.00          1523100.00
05/09/2019      164.80      164.80      159.80      160.10          1156640.00
05/08/2019      160.70      165.00      159.30      165.00          1149750.00
05/07/2019      162.70      164.20      160.30      161.40          1119490.00
05/06/2019      166.60      166.60      160.40      163.00          1140880.00
05/03/2019      165.00      170.50      164.10      167.00          3584910.00
05/02/2019      154.80      164.50      154.70      164.00          2742140.00
04/30/2019      145.70      152.30      144.00      152.30          2186820.00
04/29/2019      142.30      145.60      142.30      145.50          1277220.00
04/26/2019      142.50      142.60      141.20      142.10           608380.00
04/25/2019      145.20      145.40      142.50      143.60           807600.00
04/24/2019      147.60      147.80      145.50      145.50           755270.00
04/23/2019      150.10      150.20      147.50      147.50           382370.00
04/22/2019      153.20      153.20      150.00      150.20           402010.00
04/17/2019      152.50      153.00      151.60      152.00           620650.00
04/16/2019      151.40      155.00      151.00      152.50           530680.00
04/15/2019      157.00      159.00      151.40      151.40           583540.00
04/12/2019      157.30      157.80      155.80      157.00          1156160.00
04/11/2019      159.60      159.60      157.00      157.30          1779430.00
04/10/2019      157.20      159.60      156.00      159.60           914500.00
04/08/2019      152.60      157.00      152.10      156.00          1078890.00
04/05/2019      153.50      153.50      151.60      151.60           275530.00
04/04/2019      152.00      154.00      152.00      153.40           935280.00
04/03/2019      152.40      153.00      151.60      153.00           836510.00
04/02/2019      152.00      152.40      151.90      152.40           695400.00
04/01/2019      151.90      152.60      151.60      152.30           988100.00
03/29/2019      151.80      152.60      150.10      152.00          1955030.00
03/28/2019      149.90      151.80      148.60      150.90           954070.00
03/27/2019      149.00      149.70      147.40      149.00           485630.00
03/26/2019      148.00      149.90      146.00      149.00          1040250.00
03/25/2019      150.00      150.00      142.60      148.00           651990.00
03/22/2019      145.10      150.70      145.10      149.20          1414550.00
03/21/2019      148.00      148.40      145.00      145.00           956470.00
03/20/2019      146.10      148.00      145.80      148.00           737400.00
03/19/2019      147.00      148.00      146.10      146.10           637490.00
03/18/2019      145.70      147.30      144.00      147.00           606520.00
03/15/2019      145.00      146.00      143.70      145.70          1367980.00
03/14/2019      141.40      145.00      141.40      145.00           348680.00
03/13/2019      141.20      144.80      141.20      144.80           526130.00
03/12/2019      140.20      141.20      138.00      141.20           315810.00
03/11/2019      142.00      143.00      138.00      140.20          1282660.00
03/08/2019      144.00      144.50      141.80      142.30           196580.00
03/07/2019      142.30      144.00      142.30      143.00           896320.00
03/06/2019      138.60      142.00      138.00      142.00           849840.00
03/05/2019      138.20      140.00      137.20      138.00           630920.00
03/04/2019      137.00      140.80      137.00      138.00          1774910.00
03/01/2019      136.70      140.00      136.50      137.00          1280890.00
02/28/2019      146.50      148.00      136.10      136.10          1975430.00
02/27/2019      149.00      149.00      145.10      145.10           862720.00
02/26/2019      149.90      150.00      146.60      149.40           747800.00
02/22/2019      149.00      149.00      146.00      149.00           499050.00
02/21/2019      146.50      149.00      144.80      149.00           732410.00
02/20/2019      140.50      147.90      140.50      146.50           931300.00
02/19/2019      145.00      145.50      140.50      140.50           866070.00
02/18/2019      146.00      146.00      145.00      145.00           331010.00
02/15/2019      144.00      147.00      143.80      146.00           995590.00
02/14/2019      141.50      144.40      140.50      143.80           466850.00
02/13/2019      142.00      142.30      140.30      140.50           694570.00
02/12/2019      146.60      146.60      141.30      141.30           705370.00
02/11/2019      146.30      148.50      146.20      147.00           975470.00
02/08/2019      147.10      149.70      145.80      146.20           471850.00
02/07/2019      151.00      151.00      147.00      147.10          1624850.00
02/06/2019      150.20      151.80      149.10      149.10          1616090.00
02/04/2019      150.00      151.00      149.20      151.00           496890.00
02/01/2019      148.00      150.50      147.90      150.00          1708210.00
01/31/2019      146.00      149.00      145.60      148.10          1409320.00
01/30/2019      146.00      147.80      143.50      145.80          1360950.00
01/29/2019      147.00      148.00      145.10      147.00           727620.00
01/28/2019      149.30      149.40      145.50      148.00           667900.00
01/25/2019      149.00      149.80      147.80      149.30          2186330.00
01/24/2019      145.00      149.50      144.30      149.50          1058830.00
01/23/2019      143.80      144.50      140.00      144.50           736000.00
01/22/2019      144.00      145.00      143.20      145.00           618170.00
01/21/2019      142.90      146.20      142.70      144.00          2908390.00
01/18/2019      139.90      143.00      138.90      142.90          1137450.00
01/17/2019      143.00      143.00      138.90      140.00          1772270.00
01/16/2019      141.80      144.00      139.00      143.00          2136790.00
01/15/2019      141.50      144.40      138.90      142.00          2035560.00
01/14/2019      136.40      141.40      134.00      141.40          1274740.00
01/11/2019      134.00      137.00      133.00      136.30          2720440.00
01/10/2019      131.80      134.80      131.50      133.90          3571020.00
01/09/2019      130.40      132.30      130.30      131.10          2409410.00
01/08/2019      131.00      131.30      129.50      130.00          1710720.00
01/07/2019      129.50      131.70      129.30      130.50          2729650.00
01/04/2019      128.50      130.50      127.50      128.50          3470890.00
01/03/2019      127.50      128.80      127.20      128.50           980550.00
01/02/2019      128.40      128.50      125.70      127.50           299610.00
12/28/2018      128.50      128.50      126.30      127.00           386430.00
12/27/2018      128.00      128.80      127.50      128.50           887030.00
12/26/2018      128.30      128.50      126.00      128.00           641770.00
12/21/2018      128.80      128.80      128.20      128.50          1516080.00
12/20/2018      128.50      129.00      128.10      128.80           650930.00
12/19/2018      127.50      128.80      127.50      128.50           834010.00
12/18/2018      128.50      128.50      127.00      128.20           536490.00
12/17/2018      128.50      128.50      126.80      128.50          1582590.00
12/14/2018      128.00      129.40      128.00      128.50           568780.00
12/13/2018      128.60      129.40      127.70      128.50          1279290.00
12/12/2018      129.00      129.90      128.00      128.50          2121690.00
12/11/2018      128.00      129.80      128.00      129.00           409310.00
12/10/2018      127.30      128.60      127.00      128.00           828960.00
12/07/2018      129.80      129.80      126.50      127.00           529680.00
12/06/2018      129.80      129.80      126.20      127.00          1624150.00
12/05/2018      129.90      129.90      129.30      129.90           860680.00
12/04/2018      130.00      132.00      128.00      130.00          3104380.00
12/03/2018      129.00      131.20      128.60      130.00          2535390.00
11/29/2018      129.90      130.40      128.00      128.00          2771450.00
11/28/2018      133.60      133.60      129.40      129.90           805780.00
11/27/2018      135.00      135.10      129.30      130.00           871660.00
11/26/2018      135.00      139.40      132.10      135.00           702390.00
11/23/2018      133.00      135.40      132.70      135.30           404510.00
11/22/2018      131.00      133.20      130.80      133.00           938410.00
11/21/2018      130.00      131.90      129.00      131.00           701210.00
11/20/2018      131.60      131.60      128.00      130.00          1013390.00
11/19/2018      130.70      134.40      130.20      131.00           628410.00
11/16/2018      129.00      133.50      128.00      131.00           782860.00
11/15/2018      122.00      128.00      122.00      126.50           452070.00
11/14/2018      121.70      126.00      121.50      123.00           515280.00
11/13/2018      123.00      124.00      121.20      121.80          1133000.00
11/12/2018      125.00      125.20      122.90      123.00           394420.00
11/09/2018      130.40      130.40      124.00      125.00           392250.00
11/08/2018      130.70      132.00      129.00      130.40           795290.00
11/07/2018      134.20      136.00      128.70      130.70           399890.00
11/06/2018      134.00      138.00      132.20      134.00           898710.00
11/05/2018      133.00      135.90      131.60      133.90          1555400.00
10/31/2018      131.00      131.00      129.00      130.00          1228610.00
10/30/2018      132.40      132.40      128.10      130.00           497200.00
10/29/2018      130.00      134.00      130.00      133.80           816610.00
10/26/2018      132.50      133.70      128.20      130.00          2776200.00
10/25/2018      140.00      140.00      130.00      130.00          1823230.00
10/24/2018      144.00      144.50      140.00      140.00           865460.00
10/23/2018      145.60      145.60      142.70      144.00           465010.00
10/22/2018      145.30      146.00      145.00      145.70           551470.00
10/19/2018      145.80      146.00      145.00      145.90          2880540.00
10/18/2018      147.40      147.40      144.50      146.50          3968580.00
10/17/2018      138.00      148.00      138.00      148.00           850290.00
10/16/2018      132.30      137.50      132.30      137.50           570070.00
10/15/2018      137.00      137.00      132.30      132.30           333140.00
10/12/2018      128.00      137.00      128.00      137.00           997990.00
10/11/2018      128.60      128.60      124.50      128.00           737940.00
10/10/2018      133.00      133.00      128.10      129.00          1416620.00
10/09/2018      134.90      134.90      131.30      133.00          1434150.00
10/08/2018      134.00      135.90      133.90      134.50           531360.00
10/05/2018      134.00      137.20      133.50      133.50           331530.00
10/04/2018      138.00      138.00      134.00      134.00          1033680.00
10/03/2018      137.00      137.00      134.90      136.50           413510.00
10/02/2018      144.00      144.00      135.50      136.00           460780.00
10/01/2018      144.50      145.20      139.50      139.50          1533140.00
09/28/2018      144.20      147.30      144.20      144.50           745690.00
09/27/2018      148.00      148.00      144.60      147.40          1097160.00
09/26/2018      150.90      150.90      146.00      147.20          1085780.00
09/25/2018      151.00      151.00      150.00      151.00           536150.00
09/24/2018      150.90      151.00      148.10      151.00           346800.00
09/21/2018      145.00      151.40      144.90      151.00          2193430.00
09/20/2018      144.10      144.10      142.50      142.50           301700.00
09/19/2018      144.00      146.20      142.80      144.10          1453700.00
09/18/2018      145.00      145.00      141.80      143.00           809800.00
09/17/2018      141.30      145.30      140.10      145.30           603800.00
09/14/2018      145.00      145.00      140.00      141.30          1485790.00
09/13/2018      144.00      144.90      142.00      143.70          3397330.00
09/12/2018      149.50      149.50      140.00      140.00          1066390.00
09/11/2018      151.00      151.20      148.00      149.00          1463310.00
09/10/2018      144.90      153.40      144.90      153.00          2849860.00
09/07/2018      142.20      144.90      140.00      144.90          1155340.00
09/06/2018      141.30      142.20      139.40      142.20          1193160.00
09/05/2018      144.70      144.70      139.90      142.00           674320.00
09/04/2018      142.90      145.00      141.00      145.00           678810.00
09/03/2018      139.50      143.00      139.30      143.00           284250.00
08/31/2018      140.00      143.70      138.00      139.50          2261800.00
08/30/2018      140.00      141.50      139.10      140.60           642640.00
08/29/2018      142.00      143.00      139.50      142.00           395840.00
08/28/2018      143.00      144.70      142.00      143.00          1129050.00
08/24/2018      140.00      143.00      138.50      143.00           555230.00
08/23/2018      139.00      141.00      137.50      141.00          1149530.00
08/22/2018      134.80      139.00      134.00      139.00           898650.00
08/20/2018      135.00      136.00      132.60      132.60          1232330.00
08/17/2018      133.00      137.00      132.00      134.00           484140.00
08/16/2018      134.20      134.20      130.60      133.00           272240.00
08/15/2018      135.00      135.20      134.00      134.60           934790.00
08/14/2018      139.10      139.90      135.00      135.20           647000.00
08/13/2018      140.60      140.60      138.30      139.50           585980.00
08/10/2018      138.50      141.00      138.00      140.60           882450.00
08/09/2018      138.00      139.50      135.90      139.50           324900.00
08/08/2018      133.80      138.00      133.60      138.00           607290.00
08/07/2018      130.00      133.90      130.00      133.80           488760.00
08/06/2018      130.00      133.00      130.00      132.40           712190.00
08/03/2018      129.50      131.00      129.30      130.00          1080900.00
08/02/2018      128.00      129.40      127.60      128.00          1011270.00
08/01/2018      127.80      129.80      126.50      128.60          1935540.00
07/31/2018      135.20      135.20      127.60      128.00          1233010.00
07/30/2018      132.50      138.90      132.40      136.00          1387780.00
07/27/2018      130.50      132.30      129.70      131.00           698040.00
07/26/2018      129.00      132.90      129.00      131.00          1405130.00
07/25/2018      131.10      132.30      128.90      128.90           773790.00
07/24/2018      131.80      132.70      131.00      131.00          1055860.00
07/23/2018      132.40      132.40      131.50      132.00           647720.00
07/20/2018      132.20      132.50      132.00      132.50           471730.00
07/19/2018      131.80      132.80      131.60      132.00          1172760.00
07/18/2018      130.80      131.90      130.00      131.80           370730.00
07/17/2018      128.60      130.90      127.60      130.80           923440.00
07/16/2018      126.00      128.70      124.50      128.70           817930.00
07/13/2018      125.40      126.00      122.10      126.00           496930.00
07/12/2018      123.70      125.10      121.50      123.00           446690.00
07/11/2018      121.00      122.00      120.30      122.00           204650.00
07/10/2018      119.80      121.50      119.80      121.00           782420.00
07/09/2018      122.00      123.40      119.30      120.20          1159060.00
07/06/2018      123.30      123.40      121.10      122.00           337280.00
07/05/2018      122.00      123.40      121.00      121.50          1383100.00
07/04/2018      125.00      125.50      123.80      124.80          1290390.00
07/03/2018      122.00      124.80      120.50      124.80          3365120.00
07/02/2018      121.00      122.00      119.00      122.00          1254610.00
06/29/2018      119.50      121.00      118.20      121.00          2201620.00
06/28/2018      117.60      118.90      117.50      118.90           775280.00
06/27/2018      117.00      119.00      116.40      119.00           616570.00
06/26/2018      119.00      119.00      115.00      119.00          1161770.00
06/25/2018      118.40      119.00      117.00      117.50          1098320.00
06/22/2018      112.80      115.50      111.30      115.00          1009960.00
06/21/2018      116.00      116.00      111.80      112.80          2197650.00
06/20/2018      116.00      117.70      114.50      116.00           860380.00
06/19/2018      118.00      118.30      115.50      116.00          1740050.00
06/18/2018      120.00      120.40      116.40      118.00          1185120.00
06/14/2018      126.00      126.00      121.60      121.60          3576390.00
06/13/2018      130.00      130.00      125.50      127.50          1068550.00
06/11/2018      131.20      131.40      128.00      131.20           394900.00
06/08/2018      129.80      131.40      128.10      131.00          1004050.00
06/07/2018      125.70      129.90      125.10      129.90          1246810.00
06/06/2018      126.00      126.00      125.00      125.50           699170.00
06/05/2018      122.10      125.80      122.10      125.80           967070.00
06/04/2018      129.00      129.90      120.50      120.80          1638270.00
06/01/2018      128.10      131.90      128.10      128.80           743500.00
05/31/2018      131.10      131.30      124.10      128.00          4440100.00
05/30/2018      132.00      134.20      131.00      131.30           858130.00
05/29/2018      137.00      137.00      132.00      132.00           694550.00
05/28/2018      137.30      137.30      133.10      135.50           454760.00
05/25/2018      136.00      136.00      133.90      135.70          1132020.00
05/24/2018      133.50      133.80      131.10      133.00          1076860.00
05/23/2018      135.70      135.80      133.50      133.50          1586490.00
05/22/2018      137.90      137.90      135.50      135.70           730100.00
05/21/2018      139.30      139.30      135.30      135.50           517480.00
05/18/2018      137.40      139.80      135.50      135.50          1194870.00
05/17/2018      140.50      140.90      137.30      137.30           841990.00
05/16/2018      142.00      142.00      140.50      141.00           484010.00
05/15/2018      144.70      144.90      141.40      144.20          1091020.00
05/11/2018      141.00      144.50      141.00      143.00           449790.00
05/10/2018      141.40      141.90      140.30      141.00           596760.00
05/09/2018      141.00      141.50      140.00      141.30           540920.00
05/08/2018      139.00      141.00      139.00      141.00          2655940.00
05/07/2018      139.00      140.00      138.60      139.20           664170.00
05/04/2018      138.40      140.00      138.00      139.00          2617130.00
05/03/2018      141.80      141.80      138.10      138.30          1539800.00
05/02/2018      140.50      144.50      138.40      139.00          1884580.00
04/30/2018      138.20      143.30      138.20      140.50          3070030.00
04/27/2018      138.00      139.50      137.60      138.30          6889360.00
04/26/2018      132.00      137.60      131.70      137.60           721320.00
04/25/2018      134.30      136.30      131.90      133.70           387500.00
04/24/2018      138.90      139.90      134.20      134.20          1466830.00
04/23/2018      140.00      140.00      137.00      137.00           316820.00
04/20/2018      140.00      140.00      138.00      138.00           757080.00
04/19/2018      140.00      140.10      136.50      138.00          2026000.00
04/18/2018      136.40      140.40      136.40      140.00          4137160.00
04/17/2018      142.00      142.00      136.30      136.40          1341100.00
04/16/2018      144.50      145.00      141.60      143.00           704460.00
04/13/2018      146.90      146.90      144.60      145.00           585690.00
04/12/2018      145.40      147.00      145.00      146.00           697430.00
04/11/2018      147.00      147.00      144.50      145.40           764700.00
04/10/2018      143.10      146.00      143.00      145.00          1222750.00
04/06/2018      150.00      150.80      143.00      143.00          1631750.00
04/05/2018      150.90      150.90      149.70      150.00           207230.00
04/04/2018      150.00      151.80      149.20      150.00           646480.00
04/03/2018      150.70      151.70      148.50      148.50           839630.00
04/02/2018      152.00      152.00      150.50      151.50           725280.00
03/28/2018      150.00      152.00      149.10      152.00           887050.00
03/27/2018      150.00      151.40      148.90      151.40           663880.00
03/26/2018      149.90      150.00      145.10      149.80           701180.00
03/23/2018      149.60      152.00      145.60      150.00           628950.00
03/22/2018      149.70      152.00      149.50      152.00           802580.00
03/21/2018      150.00      150.00      147.10      149.70          4536390.00
03/20/2018      149.00      151.00      146.50      150.00          1085650.00
03/19/2018      149.90      151.00      144.00      151.00           438870.00
03/16/2018      149.40      151.00      142.80      150.00          2274780.00
03/15/2018      152.00      152.00      147.00      147.00           853070.00
03/14/2018      150.80      152.50      149.60      152.50           521460.00
03/13/2018      150.00      150.80      149.90      150.00           953540.00
03/12/2018      152.00      152.00      149.60      150.00           729450.00
03/09/2018      149.40      151.90      149.40      150.00           222170.00
03/08/2018      149.80      151.90      149.80      150.00           633770.00
03/07/2018      152.40      152.40      149.50      151.90           901270.00
03/06/2018      152.00      153.70      150.20      150.60           725340.00
03/05/2018      153.00      153.90      149.50      153.90          1529580.00
03/02/2018      149.00      153.00      148.50      153.00           646500.00
03/01/2018      148.50      154.50      148.50      149.20           820220.00
02/28/2018      151.00      155.00      145.00      149.00          1356170.00
02/27/2018      145.10      151.00      145.10      151.00          1027210.00
02/26/2018      141.80      146.00      140.00      145.00          1325770.00
02/23/2018      146.00      146.20      142.00      143.00          2243040.00
02/22/2018      147.60      150.00      145.60      146.00          2484480.00
02/21/2018      151.50      151.50      145.50      146.20          3259870.00
02/20/2018      153.00      153.90      150.80      152.00          1388770.00
02/19/2018      153.00      155.40      152.10      153.00          1785640.00
02/15/2018      156.20      156.20      152.00      153.50           939150.00
02/14/2018      155.90      156.20      155.10      156.10          1704110.00
02/13/2018      156.10      156.50      155.20      156.10           674170.00
02/12/2018      158.00      159.90      155.50      155.90          1055180.00
02/09/2018      161.00      161.80      155.00      158.00          1178330.00
02/08/2018      165.80      166.00      162.00      162.00          1023330.00
02/07/2018      160.00      165.80      159.00      165.80          1210460.00
02/06/2018      155.00      156.90      150.10      156.90          1311800.00
02/05/2018      161.00      161.00      154.30      157.00          1716860.00
02/02/2018      160.00      162.50      159.60      162.20           835240.00
02/01/2018      159.70      161.00      159.20      160.50          1759540.00
01/31/2018      163.00      163.40      161.30      161.30          1484370.00
01/30/2018      170.40      171.00      162.50      163.40          1797350.00
01/29/2018      169.00      170.30      168.50      170.30          1186190.00
01/26/2018      169.70      171.00      169.50      171.00           836630.00
01/25/2018      169.50      170.50      168.60      169.70          1130180.00
01/24/2018      169.00      171.00      168.80      170.00          1732500.00
01/23/2018      169.00      169.00      168.10      169.00          1143820.00
01/22/2018      167.20      170.30      167.20      169.00           846840.00
01/19/2018      168.10      171.20      166.60      170.00           780370.00
01/18/2018      167.40      173.00      167.20      168.70          1438270.00
01/17/2018      164.10      169.40      164.10      169.40          1851190.00
01/16/2018      164.20      168.00      164.20      166.00          1002410.00
01/15/2018      164.80      166.20      163.10      164.00          1265260.00
01/12/2018      166.50      169.00      163.00      163.00          1159410.00
01/11/2018      171.00      171.00      165.00      167.50          1589620.00
01/10/2018      173.00      173.90      170.00      172.00          1774700.00
01/09/2018      165.00      174.00      164.50      174.00          2819150.00
01/08/2018      163.90      167.00      162.00      165.00          2228720.00
01/05/2018      156.00      165.00      154.10      163.90          3858310.00
01/04/2018      151.00      156.00      151.00      156.00          1345460.00
01/03/2018      151.30      154.00      149.50      154.00          1149900.00
12/29/2017      154.00      155.00      151.00      151.00           816160.00
12/28/2017      153.00      155.00      151.00      155.00          1501850.00
12/27/2017      150.00      153.00      149.80      153.00          1565040.00
12/22/2017      150.00      151.00      150.00      151.00           400060.00
12/21/2017      151.00      152.00      150.00      152.00          1334540.00
12/20/2017      150.40      151.50      150.40      151.00           784920.00
12/19/2017      152.00      152.10      150.00      151.00           786810.00
12/18/2017      150.40      153.00      149.00      153.00          1658370.00
12/15/2017      151.50      152.50      148.90      151.00          1534360.00
12/14/2017      150.10      154.00      150.00      154.00          1786680.00
12/13/2017      144.50      153.10      144.30      150.00          2326370.00
12/12/2017      143.30      144.00      141.00      144.00           413680.00
12/11/2017      143.10      144.00      142.50      143.50          1475320.00
12/08/2017      135.10      144.00      135.10      144.00          3064860.00
12/07/2017      136.00      136.50      135.00      136.00          1142250.00
12/06/2017      134.00      137.10      133.00      135.50           672760.00
12/05/2017      132.70      134.00      132.60      133.00           744320.00
12/04/2017      131.10      134.00      131.00      133.00          1153410.00
12/01/2017      133.00      134.50      131.40      132.00          1967340.00
11/29/2017      135.10      137.20      133.00      133.00          3276840.00
11/28/2017      135.00      136.90      134.50      136.90           552770.00
11/27/2017      137.10      137.10      134.00      135.00          1285990.00
11/24/2017      137.20      138.90      136.60      138.90          1284470.00
11/23/2017      137.60      137.90      136.50      137.80           450120.00
11/22/2017      138.00      138.60      137.50      138.00           877170.00
11/21/2017      139.70      140.00      137.70      139.00          1229730.00
11/20/2017      137.00      141.00      137.00      139.70           970930.00
11/17/2017      135.10      139.00      135.00      139.00           794800.00
11/16/2017      135.50      138.40      134.00      135.00          1037280.00
11/15/2017      136.00      136.40      135.40      135.50           765000.00
11/14/2017      137.00      137.00      135.50      136.40          1409830.00
11/13/2017      137.00      137.80      136.00      136.50          1435740.00
11/10/2017      137.00      138.80      136.20      136.50          1907650.00
11/09/2017      139.90      140.20      135.00      137.20          2558910.00
11/08/2017      141.00      143.00      139.00      139.60          1429180.00
11/07/2017      145.20      145.20      139.00      139.50          2410400.00
11/06/2017      141.90      145.50      141.90      145.50           442980.00
11/03/2017      143.00      143.00      141.50      142.00          3237240.00
11/02/2017      141.30      143.00      137.50      143.00          1169740.00
10/30/2017      141.00      143.00      141.00      143.00           227950.00
10/27/2017      139.30      142.00      139.30      142.00           612070.00
10/26/2017      140.10      142.00      138.60      142.00           868460.00
10/25/2017      139.90      142.00      139.00      140.00           589850.00
10/24/2017      141.50      143.00      139.90      139.90           636780.00
10/23/2017      137.10      141.60      137.10      140.00           619400.00
10/20/2017      140.00      141.10      137.00      137.00          2826160.00
10/19/2017      144.00      144.00      140.10      140.10          1731210.00
10/18/2017      147.00      147.80      144.10      144.30          2542150.00
10/17/2017      150.40      150.50      144.90      146.00          2752050.00
10/13/2017      148.50      149.00      148.00      149.00          1327820.00
10/12/2017      145.00      148.90      144.40      148.90           910540.00
10/11/2017      149.80      150.00      144.00      144.00          2264190.00
10/10/2017      150.00      150.40      149.60      149.80          1458300.00
10/09/2017      152.50      152.50      149.10      150.00          1182180.00
10/06/2017      153.20      154.20      150.30      150.90           683120.00
10/05/2017      153.70      154.20      153.00      154.00           547470.00
10/04/2017      152.90      154.00      152.30      153.70           663480.00
10/03/2017      152.60      152.90      152.00      152.50          1003670.00
10/02/2017      152.00      152.80      151.70      152.60          1398720.00
09/29/2017      150.40      152.80      150.00      152.80           787970.00
09/28/2017      152.80      152.90      150.10      151.20          1153090.00
09/27/2017      150.00      153.00      149.30      153.00           941600.00
09/26/2017      152.40      152.40      149.80      151.50          2612190.00
09/25/2017      154.00      154.00      151.10      152.60           390890.00
09/22/2017      155.50      156.00      154.00      154.30           533290.00
09/21/2017      150.20      156.50      150.20      154.20          1775170.00
09/20/2017      150.00      151.30      150.00      150.10           715460.00
09/19/2017      153.00      153.00      150.00      150.00          2733180.00
09/18/2017      153.70      153.70      150.20      152.00          1395590.00
09/15/2017      153.80      153.90      151.00      153.90          1732700.00
09/14/2017      154.00      155.00      152.60      153.90          2765580.00
09/13/2017      154.00      154.80      152.20      153.90          1118670.00
09/11/2017      154.00      154.50      153.50      153.60          1193680.00
09/08/2017      153.00      154.30      152.20      153.50           499140.00
09/07/2017      152.10      153.20      152.10      153.00          1304180.00
09/06/2017      150.90      152.00      150.10      152.00           634480.00
09/05/2017      150.10      150.60      150.00      150.10          1183330.00
09/04/2017      149.90      150.80      147.40      150.00          2174650.00
08/31/2017      148.90      151.00      146.10      146.10          1570440.00
08/30/2017      149.90      150.00      147.20      148.90          1488910.00
08/29/2017      152.90      153.00      147.00      147.30          1053650.00
08/25/2017      152.00      154.20      151.30      152.90          1460590.00
08/24/2017      151.40      152.40      150.40      151.30           680190.00
08/23/2017      151.60      152.30      150.60      151.00          2071830.00
08/22/2017      145.10      151.00      145.00      151.00          2949290.00
08/18/2017      148.50      150.70      148.40      150.00          1560850.00
08/17/2017      148.80      149.80      147.10      148.50          2004210.00
08/16/2017      147.00      148.50      145.10      147.00          2644100.00
08/15/2017      143.00      147.30      140.70      147.00           839010.00
08/14/2017      143.20      143.30      139.70      142.30          1262370.00
08/11/2017      139.00      144.00      135.20      143.00          1527170.00
08/10/2017      146.50      146.50      138.50      139.50          3097790.00
08/09/2017      146.80      147.50      146.50      146.70          1706340.00
08/08/2017      149.00      149.00      146.80      146.80          5278000.00
08/07/2017      153.50      155.00      149.10      151.50          1927790.00
08/04/2017      154.00      154.00      150.60      152.30           865980.00
08/03/2017      155.00      155.30      152.80      154.00           973590.00
08/02/2017      154.00      156.10      151.00      154.80          1030860.00
08/01/2017      160.90      160.90      153.10      153.10          1571650.00
07/31/2017      160.00      161.00      158.30      161.00          1043460.00
07/28/2017      160.00      160.00      158.00      160.00          1099020.00
07/27/2017      159.10      160.50      156.80      159.90          2149460.00
07/26/2017      162.80      163.50      159.00      159.00           420530.00
07/25/2017      160.40      162.00      160.00      161.00           673730.00
07/24/2017      161.00      162.40      160.40      161.00          1406540.00
07/21/2017      162.00      162.00      160.60      161.00          1260430.00
07/20/2017      162.10      163.00      161.30      162.00           776250.00
07/19/2017      161.30      163.20      160.40      162.10           499960.00
07/18/2017      162.00      162.00      161.00      161.30           869500.00
07/17/2017      162.70      162.90      161.00      161.50           316900.00
07/14/2017      163.00      163.00      160.80      161.50           788170.00
07/13/2017      163.00      163.10      162.10      162.70          2276620.00
07/12/2017      162.00      163.20      162.00      162.60           451590.00
07/11/2017      163.80      163.80      161.00      161.70          1366630.00
07/10/2017      164.30      164.60      162.10      162.50          1377140.00
07/07/2017      164.40      165.40      163.00      164.30          2052120.00
07/06/2017      163.70      165.00      163.70      165.00           231960.00
07/05/2017      162.50      163.70      162.00      163.70           312780.00
07/04/2017      162.90      163.00      161.00      162.00           870470.00
07/03/2017      162.70      162.90      161.50      162.90           409840.00
06/30/2017      162.50      162.90      160.10      162.90           927770.00
06/29/2017      162.60      162.60      161.00      161.50          1532350.00
06/28/2017      162.00      162.00      160.00      160.00          1071870.00
06/27/2017      161.50      165.30      160.90      161.00          4887990.00
06/23/2017      167.50      167.50      161.00      161.50          2302630.00
06/22/2017      168.10      169.40      164.00      165.00          6134040.00
06/21/2017      168.00      168.10      166.50      168.00          2403890.00
06/20/2017      168.80      169.00      167.10      168.00          1349970.00
06/19/2017      165.00      168.90      164.00      168.90          1377050.00
06/16/2017      165.00      165.00      162.80      164.00          1418400.00
06/15/2017      163.40      165.40      163.40      165.00          1579460.00
06/14/2017      160.00      162.00      160.00      162.00           734070.00
06/13/2017      163.80      163.80      159.50      160.00          2574200.00
06/09/2017      163.00      164.20      161.80      163.20          1676950.00
06/08/2017      160.00      162.70      160.00      162.50          1979730.00
06/07/2017      159.50      161.00      159.10      159.90          1404710.00
06/06/2017      160.60      160.60      159.00      159.00          2154710.00
06/05/2017      160.00      161.40      159.00      160.40          2061420.00
06/02/2017      159.60      163.00      159.40      159.60          5555460.00
06/01/2017      162.00      162.50      158.20      159.60          3435830.00
05/31/2017      163.50      163.70      161.50      162.00          2467730.00
05/30/2017      164.00      164.20      163.00      163.50          1630740.00
05/29/2017      165.00      166.00      163.10      164.30          1488550.00
05/26/2017      167.00      168.60      165.00      166.00           812110.00
05/25/2017      169.70      169.80      166.00      167.00          1317710.00
05/24/2017      165.10      170.00      165.00      170.00          2578070.00
05/23/2017      163.60      165.70      163.30      165.10          1293020.00
05/22/2017      161.00      164.30      161.00      163.30           582350.00
05/19/2017      159.40      159.80      157.50      159.60          1839420.00
05/18/2017      160.00      160.00      158.10      158.90          2839220.00
05/17/2017      159.90      160.40      159.00      159.20          5663310.00
05/16/2017      160.00      164.10      158.30      158.40          2283990.00
05/15/2017      162.50      163.40      159.10      159.90          3384650.00
05/12/2017      165.60      166.40      162.00      162.50          5999510.00
05/11/2017      170.00      170.20      167.00      167.50          4397360.00
05/10/2017      179.00      180.80      173.80      174.00          1362410.00
05/09/2017      182.70      185.30      178.50      178.50          1684560.00
05/08/2017      183.30      183.30      179.00      182.00          1103060.00
05/05/2017      178.50      183.50      178.50      183.30          3389410.00
05/04/2017      174.20      179.00      174.20      178.30          2318990.00
05/03/2017      174.00      174.80      173.50      174.20           914800.00
05/02/2017      175.00      176.00      172.80      173.70          1785340.00
04/27/2017      174.50      174.50      172.00      172.00          1646310.00
04/26/2017      173.50      174.50      172.10      174.50           588910.00
04/25/2017      172.00      175.00      171.20      173.50          1077610.00
04/24/2017      172.50      172.90      171.00      171.20           256810.00
04/21/2017      171.00      173.30      170.00      170.00           741570.00
04/20/2017      169.00      173.00      168.00      173.00           524540.00
04/19/2017      170.20      170.20      167.20      167.70           521430.00
04/18/2017      170.20      171.80      169.80      170.20           496610.00
04/17/2017      173.70      173.70      169.50      171.00           630850.00
04/12/2017      172.00      174.80      171.90      174.00          1011900.00
04/11/2017      168.50      172.70      168.30      172.00          1464660.00
04/10/2017      168.00      169.20      166.80      167.80           857440.00
04/07/2017      174.50      177.40      165.00      165.00          1467350.00
04/06/2017      171.80      174.50      170.80      174.50          1017490.00
04/05/2017      164.00      171.80      164.00      171.80          2187630.00
04/04/2017      163.00      165.50      163.00      164.00          2475830.00
04/03/2017      163.60      164.00      163.10      163.20          1759050.00
03/31/2017      163.00      163.90      162.00      163.50           944210.00
03/30/2017      161.80      163.90      161.80      163.00          1226990.00
03/29/2017      164.00      164.40      161.00      161.80          1308240.00
03/28/2017      162.90      165.00      162.70      164.00           438710.00
03/27/2017      161.00      162.90      160.00      162.90           846360.00
03/24/2017      165.20      165.20      161.00      161.00          2281490.00
03/23/2017      164.40      165.70      164.00      165.20           946010.00
03/22/2017      162.80      164.80      162.40      164.00          1389210.00
03/21/2017      163.00      163.00      160.50      162.80          1052020.00
03/20/2017      165.70      165.70      160.20      161.50          1924620.00
03/17/2017      166.10      166.70      162.50      163.00          3780210.00
03/16/2017      165.00      167.30      165.00      167.00          1152950.00
03/15/2017      164.60      165.40      163.10      165.00          1291680.00
03/14/2017      162.10      165.60      160.50      164.60          1480610.00
03/13/2017      158.80      161.00      157.10      160.10          1378510.00
03/10/2017      160.50      162.60      158.10      158.10          1202480.00
03/09/2017      162.70      163.00      160.00      160.00          1027650.00
03/08/2017      163.40      163.60      161.00      162.90           784280.00
03/07/2017      163.00      163.60      163.00      163.40          1422680.00
03/06/2017      163.00      164.10      161.00      163.00          1490310.00
03/03/2017      163.00      163.30      161.40      163.00          1973160.00
03/02/2017      161.10      163.90      161.10      163.00          1930720.00
03/01/2017      160.10      163.00      159.80      163.00          1131750.00
02/28/2017      162.50      163.10      159.20      160.00          2170460.00
02/27/2017      165.00      165.60      161.00      162.50           938980.00
02/24/2017      165.80      165.80      163.90      165.10          1683770.00
02/23/2017      164.90      167.50      164.90      166.40          2198880.00
02/22/2017      163.10      167.00      163.10      165.40          2242940.00
02/21/2017      163.50      164.40      162.60      163.10          1551910.00
02/20/2017      161.10      163.00      161.10      162.60           595900.00
02/17/2017      160.40      161.20      160.40      161.10          3606370.00
02/16/2017      160.00      161.50      159.90      160.50          2323410.00
02/15/2017      160.10      161.40      158.70      160.00          1973110.00
02/14/2017      164.00      164.90      159.30      159.30          2157580.00
02/13/2017      164.30      164.90      163.20      164.90           961540.00
02/10/2017      160.00      163.00      160.00      163.00          2284760.00
02/09/2017      164.50      165.80      158.10      159.00          2451350.00
02/08/2017      167.40      167.40      163.10      164.50          1440640.00
02/07/2017      164.20      167.80      164.10      167.80          1223670.00
02/06/2017      162.40      166.50      162.40      166.50           704990.00
02/03/2017      162.00      165.00      161.40      162.00          3095330.00
02/02/2017      160.10      163.10      160.10      162.00          2047650.00
02/01/2017      166.20      166.20      160.10      160.10          1179090.00
01/31/2017      165.00      165.10      163.00      163.00          1162640.00
01/30/2017      168.00      168.10      164.10      165.00          1135390.00
01/27/2017      167.70      169.30      167.70      168.00           404750.00
01/26/2017      167.60      169.00      166.30      167.00          1681150.00
01/25/2017      168.50      169.90      167.10      167.60          1526120.00
01/24/2017      169.00      169.90      167.10      169.90          1004090.00
01/23/2017      166.20      171.00      162.90      171.00          1118290.00
01/20/2017      170.10      170.80      165.00      166.10          1261410.00
01/19/2017      166.50      173.00      166.50      173.00           728260.00
01/18/2017      169.10      169.20      166.00      166.60           714640.00
01/17/2017      173.40      173.40      168.60      169.00           909890.00
01/16/2017      175.60      176.10      172.80      173.20           767040.00
01/13/2017      174.10      175.20      172.30      175.00           820900.00
01/12/2017      172.00      174.00      171.30      174.00          1768310.00
01/11/2017      170.30      172.00      169.00      170.90          1135920.00
01/10/2017      169.00      170.00      168.30      170.00          1949420.00
01/09/2017      169.80      169.80      166.50      169.00           831470.00
01/06/2017      165.10      170.30      165.10      169.20          1809750.00
01/05/2017      165.00      170.50      165.00      168.00          2402110.00
01/04/2017      164.00      167.00      163.90      165.00          2091120.00
01/03/2017      163.50      165.00      160.00      165.00           567430.00
12/29/2016      165.00      165.00      161.30      163.50           869640.00
12/28/2016      158.00      164.10      157.50      164.00           740840.00
12/27/2016      152.00      157.00      150.00      157.00           406130.00
12/23/2016      153.00      155.80      150.00      150.00          1849140.00
12/22/2016      155.20      156.90      153.00      153.00          2012800.00
12/21/2016      157.00      159.00      156.50      157.00          2687800.00
12/20/2016      158.50      159.50      155.00      157.00          1054380.00
12/19/2016      159.50      160.10      157.10      157.10          1946560.00
12/16/2016      159.00      161.00      158.10      159.50          1950120.00
12/15/2016      159.70      159.90      157.10      158.10          1940310.00
12/14/2016      160.00      161.90      159.00      160.90          2083000.00
12/13/2016      160.00      160.00      154.10      158.00          6165910.00
12/12/2016      170.00      170.00      161.50      163.00          2710270.00
12/09/2016      171.00      173.00      171.00      171.60          1514470.00
12/08/2016      172.00      174.00      169.70      174.00          1677340.00
12/07/2016      169.00      169.50      168.20      168.70          3654290.00
12/06/2016      173.90      173.90      168.90      169.00          2014240.00
12/05/2016      172.70      172.70      170.50      170.70           867270.00
12/02/2016      169.50      173.60      169.50      171.50          1706830.00
12/01/2016      170.00      176.00      169.00      170.20          3275320.00
11/29/2016      172.00      172.00      169.10      169.90          3774000.00
11/28/2016      176.00      176.00      170.80      172.00          1969130.00
11/25/2016      179.50      179.50      171.60      174.10          1601860.00
11/24/2016      178.00      180.00      177.90      179.00           729880.00
11/23/2016      176.20      178.00      173.90      178.00          1271060.00
11/22/2016      177.50      177.50      174.20      176.00          2213790.00
11/21/2016      179.20      179.80      177.00      178.00          1355450.00
11/18/2016      179.00      181.00      178.20      179.80          2121370.00
11/17/2016      171.60      180.90      171.50      179.00          2349760.00
11/16/2016      169.50      174.00      169.00      171.50          1465190.00
11/15/2016      168.50      171.60      168.40      170.00          2575630.00
11/14/2016      169.00      169.00      167.30      168.30          1890730.00
11/11/2016      174.40      174.40      168.00      170.00          3961100.00
11/10/2016      176.00      178.50      174.50      174.80          2691280.00
11/09/2016      183.90      183.90      170.30      172.50          2455760.00
11/08/2016      174.00      185.00      173.20      185.00          1805370.00
11/07/2016      174.70      177.00      170.80      173.10          1088950.00
11/04/2016      175.00      176.00      174.30      174.70          2354960.00
11/03/2016      176.00      176.50      174.50      175.00          1291840.00
11/02/2016      178.00      179.10      175.80      176.00          2384110.00
10/28/2016      180.50      182.00      179.00      182.00          1323020.00
10/27/2016      184.80      184.80      180.00      180.30           980430.00
10/26/2016      184.00      184.90      180.50      184.90           789300.00
10/25/2016      185.00      185.00      181.50      182.80          1752070.00
10/24/2016      184.00      185.00      182.00      183.90           888150.00
10/21/2016      186.00      186.00      183.50      184.00           848470.00
10/20/2016      185.00      186.00      184.00      186.00          2279450.00
10/19/2016      176.10      185.00      176.10      185.00          6861790.00
10/18/2016      175.50      176.90      175.30      176.10          2453130.00
10/17/2016      179.00      179.10      175.10      175.50          1173680.00
10/14/2016      179.00      180.00      178.70      179.00          1211430.00
10/13/2016      181.10      183.00      178.00      179.00          1104050.00
10/12/2016      179.50      181.00      177.00      180.50          1199270.00
10/11/2016      182.00      182.10      180.00      180.00          1504350.00
10/10/2016      185.00      185.00      180.50      181.30          1409860.00
10/07/2016      185.00      185.00      182.00      184.30           925610.00
10/06/2016      185.90      185.90      184.20      184.50          1023650.00
10/05/2016      185.50      185.80      181.50      185.00           855010.00
10/04/2016      182.60      185.50      182.60      185.00          1775110.00
10/03/2016      179.10      182.80      179.10      182.40           876020.00
09/30/2016      181.50      182.60      178.00      178.00          4772360.00
09/29/2016      182.10      184.70      181.30      182.60           791130.00
09/28/2016      181.50      182.50      181.20      182.00          1537420.00
09/27/2016      183.50      183.50      181.10      182.50           688780.00
09/26/2016      183.30      185.00      181.10      185.00           924490.00
09/23/2016      188.00      188.00      182.80      183.30          1968970.00
09/22/2016      187.90      188.00      187.50      187.70          2109970.00
09/21/2016      185.50      187.10      184.20      186.40          1560630.00
09/20/2016      185.80      185.80      183.00      184.80           999280.00
09/19/2016      185.80      185.80      184.00      185.80          1233700.00
09/16/2016      186.10      187.30      185.20      185.70          3088470.00
09/15/2016      185.00      186.80      184.90      186.80          2923820.00
09/14/2016      181.00      183.00      180.80      183.00          1304460.00
09/13/2016      181.00      181.00      179.90      180.30          1570180.00
09/09/2016      183.80      183.80      180.20      180.20          1394400.00
09/08/2016      183.40      184.20      179.90      183.80          1067340.00
09/07/2016      185.10      185.10      180.10      182.00          1806830.00
09/06/2016      180.90      184.90      180.10      184.90          1292480.00
09/05/2016      180.90      181.90      180.00      180.90          1109730.00
09/02/2016      182.00      182.90      180.90      180.90          1308220.00
09/01/2016      186.90      186.90      180.10      184.00          1697510.00
08/31/2016      185.00      187.00      184.40      187.00          3929060.00
08/30/2016      181.50      187.00      181.10      187.00          1951240.00
08/26/2016      180.00      181.00      179.50      180.10          5612970.00
08/25/2016      179.30      180.00      178.00      179.50          4435340.00
08/24/2016      184.70      184.80      177.00      179.50          5789870.00
08/23/2016      191.50      191.50      184.20      184.20          2950960.00
08/22/2016      192.30      192.30      189.70      191.00          1422000.00
08/19/2016      192.00      192.90      190.60      191.50          2783760.00
08/18/2016      187.70      190.70      187.00      190.00          6169540.00
08/17/2016      184.00      185.60      181.80      184.20          4452350.00
08/16/2016      191.20      191.20      182.00      184.00          8486520.00
08/15/2016      199.40      199.40      190.00      191.50          5340450.00
08/12/2016      205.40      205.60      196.60      199.90          2267130.00
08/11/2016      206.00      206.00      203.60      203.60           801860.00
08/10/2016      203.40      206.80      203.40      204.80          1380750.00
08/09/2016      204.00      207.40      203.40      205.80          2186800.00
08/08/2016      203.80      204.40      202.00      204.00           686790.00
08/05/2016      204.20      204.20      202.20      203.00          1193510.00
08/04/2016      204.00      204.20      201.80      204.20          1226340.00
08/03/2016      204.00      204.00      200.00      201.40           894520.00
08/02/2016      204.40      204.40      202.80      204.00          1201780.00
08/01/2016      204.60      204.80      202.00      204.40          2066480.00
07/29/2016      200.60      204.60      200.40      200.40          1423870.00
07/28/2016      202.80      202.80      199.80      200.00          1276510.00
07/27/2016      200.00      203.60      199.10      203.00          1642570.00
07/26/2016      200.20      202.60      199.80      200.00          1633130.00
07/25/2016      198.00      200.20      197.70      199.60          1344130.00
07/22/2016      199.00      200.00      197.00      197.00          1099700.00
07/21/2016      200.00      201.60      199.70      199.70          2287080.00
07/20/2016      200.00      200.00      198.00      200.00          1697730.00
07/19/2016      200.00      201.20      199.80      200.00          1650840.00
07/18/2016      200.00      200.80      198.20      200.00          1696130.00
07/15/2016      200.00      201.00      199.70      199.90          1793810.00
07/14/2016      199.80      200.00      199.50      199.70           954610.00
07/13/2016      199.90      201.00      199.90      200.00          2041210.00
07/12/2016      203.80      203.80      199.70      200.00          3206270.00
07/11/2016      203.00      204.00      200.60      201.40          2105410.00
07/08/2016      199.70      200.80      199.70      200.00           987250.00
07/07/2016      201.00      201.60      198.80      199.70          3989000.00
07/05/2016      207.00      207.00      201.00      201.80          2162440.00
07/04/2016      207.40      207.40      204.80      205.60          2116610.00
07/01/2016      208.00      208.60      206.80      207.40          1625360.00
06/30/2016      208.60      210.00      206.00      208.00          2919600.00
06/29/2016      205.00      208.80      204.80      208.60          1700810.00
06/28/2016      204.60      205.00      203.80      204.00          1131360.00
06/27/2016      203.60      206.60      199.10      205.80          1203310.00
06/24/2016      205.60      207.80      203.00      204.00          2229850.00
06/23/2016      206.00      206.20      205.00      205.60          1589160.00
06/22/2016      201.80      206.60      201.80      206.60          1134020.00
06/21/2016      205.00      207.00      204.80      205.60          1014340.00
06/20/2016      207.00      207.00      203.20      204.60          1167660.00
06/17/2016      201.00      208.00      201.00      207.00          2105430.00
06/16/2016      197.10      200.40      197.00      200.40           813370.00
06/15/2016      196.40      198.30      194.40      197.30          1749630.00
06/14/2016      194.00      194.50      193.00      194.00          2004610.00
06/13/2016      193.20      198.10      193.10      194.10          2560770.00
06/10/2016      199.00      201.00      193.00      193.10          1498720.00
06/09/2016      201.00      201.20      199.20      199.50           900700.00
06/08/2016      202.00      203.20      201.20      202.60          1454010.00
06/07/2016      201.20      203.00      200.80      202.00          1856880.00
06/06/2016      199.90      203.00      199.90      201.00           988140.00
06/03/2016      199.00      200.60      198.80      199.90          1853550.00
06/02/2016      198.80      201.00      196.00      196.00          1555420.00
06/01/2016      195.00      201.40      195.00      198.80          1396580.00
05/31/2016      198.50      198.50      192.60      195.00          5481290.00
05/30/2016      200.60      201.80      194.60      198.50          2384320.00
05/27/2016      204.80      207.00      201.20      201.80          1495630.00
05/26/2016      206.80      206.80      203.60      204.80          2549830.00
05/25/2016      201.00      205.80      201.00      205.00          1730260.00
05/24/2016      198.00      202.00      197.50      201.00          1099530.00
05/23/2016      203.20      205.20      199.10      200.00          3775570.00
05/20/2016      202.80      205.00      201.00      202.60          2091280.00
05/19/2016      206.40      206.40      201.60      204.00          2089000.00
05/18/2016      207.00      208.20      205.80      206.60          2050220.00
05/17/2016      208.20      208.20      204.40      205.20          1532070.00
05/16/2016      208.80      209.40      206.60      208.20          1336110.00
05/13/2016      209.80      209.80      205.40      206.60          2364910.00
05/12/2016      210.60      210.60      203.00      204.40          4323450.00
05/11/2016      208.00      215.00      208.00      210.80          3104390.00
05/10/2016      205.00      205.20      199.00      205.00          2356100.00
05/06/2016      204.00      207.80      203.00      204.40          1930490.00
05/05/2016      204.20      204.20      203.00      203.80          1297310.00
05/04/2016      208.00      208.00      202.60      204.20          2866850.00
05/03/2016      203.00      206.40      203.00      205.00          3030940.00
05/02/2016      208.00      208.00      199.80      201.60          2003040.00
04/29/2016      208.80      209.00      207.40      208.40          1918320.00
04/28/2016      210.00      210.40      208.00      208.80          3160870.00
04/27/2016      208.00      211.00      208.00      210.40          2428080.00
04/26/2016      207.00      209.60      207.00      209.60          2232340.00
04/25/2016      204.40      207.00      204.00      205.00          5315180.00
04/22/2016      200.20      203.80      200.20      202.40          2028780.00
04/21/2016      205.00      207.00      200.00      200.80          2637260.00
04/20/2016      206.00      207.00      203.20      204.40          2627170.00
04/19/2016      207.60      210.00      205.80      206.00           915900.00
04/18/2016      209.00      211.00      206.40      207.40          1107230.00
04/15/2016      214.60      214.60      209.00      211.00          1777040.00
04/14/2016      215.40      216.80      213.80      214.00          2374570.00
04/13/2016      216.00      218.00      215.40      215.40          2134350.00
04/12/2016      216.00      218.00      215.40      216.20          1116870.00
04/11/2016      219.00      219.40      217.20      218.00           586880.00
04/08/2016      214.00      219.40      214.00      219.00          1656310.00
04/07/2016      217.00      217.00      214.40      215.20          2106290.00
04/06/2016      218.00      218.00      214.60      215.00          2462590.00
04/05/2016      219.00      219.20      216.60      218.00          1601740.00
04/04/2016      218.20      219.20      218.20      219.20          2340310.00
04/01/2016      216.80      219.80      216.80      218.20          1990890.00
03/31/2016      214.00      219.00      214.00      216.80          5909480.00
03/30/2016      209.40      217.00      209.00      214.20          3254730.00
03/29/2016      211.00      211.00      209.00      209.40          2235490.00
03/28/2016      211.00      212.00      209.20      210.00           722700.00
03/23/2016      207.00      212.00      204.00      211.00          1492360.00
03/22/2016      210.00      211.00      207.00      209.00          2088110.00
03/21/2016      205.60      212.00      204.80      210.00          2573650.00
03/18/2016      203.00      207.00      202.80      204.60          2188860.00
03/17/2016      198.80      204.20      197.80      203.00          2505700.00
03/16/2016      200.00      202.20      197.20      197.60          1508890.00
03/15/2016      200.00      202.00      199.90      200.40          2404480.00
03/14/2016      204.00      204.00      200.00      200.00          1479250.00
03/11/2016      202.40      204.20      202.40      204.00          1155030.00
03/10/2016      204.00      204.00      200.60      202.40           880570.00
03/09/2016      203.00      204.00      201.00      204.00           862760.00
03/08/2016      203.40      203.40      198.60      203.00           936320.00
03/07/2016      203.00      204.00      200.00      203.40          1013630.00
03/04/2016      203.00      203.00      199.50      201.00          1508650.00
03/03/2016      202.60      204.40      200.60      203.00          1250330.00
03/02/2016      199.50      206.00      199.40      205.00          2314750.00
03/01/2016      199.20      199.50      198.20      199.20          1859020.00
02/29/2016      197.00      201.00      195.90      198.00          2338610.00
02/26/2016      194.00      196.50      191.00      195.90          1858200.00
02/24/2016      195.80      195.80      190.50      194.00          1693770.00
02/23/2016      194.00      196.90      193.80      196.00          2203280.00
02/22/2016      188.20      194.40      188.20      194.40          1721990.00
02/19/2016      190.00      190.10      187.00      188.20          1853070.00
02/18/2016      190.00      190.60      187.60      190.00          3293700.00
02/17/2016      189.30      189.80      185.80      187.00          3421470.00
02/16/2016      194.90      195.50      189.00      189.00          2734060.00
02/15/2016      194.00      195.00      192.60      193.80          2176140.00
02/12/2016      193.00      193.00      190.50      192.00          7138830.00
02/11/2016      194.00      194.00      193.50      193.70          3130260.00
02/10/2016      196.00      196.00      192.40      194.00          3458130.00
02/09/2016      196.00      198.70      194.00      195.00          1313360.00
02/05/2016      194.80      199.00      194.70      199.00          2982130.00
02/04/2016      193.00      194.60      192.10      194.60          1472010.00
02/03/2016      193.00      195.00      191.80      193.00          1819310.00
02/02/2016      190.20      195.00      190.20      194.00          2418650.00
02/01/2016      193.00      195.00      192.20      194.80          3676410.00
01/29/2016      188.50      194.90      188.50      193.00          4638760.00
01/28/2016      186.00      188.20      184.00      187.00          4426670.00
01/27/2016      184.00      186.60      184.00      186.00          3103990.00
01/26/2016      184.40      185.60      182.50      185.00          2076190.00
01/25/2016      185.00      186.40      184.60      185.70          1830040.00
01/22/2016      180.00      184.40      179.90      184.40          2790040.00
01/21/2016      182.00      183.00      178.20      179.50          2653210.00
01/20/2016      185.00      185.00      181.00      184.80          1607420.00
01/19/2016      185.40      185.40      183.00      185.10           981640.00
01/18/2016      182.10      183.50      180.10      182.00          2915430.00
01/15/2016      186.00      188.60      186.00      187.00          3218480.00
01/14/2016      178.00      185.50      176.00      183.00          2665920.00
01/13/2016      175.10      182.00      175.10      182.00          1249270.00
01/12/2016      175.00      178.90      175.00      175.10           617930.00
01/11/2016      179.50      179.50      170.00      173.60          2328470.00
01/08/2016      181.00      183.60      179.50      180.30          1869330.00
01/07/2016      185.00      186.00      181.00      181.00          1282700.00
01/06/2016      185.10      186.00      184.90      185.00          1349350.00
01/05/2016      186.40      186.40      184.00      185.00          1577840.00
01/04/2016      187.50      190.00      187.00      187.00          1654500.00
12/29/2015      185.00      187.00      185.00      186.00          1273140.00
12/28/2015      184.00      185.90      182.20      183.20          1902170.00
12/23/2015      186.90      187.30      185.10      185.90           476190.00
12/22/2015      185.90      186.30      184.90      185.20          1055050.00
12/21/2015      183.00      185.60      181.50      185.20          1031630.00
12/18/2015      180.50      183.90      179.00      183.90          1984990.00
12/17/2015      178.50      181.00      178.00      180.00          2998460.00
12/16/2015      177.10      177.70      175.00      176.00          2363490.00
12/15/2015      180.50      183.00      176.00      176.30          2519990.00
12/14/2015      180.20      180.50      177.10      179.80          1785740.00
12/11/2015      184.50      185.40      179.60      181.00          4047990.00
12/10/2015      186.00      187.00      184.60      184.60          1907570.00
12/09/2015      185.00      187.80      184.00      185.80          1071520.00
12/08/2015      184.80      186.40      183.50      184.80          3472790.00
12/07/2015      186.00      188.50      185.00      185.00          2304390.00
12/04/2015      185.90      186.30      184.00      185.30          4885930.00
12/03/2015      191.00      191.00      186.60      187.10          8963030.00
12/02/2015      194.00      196.70      192.60      193.10          3958900.00
12/01/2015      197.00      198.00      191.00      193.70          8420610.00
11/27/2015      205.80      206.00      198.40      202.00          7884330.00
11/26/2015      205.00      206.40      204.20      206.00          2220770.00
11/25/2015      204.20      204.80      203.40      204.20          1241720.00
11/24/2015      201.00      203.20      200.60      202.60          1035600.00
11/23/2015      198.00      201.40      198.00      201.00          1058950.00
11/20/2015      200.00      200.00      196.00      198.00          2554070.00
11/17/2015      198.60      202.00      198.00      199.70           815830.00
11/16/2015      199.60      200.00      193.00      197.50           773170.00
11/13/2015      200.00      203.00      199.60      202.40          2887780.00
11/12/2015      201.40      205.00      201.00      201.20          1547260.00
11/11/2015      201.00      201.60      199.80      201.00          1834400.00
11/10/2015      202.40      204.00      199.50      201.00          2030420.00
11/09/2015      206.00      206.40      205.60      206.20           195860.00
11/06/2015      206.00      206.40      203.00      206.00           289200.00
11/05/2015      207.60      207.60      205.00      206.40          2800760.00
11/04/2015      207.00      208.00      205.40      207.60          2029800.00
11/03/2015      205.00      206.60      203.00      206.00          1736870.00
11/02/2015      201.00      205.00      200.80      205.00           747350.00
10/30/2015      199.00      203.00      199.00      200.60          1884750.00
10/29/2015      204.20      205.00      199.00      199.00          1743670.00
10/28/2015      208.00      209.00      204.60      205.00          2613660.00
10/27/2015      206.00      208.00      205.00      207.00          2644700.00
10/26/2015      204.60      207.40      204.60      206.00          2099470.00
10/23/2015      199.70      204.60      199.50      204.00          2619500.00
10/22/2015      200.00      205.00      199.00      199.50          1280560.00
10/21/2015      197.70      201.00      197.00      199.50          1075910.00
10/20/2015      199.00      200.00      195.10      197.70          1197590.00
10/19/2015      194.00      199.60      193.90      199.60          1786990.00
10/16/2015      194.00      195.10      192.80      193.90          1230190.00
10/15/2015      190.50      192.60      190.00      192.30           984990.00
10/14/2015      191.00      192.20      190.50      191.30          1023950.00
10/13/2015      194.00      194.10      189.80      191.00          1577060.00
10/12/2015      196.50      196.50      193.40      194.00           717010.00
10/09/2015      196.00      197.10      194.10      195.00          2480470.00
10/08/2015      192.10      196.00      192.10      194.60          2357730.00
10/07/2015      192.00      193.80      191.50      192.10          1622540.00
10/06/2015      191.00      194.00      188.10      194.00          3181640.00
10/05/2015      189.00      193.50      188.80      191.00          2443130.00
10/02/2015      188.60      190.00      188.00      189.00          1549070.00
10/01/2015      192.00      192.00      188.50      188.60          1445660.00
09/30/2015      191.00      192.00      190.00      192.00          2881280.00
09/29/2015      187.00      190.90      184.10      190.00          2629000.00
09/28/2015      188.00      188.00      185.50      186.30          1950420.00
09/24/2015      189.60      192.00      186.00      192.00          2106000.00
09/23/2015      186.50      186.50      184.40      185.90          2020130.00
09/22/2015      190.70      192.00      185.00      187.90          3049100.00
09/21/2015      191.10      191.90      190.00      190.70           777490.00
09/18/2015      191.00      192.80      190.20      191.10          1497580.00
09/17/2015      192.00      193.50      189.90      191.00          1136840.00
09/16/2015      195.00      196.10      190.00      190.00          2528730.00
09/15/2015      192.50      194.50      192.00      194.50          1379460.00
09/14/2015      190.10      192.00      189.00      192.00          1123780.00
09/11/2015      192.00      192.50      189.50      190.00           762430.00
09/10/2015      190.90      192.50      188.00      190.00          1749270.00
09/09/2015      190.00      192.00      188.00      190.90          3516020.00
09/08/2015      188.00      189.50      187.00      188.00           842410.00
09/07/2015      186.10      189.50      185.00      188.00          1445990.00
09/04/2015      192.00      192.00      188.20      189.50          5214840.00
09/03/2015      189.00      193.00      189.00      192.00          2285790.00
09/02/2015      190.60      190.90      182.50      187.90          4002510.00
09/01/2015      194.00      194.20      190.00      192.00          3823110.00
08/28/2015      193.00      195.00      192.40      194.00          3152470.00
08/27/2015      183.00      193.00      183.00      192.50          4986360.00
08/26/2015      180.10      184.90      180.10      183.00          3432650.00
08/25/2015      173.00      181.00      173.00      180.00          3911830.00
08/24/2015      187.00      187.60      178.00      180.00          4075710.00
08/20/2015      192.00      193.70      191.00      192.50          1516160.00
08/19/2015      190.10      192.20      189.90      192.00          1243030.00
08/18/2015      188.10      192.00      188.10      190.00          2255660.00
08/17/2015      190.00      193.00      187.50      188.00          2592500.00
08/14/2015      190.50      190.70      189.40      190.00          2182700.00
08/13/2015      196.10      196.10      190.00      190.80          2968890.00
08/12/2015      197.00      197.90      194.50      195.50          1776370.00
08/11/2015      195.30      202.00      195.30      199.90          2890720.00
08/10/2015      190.60      198.80      190.60      196.50          2513630.00
08/07/2015      194.00      194.00      189.20      190.60          2339820.00
08/06/2015      201.80      201.80      195.00      195.00          4073990.00
08/05/2015      196.00      203.80      196.00      200.00          5501810.00
08/04/2015      192.00      196.50      190.70      195.00          2433350.00
08/03/2015      191.60      193.00      190.50      192.10          1851360.00
07/31/2015      191.00      191.90      189.30      191.30          1241790.00
07/30/2015      192.00      192.00      190.00      191.20          1023990.00
07/29/2015      189.50      193.40      189.50      192.00          1951250.00
07/28/2015      190.00      192.50      189.50      190.00          2886180.00
07/27/2015      192.00      193.10      189.90      190.50          1757080.00
07/24/2015      188.00      191.50      187.90      191.50          3570400.00
07/23/2015      183.00      187.10      183.00      186.70          1314980.00
07/22/2015      185.00      185.00      181.20      183.00          2254670.00
07/21/2015      180.10      183.00      180.10      182.50          1998590.00
07/20/2015      186.10      186.10      181.40      182.00          2422480.00
07/16/2015      188.00      188.60      184.80      186.10          1335200.00
07/15/2015      192.30      192.70      187.00      187.00          1998010.00
07/14/2015      190.00      194.00      190.00      192.00          1834880.00
07/13/2015      188.00      189.00      187.30      188.50          1043930.00
07/10/2015      187.00      190.00      185.00      185.00          4416750.00
07/09/2015      185.00      193.00      180.00      193.00          1976090.00
07/08/2015      192.80      193.00      186.00      186.00          4031590.00
07/07/2015      195.00      195.50      192.60      192.80          2095690.00
07/06/2015      193.50      193.50      191.90      192.60          2139610.00
07/03/2015      194.00      196.90      193.60      193.80          1953390.00
07/02/2015      192.30      196.50      192.00      193.90          3256770.00
07/01/2015      193.00      193.00      190.20      192.20          2409890.00
06/30/2015      196.00      196.00      191.30      194.00          4018390.00
06/29/2015      196.50      198.50      192.00      197.00          2362050.00
06/26/2015      197.80      198.00      192.80      197.50          1097600.00
06/25/2015      193.30      198.60      193.00      197.00          3948010.00
06/24/2015      191.00      193.00      190.10      193.00          2018740.00
06/23/2015      199.90      199.90      190.00      190.00          3559170.00
06/22/2015      198.20      200.00      196.30      200.00          2042090.00
06/19/2015      200.00      201.00      196.00      198.00          3447650.00
06/18/2015      195.00      197.50      193.00      197.50          3009670.00
06/17/2015      183.80      192.40      183.80      192.00          3747590.00
06/16/2015      178.80      183.00      176.00      182.00          4469940.00
06/15/2015      186.00      186.00      179.80      180.00          3150310.00
06/11/2015      186.50      188.60      184.80      185.00          3360970.00
06/10/2015      183.00      187.40      183.00      186.50          2564740.00
06/09/2015      184.50      184.60      181.00      184.00          3769110.00
06/08/2015      186.00      186.00      184.00      184.50          2993460.00
06/05/2015      190.00      190.00      186.30      187.00          6557450.00
06/04/2015      192.00      193.50      190.90      193.30          1243490.00
06/03/2015      195.00      195.00      192.00      193.50          1653590.00
06/02/2015      197.60      197.60      191.20      191.90          3059990.00
06/01/2015      195.00      199.30      191.00      198.90          2241760.00
05/29/2015      187.00      196.70      187.00      190.80          4267690.00
05/28/2015      190.00      191.00      183.50      187.00          3979370.00
05/27/2015      197.00      197.00      188.30      189.90          4361890.00
05/26/2015      199.00      199.00      194.00      197.50          1905670.00
05/25/2015      202.40      202.40      196.60      199.00          2548050.00
05/22/2015      204.20      204.40      199.00      201.00          4482180.00
05/21/2015      209.40      213.80      207.00      208.60          2355170.00
05/20/2015      204.80      210.00      203.60      208.60          2531790.00
05/19/2015      205.00      205.00      201.80      203.60          3003170.00
05/18/2015      210.60      211.00      203.00      205.00          3169910.00
05/15/2015      212.00      212.00      208.20      210.60          2378590.00
05/14/2015      211.80      214.00      207.40      211.80          1612230.00
05/13/2015      205.60      211.80      204.80      211.80          1749940.00
05/12/2015      200.20      207.00      199.70      206.00          4546570.00
05/11/2015      202.60      203.00      199.60      200.00          7858330.00
05/08/2015      214.00      214.00      201.60      202.00          5664310.00
05/07/2015      214.60      214.60      212.60      213.00          4348980.00
05/06/2015      221.20      221.60      213.60      218.00          1763490.00
05/05/2015      219.00      222.60      219.00      220.80          2302510.00
05/04/2015      217.00      220.20      213.40      219.00          2371510.00
04/30/2015      217.80      219.00      213.80      217.80          1873920.00
04/29/2015      216.40      217.80      216.00      217.60          2093480.00
04/28/2015      217.00      218.40      214.40      216.40          2073960.00
04/27/2015      219.00      220.00      217.60      219.00          2805000.00
04/24/2015      220.80      222.00      218.20      219.40          2202680.00
04/23/2015      219.40      220.00      217.20      219.00          3191910.00
04/22/2015      219.00      219.00      215.00      217.00          1775510.00
04/21/2015      218.00      220.00      217.60      218.60          2835440.00
04/20/2015      218.20      219.00      212.00      216.60          1804550.00
04/17/2015      223.00      228.00      216.00      216.00          2420370.00
04/16/2015      212.80      223.00      212.20      223.00          3338810.00
04/15/2015      218.80      219.00      213.00      214.00          3346340.00
04/14/2015      219.00      220.00      217.20      219.00          1596310.00
04/13/2015      220.20      222.00      217.80      219.40          2765590.00
04/10/2015      223.20      224.60      220.20      222.20          3826800.00
04/08/2015      231.00      231.00      224.80      227.40          1190660.00
04/07/2015      230.60      232.00      228.80      230.00          1181630.00
04/06/2015      227.20      234.00      227.20      230.00          1620100.00
04/01/2015      224.80      226.60      222.60      226.00          1324290.00
03/31/2015      224.00      226.00      221.00      226.00          3793790.00
03/30/2015      221.20      226.60      221.20      224.00          2785300.00
03/27/2015      218.00      223.00      218.00      221.20          3594730.00
03/26/2015      216.00      219.20      215.00      218.00          1672250.00
03/25/2015      218.80      218.80      214.60      216.00          1489260.00
03/24/2015      220.20      220.20      215.60      216.00          1888750.00
03/23/2015      218.60      221.80      218.60      218.80          1246220.00
03/20/2015      214.40      222.00      214.40      220.00          3569770.00
03/19/2015      215.00      218.00      214.00      215.20          1815660.00
03/18/2015      215.20      217.00      214.60      216.00          2877030.00
03/17/2015      214.80      215.40      214.00      215.20          1774410.00
03/16/2015      218.00      218.00      213.40      214.40           713030.00
03/13/2015      218.00      219.00      213.60      217.60          1554980.00
03/12/2015      215.00      217.00      212.00      217.00          1398440.00
03/11/2015      214.80      216.00      213.80      215.00          1543130.00
03/10/2015      214.00      217.00      214.00      215.00          2179820.00
03/09/2015      213.00      219.60      212.00      218.00          2750740.00
03/06/2015      213.40      217.00      211.20      217.00          1381870.00
03/05/2015      216.00      216.00      211.40      213.20          2475450.00
03/04/2015      217.80      218.40      216.00      218.00          1229130.00
03/03/2015      217.80      218.40      215.20      215.20          1695260.00
03/02/2015      217.60      217.80      212.60      217.80          2161660.00
02/27/2015      212.00      218.00      209.00      218.00          3752310.00
02/26/2015      213.00      213.40      211.20      211.40          2564560.00
02/25/2015      218.00      218.00      212.00      214.60          3427570.00
02/24/2015      217.60      218.00      217.20      218.00          2502090.00
02/23/2015      218.40      219.00      217.00      217.60          2459380.00
02/20/2015      217.80      219.80      217.60      218.00          3521150.00
02/18/2015      215.20      219.00      214.80      217.40          1415790.00
02/17/2015      213.00      216.00      213.00      215.20          1351220.00
02/16/2015      217.60      218.00      216.20      217.60          1561680.00
02/13/2015      213.40      219.00      213.00      217.00          1640840.00
02/12/2015      211.80      214.80      211.20      211.60          2708230.00
02/11/2015      218.00      218.00      211.00      211.00          3701380.00
02/10/2015      223.00      223.00      216.00      216.20          3218080.00
02/09/2015      215.00      224.00      214.20      224.00          4473200.00
02/06/2015      203.60      212.20      202.60      211.00          5838270.00
02/05/2015      206.00      206.00      202.80      204.00          2536330.00
02/04/2015      205.00      206.60      203.80      206.00          4495340.00
02/03/2015      206.00      206.40      204.60      205.00          1372400.00
02/02/2015      207.00      207.60      204.00      206.00          2523370.00
01/30/2015      204.20      208.00      204.20      207.00          2420560.00
01/29/2015      208.00      209.00      206.00      206.00          1686390.00
01/28/2015      208.00      208.00      205.20      206.00          3433320.00
01/27/2015      202.00      211.00      202.00      207.80          1800960.00
01/26/2015      201.80      205.00      201.60      205.00          2755270.00
01/23/2015      198.60      202.00      197.60      202.00          2873420.00
01/22/2015      199.80      199.80      195.00      196.70          2009660.00
01/21/2015      197.00      199.10      196.60      197.50          2275550.00
01/20/2015      198.30      200.00      197.00      197.90          1885630.00
01/19/2015      196.50      200.60      196.50      198.80          2843120.00
01/14/2015      199.00      200.80      197.60      200.00          4571990.00
01/13/2015      192.00      199.00      192.00      196.70          2715060.00
01/12/2015      196.50      196.50      192.90      194.00          1830330.00
01/09/2015      197.00      198.00      195.50      196.50          2162120.00
01/08/2015      195.70      197.50      194.70      196.00          1954560.00
01/07/2015      191.50      197.50      191.50      196.90          3597370.00
01/06/2015      189.00      191.50      186.60      191.50          1809690.00
01/05/2015      194.50      194.50      189.70      191.00          3263070.00
