AC 1216

12/27/19	774.941	782.691	760.895	760.895	448810
12/26/19	738.131	786.565	738.131	774.941	235550
12/23/19	755.083	755.568	744.428	754.599	401280
12/20/19	732.319	755.083	721.18	755.083	981550
12/19/19	736.194	751.693	731.351	731.351	509790
12/18/19	738.131	738.131	728.929	734.257	461850
12/17/19	728.445	736.194	714.883	736.194	738030
12/16/19	757.989	770.098	725.539	728.445	1271110
12/13/19	765.254	784.628	754.599	757.505	633880
12/12/2019	759.927	763.801	753.146	753.63	529700
12/11/2019	794.315	797.221	759.442	765.254	292900
12/10/2019	789.471	794.315	782.206	789.471	77240
12/09/2019	804.001	805.939	787.534	787.534	298670
12/06/2019	804.001	804.486	795.768	802.064	392450
12/05/2019	794.315	804.001	785.597	804.001	616370
12/04/2019	798.674	804.001	778.816	804.001	508250
12/03/2019	813.688	813.688	799.158	805.454	223580
12/02/2019	784.628	814.657	781.722	814.657	280450
11/29/19	780.753	782.206	770.582	780.753	261870
11/28/19	777.847	781.238	777.363	779.3	294120
11/27/19	773.973	788.018	770.098	776.879	524800
11/26/19	794.315	798.189	759.927	759.927	1408530
11/25/19	799.158	803.517	786.565	794.315	346170
11/22/19	784.628	799.158	767.192	799.158	436630
11/21/19	799.158	799.642	784.628	785.597	288730
11/20/19	801.095	802.064	792.377	798.189	234840
11/19/19	802.064	805.454	798.189	801.095	242240
11/18/19	804.97	805.939	794.799	797.705	129150
11/15/19	795.283	811.751	794.315	804.001	561380
11/14/19	798.189	798.189	786.565	792.377	487890
11/13/19	812.72	812.72	796.736	798.189	574740
11/12/2019	827.734	827.734	811.751	813.688	560130
11/11/2019	825.312	835.968	822.406	829.187	306740
11/08/2019	842.749	842.749	819.5	821.922	405110
11/07/2019	841.78	845.17	836.936	839.843	153560
11/06/2019	850.498	850.982	831.124	834.999	354440
11/05/2019	837.905	852.435	837.905	849.529	1902960
11/04/2019	837.905	837.905	834.515	836.936	718920
10/31/19	837.905	842.749	829.187	833.062	408140
10/30/19	846.623	846.623	831.124	837.905	290370
10/29/19	838.874	840.327	834.03	837.905	206290
10/28/19	825.312	839.358	825.312	833.062	148080
10/25/19	837.905	837.905	822.406	822.406	447560
10/24/19	837.905	841.296	836.452	837.905	260130
10/23/19	841.78	841.78	835.483	838.389	147330
10/22/19	841.78	845.655	833.062	843.233	368440
10/21/19	828.703	833.062	825.797	833.062	225140
10/18/19	837.905	844.202	828.218	828.703	264460
10/17/19	845.17	848.076	834.515	837.905	400740
10/16/19	851.467	860.185	843.233	850.498	224840
10/15/19	852.435	852.435	843.717	850.982	403630
10/14/19	852.435	856.31	844.202	850.014	597620
10/11/2019	834.515	849.529	834.515	842.749	247560
10/10/2019	842.749	842.749	826.281	834.03	263210
10/09/2019	836.936	836.936	830.156	835.968	210250
10/08/2019	826.281	842.749	826.281	837.905	452870
10/07/2019	818.532	834.03	818.532	823.375	181670
10/04/2019	826.281	838.874	813.204	813.688	499180
10/03/2019	829.187	829.187	820.469	821.438	459110
10/02/2019	851.467	851.951	829.187	829.187	358590
10/01/2019	856.794	857.763	843.717	851.951	257310
09/30/19	866.965	866.965	852.435	856.794	463980
09/27/19	876.652	876.652	860.185	865.028	345210
09/26/19	880.043	880.527	869.387	871.809	416440
09/25/19	871.809	879.558	856.794	879.558	531350
09/24/19	867.934	871.809	862.122	871.809	225760
09/23/19	868.903	871.324	859.216	861.153	1126670
09/20/19	877.621	878.59	866.965	866.965	967050
09/19/19	871.809	874.715	870.356	871.809	229470
09/18/19	881.496	883.433	871.809	871.809	313470
09/17/19	878.59	884.886	870.84	876.652	265070
09/16/19	879.558	881.98	871.809	878.59	221230
09/13/19	884.402	884.402	875.684	879.558	229650
09/12/2019	873.746	889.245	873.746	880.527	195880
09/11/2019	873.746	878.59	872.778	875.684	234670
09/10/2019	878.59	878.59	871.324	872.778	168140
9/9/19  	876.652	884.886	874.231	878.59	171370
09/6/2019	877.621	887.308	872.293	872.293	259260
09/05/2019	864.544	885.37	864.544	876.652	300450
09/04/2019	876.652	876.652	860.185	864.059	638730
09/03/2019	894.088	899.9	871.809	871.809	391690
09/02/2019	896.994	902.322	891.667	892.151	194450
08/30/19	914.915	914.915	896.026	896.026	269120
08/29/19	910.556	912.493	899.9	905.713	268530
08/28/19	908.134	917.337	900.869	917.337	391440
08/27/19	902.806	915.399	896.994	908.134	738420
08/23/19	903.291	925.57	893.604	925.57	447380
08/22/19	905.713	924.117	892.635	908.619	539300
08/20/19	921.211	923.633	911.525	923.633	263270
08/19/19	905.713	923.633	894.088	923.633	256220
08/16/19	905.713	923.633	903.291	905.713	699410
08/15/19	891.182	904.744	886.823	904.744	291010
08/14/19	900.869	914.431	894.088	905.713	307460
08/13/19	905.713	910.556	889.245	910.556	327740
08/09/2019	901.353	916.368	901.353	908.619	297850
08/08/2019	900.869	905.713	896.994	900.869	137640
08/07/2019	892.635	906.681	886.823	902.322	134440
08/06/2019	899.9	899.9	879.558	892.151	408970
08/05/2019	920.243	920.243	897.479	901.353	343930
08/02/2019	920.243	926.539	911.04	920.243	339350
08/01/2019	922.18	927.023	914.915	920.243	374280
07/31/19	916.368	929.445	913.462	927.508	239580
07/30/19	926.539	938.648	914.915	922.664	281790
07/29/19	940.585	949.303	929.445	932.835	213690
07/26/19	939.616	959.474	939.616	952.209	469250
07/25/19	934.773	949.303	932.351	949.303	503890
07/24/19	931.867	939.132	931.867	936.71	302550
07/23/19	939.616	944.46	930.414	939.616	648070
07/22/19	906.681	943.491	906.681	939.616	688520
07/19/19	912.493	920.243	912.493	920.243	722040
07/18/19	912.493	919.758	910.556	918.305	240180
07/17/19	912.493	918.305	908.619	918.305	434970
07/16/19	900.869	918.79	900.869	912.493	1108270
07/15/19	888.276	905.713	888.276	900.869	569770
07/12/2019	881.496	892.635	881.496	888.276	266350
07/11/2019	881.496	883.433	879.558	883.433	284570
07/10/2019	890.698	891.182	876.652	881.496	104640
07/09/2019	886.339	890.698	886.339	888.276	246460
07/08/2019	883.433	891.182	878.59	891.182	204370
07/05/2019	872.778	886.339	871.809	881.496	288460
07/04/2019	874.715	874.715	870.84	872.778	323860
07/03/2019	872.778	874.715	871.324	874.715	754370
07/02/2019	874.715	879.558	868.903	871.809	330930
07/01/2019	866.481	873.746	866.481	873.746	235080
06/28/19	871.324	871.324	865.512	865.997	437640
06/27/19	867.934	870.84	865.997	867.934	421470
06/26/19	870.84	870.84	865.997	867.934	327710
06/25/19	871.809	874.231	864.059	868.903	387750
06/24/19	876.168	876.168	867.45	868.903	407990
06/21/19	868.418	874.231	868.418	869.871	636750
06/20/19	870.84	873.746	864.059	871.809	969520
06/19/19	871.809	875.684	868.903	871.809	603130
06/18/19	870.84	871.809	864.544	871.809	418630
06/17/19	876.168	876.168	867.934	871.324	393460
06/14/19	886.339	886.339	869.871	871.809	663950
06/13/19	881.496	883.433	862.122	881.496	584210
06/11/2019	897.963	899.416	888.761	888.761	165650
06/10/2019	894.088	899.9	891.182	897.963	256280
06/07/2019	898.932	898.932	890.214	894.088	171120
06/06/2019	901.838	902.322	892.151	898.447	655020
06/04/2019	901.838	901.838	887.308	890.214	288530
06/03/2019	886.339	903.291	881.496	901.838	591000
05/31/19	880.043	890.214	878.105	890.214	390140
05/30/19	870.84	883.433	870.356	880.527	449820
05/29/19	864.059	872.293	864.059	870.84	273820
05/28/19	875.684	876.168	863.091	864.544	1859680
05/27/19	875.199	875.684	863.575	873.746	244650
05/24/19	866.965	871.809	842.749	871.809	511720
05/23/19	874.715	877.137	865.512	866.965	1572010
05/22/19	836.452	876.652	826.281	876.652	1159100
05/21/19	830.64	839.843	823.375	823.375	494070
05/20/19	824.828	836.452	824.344	830.156	156510
05/17/19	811.751	841.296	811.751	823.375	1077360
05/16/19	847.592	851.951	811.751	811.751	1139700
05/15/19	859.216	866.965	852.435	852.435	464510
05/14/19	871.809	885.37	852.435	852.435	794540
05/10/2019	861.153	868.903	859.7	862.122	506040
05/09/2019	868.903	869.871	846.623	861.153	398880
05/08/2019	875.684	875.684	859.216	872.778	340900
05/07/2019	870.84	875.684	868.903	871.809	304940
05/06/2019	879.558	879.558	862.122	869.871	369980
05/03/2019	880.527	886.339	871.809	871.809	289320
05/02/2019	874.715	884.402	871.809	880.527	366050
04/30/19	873.262	875.684	867.934	875.684	314900
04/29/19	866.965	876.652	865.028	871.809	233520
04/26/19	862.122	868.418	854.857	866.965	293870
04/25/19	857.279	865.997	855.341	857.279	254930
04/24/19	839.843	857.279	839.843	856.31	499250
04/23/19	857.279	859.7	834.999	837.905	475950
04/22/19	881.496	881.496	852.92	854.373	478150
04/17/19	874.231	886.339	871.809	871.809	230520
04/16/19	879.558	881.496	869.387	872.778	539920
04/15/19	886.339	890.214	879.558	879.558	206780
04/12/2019	886.339	888.276	880.527	884.402	276360
04/11/2019	886.823	891.182	883.433	883.433	325030
04/10/2019	890.698	895.057	884.402	895.057	337230
04/08/2019	890.214	890.214	878.59	882.464	254440
04/05/2019	881.98	893.12	878.59	893.12	207340
04/04/2019	899.9	900.869	877.137	877.137	298040
04/03/2019	898.932	900.869	895.057	896.994	119120
04/02/2019	902.322	910.072	899.9	900.869	175370
04/01/2019	910.556	912.009	896.026	900.869	129060
03/29/19	902.806	910.556	900.869	910.556	295960
03/28/19	905.228	905.228	894.573	902.806	119350
03/27/19	903.775	904.744	896.026	900.869	116270
03/26/19	893.12	909.103	893.12	903.775	186550
03/25/19	902.322	902.806	888.276	893.604	190160
03/22/19	905.713	915.884	901.838	910.556	458580
03/21/19	897.963	902.322	892.635	902.322	324580
03/20/19	899.9	900.869	895.057	897.963	207430
03/19/19	904.744	904.744	898.932	900.869	170680
03/18/19	893.12	901.838	891.182	900.869	310650
03/15/19	891.182	896.51	886.339	891.667	459370
03/14/19	891.182	902.322	890.698	896.51	238850
03/13/19	900.869	900.869	889.245	891.182	282450
03/12/2019	900.869	903.775	896.026	896.026	175170
03/11/2019	910.556	910.556	896.994	896.994	130470
03/08/2019	918.305	918.305	903.775	910.072	155940
03/07/2019	918.305	918.305	910.556	918.305	163460
03/06/2019	906.681	916.368	906.681	913.946	181770
03/05/2019	910.556	910.556	902.806	906.197	190160
03/04/2019	902.806	913.462	900.869	907.65	181430
03/01/2019	897.479	909.103	894.573	900.869	359000
02/28/19	910.556	912.493	896.026	896.026	634450
02/27/19	915.399	915.399	901.838	912.009	182310
02/26/19	920.243	920.243	905.713	915.399	240380
02/22/19	914.431	917.337	899.9	912.493	250830
02/21/19	914.431	920.243	910.556	920.243	276190
02/20/19	913.462	917.821	905.713	914.431	469450
02/19/19	915.399	915.399	902.322	907.65	194310
02/18/19	918.79	919.274	913.946	915.399	248170
02/15/19	896.994	930.898	896.994	930.898	956590
02/14/19	898.932	904.744	891.182	896.994	137760
02/13/19	903.775	905.228	891.667	900.869	282370
02/12/2019	904.744	911.04	898.447	902.806	152120
02/11/2019	902.806	913.462	898.932	899.9	166620
02/08/2019	902.806	902.806	892.151	897.963	295600
02/07/2019	905.713	914.915	896.994	903.775	302920
02/06/2019	897.963	920.727	897.963	897.963	418580
02/04/2019	910.072	910.072	901.353	906.197	113930
02/01/2019	896.994	910.556	894.573	910.556	398240
01/31/19	895.057	897.963	886.339	897.963	423480
01/30/19	894.088	894.088	875.684	889.245	592270
01/29/19	899.9	899.9	888.276	894.088	457420
01/28/19	895.057	903.775	893.604	897.963	672730
01/25/19	888.276	897.479	886.823	892.635	818100
01/24/19	878.59	886.339	875.684	883.917	396730
01/23/19	875.684	880.527	874.715	877.621	582740
01/22/19	896.026	899.9	874.715	882.464	886380
01/21/19	909.587	915.399	886.339	896.026	414410
01/18/19	896.026	912.493	896.026	909.587	402130
01/17/19	892.151	898.932	891.667	894.088	598270
01/16/19	887.308	900.869	886.339	890.214	2157730
01/15/19	945.428	953.178	940.101	940.101	122870
01/14/19	941.554	951.24	925.086	944.46	206500
01/11/2019	967.223	967.708	927.992	941.554	312960
01/10/2019	968.676	975.457	963.833	968.676	342855
01/09/2019	953.178	971.583	940.585	968.676	677340
01/08/2019	962.864	962.864	927.023	939.616	307810
01/07/2019	934.773	966.739	934.773	966.739	781940
01/04/2019	900.869	939.616	896.026	929.929	790610
01/03/2019	884.886	902.806	879.074	896.026	687210
01/02/2019	875.684	885.37	872.778	877.621	303350
12/28/18	881.496	885.37	871.809	871.809	382040
12/27/18	887.308	895.057	876.652	876.652	274520
12/26/18	889.245	889.245	880.527	882.464	133400
12/21/18	889.245	890.698	881.496	885.37	404820
12/20/18	885.37	896.026	877.621	889.245	414360
12/19/18	883.433	886.339	878.59	885.37	462640
12/18/18	891.182	896.026	887.308	889.729	257640
12/17/18	886.339	900.869	886.339	897.963	367430
12/14/18	901.353	910.556	877.137	885.37	224610
12/13/18	896.026	906.197	896.026	901.353	147380
12/12/2018	906.681	907.65	893.604	896.026	173100
12/11/2018	887.308	908.619	882.464	908.619	253250
12/10/2018	881.496	894.088	881.496	881.496	325360
12/07/2018	900.869	906.197	881.496	881.496	431280
12/06/2018	929.929	929.929	904.744	904.744	437970
12/05/2018	924.602	938.163	919.274	929.929	381020
12/04/2018	919.758	947.366	917.821	940.101	581690
12/03/2018	920.243	929.445	910.556	920.243	514410
11/29/18	921.211	927.992	920.243	921.211	1009260
11/28/18	911.525	918.305	907.65	918.305	264210
11/27/18	911.525	915.399	900.869	915.399	186570
11/26/18	909.587	922.18	907.65	915.399	211850
11/23/18	905.713	912.493	899.9	909.587	145680
11/22/18	896.994	905.713	884.402	905.713	123020
11/21/18	902.806	902.806	887.792	892.151	231910
11/20/18	907.65	915.399	897.963	905.713	172200
11/19/18	889.245	915.884	886.339	915.884	248330
11/16/18	869.871	886.339	869.871	876.652	405360
11/15/18	866.965	875.199	863.575	869.871	196270
11/14/18	881.496	881.98	862.122	871.809	314210
11/13/18	871.809	880.527	865.512	866.965	415680
11/12/2018	871.809	879.558	862.122	871.809	380020
11/09/2018	874.231	883.433	873.746	873.746	112620
11/08/2018	891.182	892.635	873.262	874.231	218130
11/07/2018	910.556	910.556	886.339	891.182	187450
11/06/2018	905.713	912.978	896.026	910.556	230010
11/05/2018	908.619	915.399	893.604	905.713	486290
10/31/18	872.293	915.399	870.84	891.182	461150
10/30/18	883.433	889.245	871.809	871.809	107430
10/29/18	877.621	891.182	877.621	886.339	121760
10/26/18	868.903	891.182	862.122	891.182	155610
10/25/18	871.809	871.809	857.279	862.122	215770
10/24/18	888.276	888.276	874.715	881.496	183690
10/23/18	900.869	900.869	882.949	888.761	77890
10/22/18	881.496	900.385	881.496	899.416	226420
10/19/18	878.59	888.276	872.778	881.496	130230
10/18/18	874.715	879.558	872.293	877.621	87960
10/17/18	876.652	894.088	876.652	886.339	105070
10/16/18	869.871	872.778	858.247	872.293	189040
10/15/18	872.778	884.402	866.481	866.481	63000
10/12/2018	852.92	881.496	852.92	871.809	133930
10/11/2018	862.122	862.122	841.78	854.373	335730
10/10/2018	882.464	884.402	870.84	871.809	242810
10/09/2018	901.838	901.838	879.558	881.496	102520
10/08/2018	900.869	905.713	892.151	900.869	113110
10/05/2018	900.869	905.713	882.949	905.713	196600
10/04/2018	910.556	913.462	884.402	890.698	238320
10/03/2018	879.558	910.556	879.558	910.556	175070
10/02/2018	881.496	896.026	872.778	896.026	235780
10/01/2018	899.9	901.838	877.621	881.496	180820
09/28/18	919.758	927.992	898.932	898.932	228060
09/27/18	909.587	920.243	896.994	920.243	222790
09/26/18	891.182	910.556	888.761	910.556	480250
09/25/18	890.698	895.057	876.652	890.698	193230
09/24/18	879.558	891.182	872.778	891.182	201160
09/21/18	862.122	880.043	862.122	869.871	448620
09/20/18	862.122	866.965	857.279	857.279	263530
09/19/18	877.621	880.527	857.279	858.247	391720
09/18/18	877.621	879.558	872.778	876.652	433720
09/17/18	876.652	884.402	872.293	877.137	216700
09/14/18	878.59	878.59	864.059	869.871	511520
09/13/18	886.823	887.308	866.965	871.809	348570
09/12/2018	873.746	900.385	873.746	891.182	256900
09/11/2018	885.37	885.37	867.45	867.45	272690
09/10/2018	888.276	889.245	863.091	885.37	645370
09/07/2018	910.556	910.556	871.809	888.276	836080
09/06/2018	934.773	934.773	910.556	914.431	424510
09/05/2018	954.146	954.146	932.835	942.522	261990
09/04/2018	954.146	960.927	948.334	954.146	152090
09/03/2018	965.77	965.77	941.554	947.366	198560
08/31/18	958.99	968.676	949.303	968.676	334250
08/30/18	960.927	960.927	944.46	958.99	164740
08/29/18	944.944	958.99	944.46	958.99	160100
08/28/18	958.99	971.583	949.787	959.958	272430
08/24/18	958.99	958.99	945.428	958.99	176340
08/23/18	936.71	958.99	936.71	958.99	269100
08/22/18	939.616	944.46	925.086	944.46	356940
08/20/18	939.616	954.146	925.086	925.086	117480
08/17/18	907.65	967.708	907.65	967.708	301200
08/16/18	911.525	913.946	901.838	906.681	177290
08/15/18	908.619	919.274	907.65	911.525	183140
08/14/18	920.243	920.243	906.197	907.65	252400
08/13/18	944.46	944.46	920.243	923.633	468430
08/10/2018	967.708	970.614	953.178	954.146	446040
08/09/2018	988.05	991.925	966.255	978.363	128040
08/08/2018	976.426	988.05	975.457	988.05	315175
08/07/2018	968.676	980.301	963.833	976.426	163255
08/06/2018	970.614	987.081	968.676	968.676	258860
08/03/2018	959.958	988.05	959.958	988.05	357440
08/02/2018	983.207	983.207	960.927	967.708	127525
08/01/2018	965.77	983.207	965.286	983.207	3003360
07/31/18	976.426	976.426	960.927	967.708	353235
07/30/18	958.99	983.207	954.146	981.269	427720
07/27/18	949.303	958.99	942.038	958.99	413640
07/26/18	939.616	953.662	938.648	949.303	314780
07/25/18	925.57	949.303	923.633	933.804	407050
07/24/18	911.525	928.961	911.525	925.57	138520
07/23/18	910.556	929.929	900.869	921.211	96360
07/20/18	920.243	929.929	914.915	929.929	145670
07/19/18	940.585	941.554	914.915	920.243	285420
07/18/18	915.399	949.303	910.556	948.334	207550
07/17/18	933.804	938.648	922.18	923.149	134660
07/16/18	930.898	941.069	921.696	941.069	105130
07/13/18	921.211	949.303	921.211	933.804	388450
07/12/2018	908.619	935.741	894.088	935.741	309830
07/11/2018	891.182	908.619	889.245	908.619	184350
07/10/2018	881.496	895.057	871.809	895.057	415000
07/09/2018	870.356	877.137	867.934	877.137	128470
07/06/2018	876.652	876.652	867.45	869.871	279190
07/05/2018	886.339	887.308	877.621	886.339	186720
07/04/2018	890.698	898.932	875.199	898.932	344820
07/03/2018	886.823	887.792	876.652	886.339	125900
07/02/2018	886.339	897.479	883.433	886.339	119680
06/29/18	871.809	891.182	871.809	891.182	228550
06/28/18	863.091	876.652	858.247	876.652	244010
06/27/18	858.247	881.496	843.717	881.496	125790
06/26/18	849.529	858.732	842.749	858.247	388240
06/25/18	874.715	884.402	848.561	848.561	208970
06/22/18	871.809	872.778	840.327	858.732	379680
06/21/18	886.823	886.823	872.778	872.778	403290
06/20/18	881.496	894.088	881.496	886.339	234600
06/19/18	893.12	893.12	874.715	881.496	384060
06/18/18	902.322	902.322	894.573	896.51	287870
06/14/18	907.65	922.664	903.775	920.727	567350
06/13/18	939.616	941.554	906.681	907.65	431240
06/11/2018	931.867	954.146	930.898	947.366	131940
06/08/2018	949.303	949.303	929.929	936.226	577810
06/07/2018	934.773	954.146	933.804	949.787	165750
06/06/2018	939.616	945.428	934.773	938.648	209480
06/05/2018	929.929	948.334	922.664	948.334	155500
06/04/2018	925.086	937.679	915.399	937.679	165210
06/01/2018	910.556	935.257	910.556	929.929	345540
05/31/18	910.072	910.556	896.51	910.556	1031890
05/30/18	900.869	901.838	896.026	901.353	434100
05/29/18	910.556	915.399	904.744	910.556	144900
05/28/18	905.713	911.525	905.713	909.103	81250
05/25/18	918.305	918.305	897.963	905.713	328430
05/24/18	920.243	920.243	908.619	912.493	239910
05/23/18	923.633	923.633	905.713	920.243	323010
05/22/18	910.556	924.117	896.026	924.117	108750
05/21/18	907.65	917.337	903.291	910.556	152430
05/18/18	910.556	919.758	899.9	899.9	191690
05/17/18	949.303	949.303	910.556	910.556	309940
05/16/18	949.303	959.958	929.929	958.99	169710
05/15/18	939.616	964.802	931.867	954.146	327200
05/11/2018	909.103	940.585	909.103	939.616	349630
05/10/2018	911.525	924.602	891.182	908.134	115400
05/09/2018	906.681	911.525	900.869	911.525	160110
05/08/2018	898.932	910.556	892.635	905.713	209130
05/07/2018	887.308	899.9	881.496	899.9	112870
05/04/2018	881.496	894.088	879.558	887.308	178750
05/03/2018	910.556	920.243	876.652	876.652	262060
05/02/2018	920.243	938.163	900.869	900.869	211110
04/30/18	929.929	950.756	920.727	935.741	328880
04/27/18	900.385	929.929	889.245	929.929	400930
04/26/18	880.043	900.869	873.746	900.869	261180
04/25/18	874.715	881.98	871.809	880.043	197810
04/24/18	886.823	888.276	867.934	871.809	432480
04/23/18	886.339	899.9	881.011	881.98	137070
04/20/18	881.496	898.932	881.496	890.214	113340
04/19/18	881.496	898.932	871.324	877.621	954050
04/18/18	882.949	920.243	880.527	880.527	394140
04/17/18	911.525	916.368	880.527	880.527	262560
04/16/18	925.086	927.508	909.103	916.368	200020
04/13/18	930.898	937.194	924.117	926.055	410430
04/12/2018	935.741	947.366	923.149	947.366	302760
04/11/2018	909.103	936.71	908.619	936.71	283030
04/10/2018	888.276	912.009	887.308	909.103	561320
04/06/2018	878.59	899.9	878.59	890.214	270540
04/05/2018	886.339	890.214	876.168	877.621	401020
04/04/2018	891.182	892.635	883.917	886.339	453550
04/03/2018	893.12	900.869	887.308	889.245	662270
04/02/2018	918.305	918.305	889.245	894.088	206380
03/28/18	918.305	928.476	915.399	918.305	436970
03/27/18	921.211	932.835	915.399	919.274	293370
03/26/18	898.932	922.18	888.276	920.243	559020
03/23/18	897.963	897.963	879.558	889.245	618010
03/22/18	889.245	909.103	889.245	907.65	666380
03/21/18	915.399	918.79	887.308	887.308	423860
03/20/18	918.305	928.961	905.713	907.65	1040930
03/19/18	963.833	978.363	963.833	978.363	185980
03/16/18	974.489	988.05	958.99	958.99	1094400
03/15/18	985.144	1004.518	974.489	974.489	361985
03/14/18	1005.486	1005.486	972.551	1005.486	451250
03/13/18	999.674	1006.455	995.799	999.674	140935
03/12/2018	1006.455	1020.985	996.768	999.674	156915
03/09/2018	1005.486	1008.392	988.05	988.05	167800
03/08/2018	1026.797	1026.797	1003.549	1005.486	143645
03/07/2018	1004.518	1026.797	998.705	1026.797	111585
03/06/2018	1017.11	1018.079	1002.58	1005.486	162330
03/05/2018	1017.11	1017.11	1007.424	1008.392	93410
03/02/2018	1008.392	1017.11	1005.486	1017.11	168785
03/01/2018	1023.891	1031.64	1018.079	1018.079	219000
02/28/18	1019.048	1036.484	1019.048	1023.891	304555
02/27/18	1037.453	1039.39	1019.048	1035.515	416740
02/26/18	1027.766	1031.64	1007.424	1031.64	147845
02/23/18	1020.016	1029.703	1010.33	1026.797	419980
02/22/18	1046.171	1047.139	997.737	1020.016	401895
02/21/18	1037.453	1053.92	1037.453	1046.171	337190
02/20/18	1041.327	1053.92	1030.672	1053.92	221285
02/19/18	1041.327	1054.889	1026.797	1054.889	317590
02/15/18	1007.424	1060.701	997.737	1060.701	341655
02/14/18	997.737	1007.424	992.893	1007.424	184145
02/13/18	979.332	1000.643	979.332	988.05	283905
02/12/2018	974.489	989.987	968.676	968.676	110910
02/09/2018	988.05	989.987	968.676	973.52	302030
02/08/2018	1004.518	1017.11	1002.58	1009.361	321710
02/07/2018	997.737	1007.424	979.332	1001.611	208800
02/06/2018	973.52	988.05	960.443	973.52	416135
02/05/2018	1001.611	1001.611	988.05	997.737	556715
02/02/2018	1005.486	1021.954	1005.486	1017.11	181770
02/01/2018	1007.424	1024.86	1002.58	1005.486	235595
01/31/18	1012.267	1027.766	1002.58	1017.11	263715
01/30/18	1042.296	1042.296	1013.236	1017.11	459610
01/29/18	1009.361	1049.077	1009.361	1049.077	294385
01/26/18	1002.58	1024.86	1001.611	1007.424	245005
01/25/18	1002.58	1007.424	997.737	1001.611	342525
01/24/18	1012.267	1016.142	998.705	1002.58	351680
01/23/18	1016.142	1019.048	998.705	1012.267	398515
01/22/18	999.674	1021.954	999.674	1017.11	311655
01/19/18	994.831	1007.424	978.363	998.705	383875
01/18/18	1021.954	1021.954	995.799	1002.58	461015
01/17/18	1038.421	1041.327	1021.954	1026.797	264685
01/16/18	1051.014	1056.826	1019.048	1019.048	166235
01/15/18	1031.64	1059.732	1026.797	1051.014	189470
01/12/2018	1017.11	1031.64	1002.58	1031.64	363710
01/11/2018	1026.797	1026.797	997.737	1017.11	213605
01/10/2018	1031.64	1031.64	1019.048	1026.797	180545
01/09/2018	1023.891	1041.327	1019.048	1031.64	309775
01/08/2018	1031.64	1032.609	1015.173	1023.891	226530
01/05/2018	1007.424	1035.515	1007.424	1031.64	521745
01/04/2018	1007.424	1015.173	995.799	1007.424	431010
01/03/2018	983.207	1008.392	983.207	1007.424	497855
12/29/17	994.831	994.831	980.301	983.207	295630
12/28/17	996.768	997.737	983.207	989.987	191515
12/27/17	978.363	996.768	973.52	996.768	95400
12/22/17	978.363	978.363	968.676	978.363	136580
12/21/17	986.113	986.113	973.52	977.395	140540
12/20/17	984.175	990.956	978.363	986.113	85480
12/19/17	974.489	984.175	966.255	984.175	229595
12/18/17	974.489	981.269	972.551	978.363	204705
12/15/17	983.207	985.144	967.708	974.489	480780
12/14/17	979.332	988.05	974.489	983.207	329085
12/13/17	987.081	995.799	981.269	988.05	281360
12/12/2017	990.956	997.737	984.175	992.893	485435
12/11/2017	983.207	1010.33	980.301	1007.424	520900
12/08/2017	969.645	1002.58	969.645	997.737	203765
12/07/2017	978.363	983.207	968.676	968.676	296565
12/06/2017	965.77	986.113	959.958	978.363	251960
12/05/2017	953.178	967.708	944.46	967.708	197080
12/04/2017	968.676	968.676	953.662	953.662	359200
12/01/2017	983.207	991.925	968.676	974.489	385930
11/29/17	984.175	988.05	978.363	988.05	442215
11/28/17	989.987	992.893	983.207	985.144	143730
11/27/17	986.113	999.674	984.175	997.737	154790
11/24/17	988.05	991.925	983.207	988.05	429705
11/23/17	984.175	995.799	983.207	988.05	307270
11/22/17	980.301	992.893	980.301	987.081	316500
11/21/17	984.175	989.987	976.426	987.081	194095
11/20/17	982.238	989.987	974.489	980.301	158900
11/17/17	984.175	992.893	978.363	981.269	298055
11/16/17	978.363	1011.298	963.833	968.676	613135
11/15/17	997.737	1017.11	989.987	995.799	130205
11/14/17	1017.11	1017.11	997.737	1007.424	202780
11/13/17	1021.954	1036.484	1010.33	1017.11	149815
11/10/2017	1036.484	1036.484	1008.392	1017.11	175645
11/09/2017	1028.734	1060.701	1028.734	1036.484	411895
11/08/2017	1031.64	1041.327	1022.922	1041.327	331140
11/07/2017	1036.484	1046.171	1020.016	1041.327	296965
11/06/2017	1027.766	1054.889	1025.828	1046.171	164655
11/03/2017	1051.983	1058.763	1020.985	1027.766	790930
11/02/2017	989.019	1065.544	988.05	1055.857	798815
10/30/17	997.737	1001.611	995.799	998.705	130735
10/27/17	986.113	997.737	978.363	997.737	187390
10/26/17	984.175	1007.424	976.426	986.113	236000
10/25/17	968.676	997.737	968.676	987.081	253150
10/24/17	964.802	978.363	957.052	967.708	784240
10/23/17	1038.421	1052.951	978.363	985.144	546135
10/20/17	1075.231	1075.231	1036.484	1036.484	891080
10/19/17	1036.484	1081.043	1026.797	1081.043	1265525
10/18/17	1053.92	1053.92	1027.766	1036.484	953345
10/17/17	1036.484	1062.638	1034.546	1057.795	1237690
10/13/17	1036.484	1041.327	1026.797	1037.453	739665
10/12/2017	1018.079	1045.202	1015.173	1043.265	1065680
10/11/2017	1017.11	1021.954	1008.392	1019.048	725760
10/10/2017	996.768	1026.797	996.768	1017.11	810820
10/09/2017	974.489	1006.455	974.489	1006.455	494060
10/06/2017	966.739	988.05	966.739	983.207	450530
10/05/2017	966.739	967.708	960.443	965.77	323570
10/04/2017	957.537	968.676	956.084	966.739	273570
10/03/2017	949.303	954.146	948.819	954.146	146480
10/02/2017	940.101	952.209	939.616	949.303	279740
09/29/17	936.71	963.833	936.71	939.616	345930
09/28/17	944.46	944.46	935.741	943.491	229950
09/27/17	929.929	954.146	920.243	949.303	254930
09/26/17	929.929	932.835	923.633	929.929	494950
09/25/17	932.835	932.835	925.086	929.929	167290
09/22/17	920.243	943.491	920.243	932.835	214510
09/21/17	913.462	929.929	908.619	920.243	205340
09/20/17	910.556	920.243	904.744	914.431	257690
09/19/17	939.616	939.616	904.744	905.713	250840
09/18/17	899.416	944.46	899.416	941.554	712160
09/15/17	896.994	904.744	896.994	899.416	536370
09/14/17	896.994	906.681	896.026	896.026	277070
09/13/17	891.182	906.681	889.245	896.51	367190
09/11/2017	884.402	891.182	881.496	889.245	105270
09/08/2017	891.182	891.182	882.464	884.402	108410
09/07/2017	886.339	887.308	882.464	886.339	215220
09/06/2017	890.214	890.214	879.074	883.433	338090
09/05/2017	896.994	897.479	888.276	891.182	141920
09/04/2017	891.182	915.399	877.621	896.994	270090
08/31/17	873.746	891.182	871.324	891.182	330710
08/30/17	871.809	873.262	869.871	871.324	236070
08/29/17	873.262	873.262	866.965	870.84	608750
08/25/17	871.809	871.809	870.356	870.84	283200
08/24/17	871.324	871.809	869.871	870.84	330660
08/23/17	871.809	873.262	868.903	870.84	167190
08/22/17	871.809	873.262	868.903	871.809	410510
08/18/17	879.558	879.558	862.122	871.809	148550
08/17/17	876.652	881.496	870.84	879.558	297060
08/16/17	867.934	873.262	865.028	871.809	423650
08/15/17	858.247	869.871	852.435	867.934	337880
08/14/17	857.279	858.247	854.373	857.279	72890
08/11/2017	851.467	860.185	842.749	854.373	191400
08/10/2017	860.185	860.185	852.435	856.31	210210
08/09/2017	858.247	860.185	842.749	860.185	326060
08/08/2017	858.732	859.7	854.857	857.279	306210
08/07/2017	851.467	851.951	845.655	850.498	74320
08/04/2017	835.968	856.31	835.968	851.467	227300
08/03/2017	849.045	849.045	833.062	835.968	210010
08/02/2017	842.749	861.638	828.218	833.062	277380
08/01/2017	841.78	850.014	836.936	837.905	76370
07/31/17	860.185	860.185	837.905	837.905	520210
07/28/17	862.122	873.746	859.216	860.185	370000
07/27/17	862.122	866.965	861.153	861.153	250250
07/26/17	852.435	866.965	852.435	866.965	342760
07/25/17	852.435	852.435	846.623	852.435	146150
07/24/17	852.435	854.373	846.623	852.435	148660
07/21/17	836.936	852.435	826.281	852.435	179050
07/20/17	840.811	842.749	828.218	828.218	137390
07/19/17	833.062	842.749	833.062	840.811	154510
07/18/17	837.905	842.749	833.062	833.062	74530
07/17/17	835.968	840.811	828.218	839.843	139590
07/14/17	847.592	847.592	826.281	826.281	331460
07/13/17	850.498	853.888	830.64	842.749	357860
07/12/2017	840.327	850.498	840.327	848.561	118810
07/11/2017	832.577	840.811	827.734	840.327	113550
07/10/2017	843.717	847.592	826.281	828.218	86100
07/07/2017	841.78	842.749	841.78	842.749	119990
07/06/2017	836.936	845.655	833.062	844.686	189850
07/05/2017	828.218	833.062	824.344	833.062	316240
07/04/2017	824.344	829.187	822.406	823.375	147630
07/03/2017	831.124	831.124	814.657	824.344	114730
06/30/17	813.688	828.218	810.782	823.375	485680
06/29/17	815.141	817.563	811.751	813.688	346260
06/28/17	815.626	816.11	810.782	815.141	401040
06/27/17	814.173	827.25	814.173	816.11	208250
06/23/17	828.218	830.156	810.782	814.173	251260
06/22/17	816.594	828.218	813.688	828.218	128420
06/21/17	829.187	829.187	811.267	815.141	438960
06/20/17	832.577	832.577	830.156	831.124	236870
06/19/17	823.375	837.421	823.375	833.062	144370
06/16/17	839.843	839.843	823.375	823.375	547410
06/15/17	842.264	851.467	839.358	839.843	151380
06/14/17	833.062	842.749	832.093	840.327	244880
06/13/17	845.655	845.655	831.124	833.062	448690
06/09/2017	845.17	856.31	841.78	841.78	382740
06/08/2017	843.717	857.279	841.78	842.749	470540
06/07/2017	854.857	865.028	842.749	842.749	517450
06/06/2017	866.965	867.934	854.373	854.373	557900
06/05/2017	864.059	870.84	863.091	865.997	168160
06/02/2017	845.655	865.512	845.17	864.059	308550
06/01/2017	846.623	849.045	841.78	845.655	676820
05/31/17	842.749	843.717	840.811	840.811	579280
05/30/17	844.686	846.623	837.905	841.78	225620
05/29/17	839.843	845.655	839.843	839.843	294440
05/26/17	839.843	840.327	838.389	838.874	398420
05/25/17	842.749	842.749	839.843	839.843	298640
05/24/17	840.811	844.686	838.874	842.749	165800
05/23/17	844.686	848.076	841.78	842.749	336270
05/22/17	837.421	851.951	836.936	844.686	114610
05/19/17	835.968	838.389	834.03	837.421	111280
05/18/17	841.296	841.296	834.03	838.389	219020
05/17/17	840.327	843.717	836.936	841.78	232380
05/16/17	836.936	842.749	833.546	838.874	375980
05/15/17	841.296	842.749	828.218	836.936	315880
05/12/2017	837.905	842.264	828.218	841.296	200000
05/11/2017	833.062	844.686	828.218	840.811	287900
05/10/2017	855.341	857.279	833.062	833.062	457980
05/09/2017	862.122	865.512	852.92	855.341	367560
05/08/2017	850.498	862.122	850.498	862.122	370250
05/05/2017	851.467	858.247	842.749	850.498	253040
05/04/2017	841.78	857.763	838.874	853.404	204080
05/03/2017	840.811	845.655	840.811	840.811	202340
05/02/2017	839.843	842.749	837.421	839.843	230030
04/27/17	851.467	852.435	837.905	839.358	128170
04/26/17	850.498	851.467	840.811	851.467	160400
04/25/17	842.264	854.373	842.264	849.529	487260
04/24/17	835.968	839.843	833.062	839.843	86120
04/21/17	837.905	837.905	832.093	834.03	141040
04/20/17	828.218	833.546	821.438	833.062	159510
04/19/17	828.218	833.062	828.218	829.671	150220
04/18/17	832.093	837.905	825.312	832.093	92520
04/17/17	832.093	833.062	823.859	832.093	109570
04/12/2017	831.124	844.202	821.438	830.156	223060
04/11/2017	834.515	835.968	828.218	831.609	192620
04/10/2017	835.968	836.936	826.765	834.515	176030
04/07/2017	837.905	842.749	834.999	835.968	175570
04/06/2017	860.185	860.185	828.218	837.905	150570
04/05/2017	848.561	862.122	847.592	862.122	272700
04/04/2017	822.406	855.341	818.532	847.592	312370
04/03/2017	818.532	823.375	813.688	822.406	107930
03/31/17	815.626	818.532	806.908	818.532	169550
03/30/17	815.626	818.532	815.141	815.626	913980
03/29/17	814.657	818.532	804.001	815.626	318180
03/28/17	802.548	814.657	802.548	814.657	191440
03/27/17	806.908	810.782	792.377	799.642	495520
03/24/17	818.532	819.5	808.845	818.532	443810
03/23/17	804.001	818.532	804.001	818.532	183950
03/22/17	800.611	805.939	789.471	805.939	356700
03/21/17	804.001	808.845	793.83	801.58	434030
03/20/17	811.751	813.688	789.956	804.001	122060
03/17/17	804.97	823.375	804.001	804.001	649810
03/16/17	795.283	805.939	795.283	801.095	347610
03/15/17	795.283	798.189	784.628	794.315	101860
03/14/17	794.315	796.252	789.471	794.315	418120
03/13/17	789.471	796.252	789.471	796.252	90770
03/10/2017	795.768	795.768	784.628	789.471	443550
03/09/2017	796.252	799.158	790.924	794.315	417950
03/08/2017	794.315	804.001	794.315	796.252	282380
03/07/2017	797.221	799.642	791.409	793.83	553490
03/06/2017	776.879	799.158	775.426	797.221	170390
03/03/2017	777.847	794.315	768.645	794.315	264600
03/02/2017	763.317	782.691	763.317	777.847	276830
03/01/2017	763.317	763.801	759.442	759.442	125750
02/28/17	768.16	768.16	761.38	763.317	321090
02/27/17	775.91	777.847	766.223	768.16	118500
02/24/17	790.924	791.409	775.91	775.91	218500
02/23/17	779.785	792.377	774.941	791.409	217120
02/22/17	767.192	781.722	758.958	779.785	142370
02/21/17	762.348	768.16	755.568	767.192	105650
02/20/17	764.77	764.77	754.115	762.348	132850
02/17/17	773.973	773.973	752.662	756.536	218030
02/16/17	761.864	769.129	760.411	763.317	563530
02/15/17	774.941	774.941	761.38	761.38	136000
02/14/17	783.175	783.175	773.973	774.941	282950
02/13/17	768.16	784.144	768.16	783.659	157770
02/10/2017	773.488	773.488	757.989	768.16	122960
02/09/2017	762.833	774.941	752.662	772.035	227910
02/08/2017	762.348	765.254	759.442	762.833	104460
02/07/2017	766.223	767.192	752.177	755.568	322540
02/06/2017	770.582	775.91	770.098	774.941	143340
02/03/2017	788.503	788.503	760.895	770.098	184490
02/02/2017	789.471	792.377	774.941	776.879	162210
02/01/2017	784.628	789.471	778.816	789.471	174350
01/31/17	781.238	786.565	774.941	774.941	175850
01/30/17	779.785	794.315	776.879	793.83	66780
01/27/17	785.597	791.409	774.941	774.941	107230
01/26/17	784.628	791.409	783.175	785.597	226080
01/25/17	806.908	806.908	788.503	788.503	83590
01/24/17	786.565	810.782	777.363	807.876	813340
01/23/17	768.645	786.565	765.254	786.565	262890
01/20/17	765.254	769.129	760.411	763.317	277150
01/19/17	759.927	774.941	759.927	774.941	179860
01/18/17	760.411	764.286	758.474	759.927	237240
01/17/17	760.411	772.035	755.568	765.254	226420
01/16/17	770.582	770.582	748.787	761.864	148700
01/13/17	768.645	772.519	765.254	767.192	353420
01/12/2017	771.551	774.457	765.739	768.645	125720
01/11/2017	769.129	772.035	762.348	771.066	559300
01/10/2017	762.833	772.035	759.442	768.16	392630
01/09/2017	761.864	765.254	746.365	759.927	175920
01/06/2017	755.568	769.613	755.568	761.864	387740
01/05/2017	742.975	765.254	736.678	765.254	722750
01/04/2017	711.977	736.194	711.977	736.194	242320
01/03/2017	707.134	710.04	699.869	704.228	205370
12/29/16	710.04	711.009	706.165	707.618	366710
12/28/16	692.604	711.009	692.604	709.071	277420
12/27/16	692.604	692.604	687.76	687.76	41770
12/23/16	680.011	692.604	679.527	685.823	241170
12/22/16	690.666	695.51	679.527	693.572	345280
12/21/16	692.604	703.259	682.917	690.666	515910
12/20/16	704.712	704.712	678.558	692.604	643250
12/19/16	709.071	709.071	697.931	704.712	346220
12/16/16	705.196	709.071	691.635	709.071	346690
12/15/16	692.604	711.977	672.261	709.071	422020
12/14/16	670.324	697.447	668.387	696.963	293510
12/13/16	683.886	684.37	649.013	668.387	1313060
12/12/2016	710.04	711.009	683.886	683.886	293080
12/09/2016	702.29	711.009	700.353	709.071	499690
12/08/2016	694.541	703.259	685.823	701.322	526270
12/07/2016	687.76	701.322	682.917	682.917	450020
12/06/2016	704.228	704.228	681.948	685.823	282590
12/05/2016	716.821	716.821	687.76	687.76	429580
12/02/2016	722.633	725.539	713.915	716.336	453200
12/01/2016	726.507	729.898	715.852	715.852	413810
11/29/16	710.04	710.04	697.447	703.259	489710
11/28/16	711.977	719.727	690.666	712.946	499560
11/25/16	726.507	726.507	702.29	705.196	266630
11/24/16	703.259	721.664	701.806	716.821	567830
11/23/16	711.009	716.821	699.384	702.29	388180
11/22/16	745.881	750.24	708.587	708.587	323010
11/21/16	756.052	760.411	741.038	745.881	458670
11/18/16	746.85	761.38	746.85	755.568	366090
11/17/16	724.57	746.85	721.664	746.85	329450
11/16/16	707.134	726.507	707.134	719.727	1014030
11/15/16	715.852	716.336	699.384	700.353	1067430
11/14/16	726.992	731.351	716.821	716.821	476170
11/11/2016	761.38	762.348	726.507	726.507	918800
11/10/2016	787.534	789.471	767.676	774.941	496100
11/09/2016	804.001	804.97	754.115	765.254	497230
11/08/2016	801.095	810.782	800.611	804.97	311030
11/07/2016	801.095	803.033	784.628	799.158	391040
11/04/2016	801.58	804.97	801.095	803.033	464900
11/03/2016	804.001	804.97	800.127	802.064	648640
11/02/2016	823.375	823.375	801.58	806.908	300190
10/28/16	820.469	823.859	805.454	808.845	573290
10/27/16	828.218	828.218	822.891	825.312	322340
10/26/16	823.859	833.062	822.406	828.218	245770
10/25/16	822.891	826.281	822.891	823.375	252240
10/24/16	825.797	826.281	822.891	822.891	245240
10/21/16	831.124	832.577	828.218	831.124	88180
10/20/16	841.78	841.78	828.218	831.124	396220
10/19/16	829.187	852.435	824.344	841.78	350830
10/18/16	812.235	830.64	812.235	829.187	363220
10/17/16	811.751	833.062	811.751	818.532	339450
10/14/16	813.204	816.594	812.72	814.173	366810
10/13/16	818.532	821.922	805.454	813.204	912230
10/12/2016	824.344	826.281	819.5	822.406	789430
10/11/2016	832.093	841.78	829.671	831.124	223430
10/10/2016	833.062	834.03	828.218	831.609	623540
10/07/2016	836.936	838.874	831.609	833.062	430000
10/06/2016	840.811	842.749	836.452	837.905	205630
10/05/2016	852.435	852.435	833.546	840.327	163380
10/04/2016	843.717	852.92	841.296	852.92	219680
10/03/2016	833.062	850.982	833.062	850.982	175020
09/30/16	834.999	834.999	830.156	830.156	553910
09/29/16	828.703	835.968	828.703	834.999	400660
09/28/16	827.25	833.062	825.797	828.703	275780
09/27/16	839.358	839.358	824.344	827.734	309470
09/26/16	850.498	850.498	837.905	840.811	371680
09/23/16	838.389	850.498	835.483	844.686	399990
09/22/16	834.515	840.811	834.515	837.905	365450
09/21/16	828.218	833.546	828.218	833.062	712690
09/20/16	827.25	831.124	827.25	828.218	542660
09/19/16	827.734	831.124	826.765	829.187	463930
09/16/16	833.062	833.062	821.922	827.734	465100
09/15/16	830.156	833.062	821.438	833.062	405170
09/14/16	832.093	832.093	823.375	830.156	372680
09/13/16	828.218	833.062	826.281	833.062	418630
09/09/2016	827.25	829.187	823.375	826.281	538300
09/08/2016	823.375	833.062	818.532	828.218	621760
09/07/2016	828.218	828.218	818.532	823.375	504780
09/06/2016	832.093	834.03	825.312	828.218	428290
09/05/2016	837.421	842.749	831.124	833.062	379590
09/02/2016	841.296	852.435	837.421	837.905	322290
09/01/2016	847.592	847.592	826.281	841.296	438400
08/31/16	847.592	847.592	840.811	847.592	518790
08/30/16	865.997	865.997	846.623	850.498	505820
08/26/16	870.84	870.84	863.091	866.481	240900
08/25/16	871.324	871.809	864.544	870.84	186580
08/24/16	872.778	873.262	866.965	871.324	216970
08/23/16	873.746	875.684	866.965	874.715	232900
08/22/16	867.934	873.746	865.028	873.746	234820
08/19/16	870.84	870.84	865.028	867.934	94680
08/18/16	871.809	871.809	863.091	866.965	194780
08/17/16	876.168	876.168	867.934	871.809	176630
08/16/16	875.684	876.168	866.965	871.809	457680
08/15/16	869.871	875.684	860.185	875.684	208270
08/12/2016	871.809	871.809	865.512	869.871	410390
08/11/2016	871.809	871.809	866.481	868.418	293070
08/10/2016	868.903	871.809	864.059	867.934	342220
08/09/2016	870.84	876.652	862.606	868.903	348160
08/08/2016	869.871	871.809	862.122	869.871	200060
08/05/2016	866.965	871.809	860.185	869.387	153860
08/04/2016	857.279	866.965	857.279	866.965	298160
08/03/2016	860.185	860.185	843.233	852.435	420250
08/02/2016	859.216	859.216	848.561	852.435	146510
08/01/2016	844.686	859.7	843.233	858.732	274880
07/29/16	859.7	863.091	842.749	842.749	312970
07/28/16	878.59	878.59	854.373	862.122	354720
07/27/16	870.84	879.558	861.153	879.558	394820
07/26/16	862.122	873.262	859.216	861.153	197350
07/25/16	862.122	874.715	843.233	862.122	304320
07/22/16	870.84	871.809	855.826	862.122	202380
07/21/16	865.997	872.293	842.749	870.84	912940
07/20/16	863.091	865.997	857.279	865.997	251480
07/19/16	858.247	862.122	856.31	862.122	346520
07/18/16	856.31	857.279	851.951	857.279	140790
07/15/16	848.561	856.31	847.592	856.31	299140
07/14/16	847.592	850.014	835.968	847.592	149970
07/13/16	842.749	855.826	842.749	848.561	388570
07/12/2016	823.375	842.749	822.891	842.749	239580
07/11/2016	818.532	837.905	818.532	823.375	246990
07/08/2016	817.563	818.047	806.908	817.563	186980
07/07/2016	833.062	833.062	817.563	817.563	452440
07/05/2016	823.375	840.811	823.375	833.062	250540
07/04/2016	818.532	834.03	818.532	823.375	192930
07/01/2016	822.406	827.25	813.204	817.563	166120
06/30/16	823.375	837.905	820.469	822.406	390130
06/29/16	823.375	823.375	816.594	823.375	234590
06/28/16	823.375	827.734	814.657	818.532	122580
06/27/16	802.064	826.765	794.315	823.375	395220
06/24/16	832.093	840.811	803.033	823.375	292020
06/23/16	842.749	843.233	819.5	820.469	222900
06/22/16	826.765	842.749	826.281	842.749	376740
06/21/16	813.688	826.765	813.688	823.375	1130610
06/20/16	812.72	826.765	810.782	814.657	340700
06/17/16	812.72	818.532	809.329	812.72	281850
06/16/16	794.315	808.845	792.377	804.97	306050
06/15/16	784.628	799.158	783.659	794.315	274730
06/14/16	794.315	794.315	783.175	786.565	414100
06/13/16	802.064	802.064	775.91	799.158	576650
06/10/2016	789.471	811.751	789.471	804.001	275920
06/09/2016	823.375	823.375	797.221	797.221	189030
06/08/2016	830.156	833.062	826.765	828.218	425740
06/07/2016	831.124	838.874	827.25	828.218	365270
06/06/2016	818.532	833.062	818.047	828.218	608500
06/03/2016	819.5	823.375	813.688	818.532	117780
06/02/2016	818.532	823.375	813.688	817.563	206850
06/01/2016	821.922	830.156	815.626	818.532	277560
05/31/16	815.626	831.124	806.908	819.985	2477670
05/30/16	802.064	809.814	799.642	804.486	355520
05/27/16	804.001	812.72	803.033	804.97	408870
05/26/16	808.845	812.72	797.221	804.001	283000
05/25/16	799.158	823.859	799.158	806.908	610580
05/24/16	778.816	801.58	778.816	794.315	477740
05/23/16	772.519	790.44	772.519	778.816	219840
05/20/16	781.722	793.83	765.254	769.129	382330
05/19/16	818.532	818.532	779.785	780.753	409720
05/18/16	807.876	823.375	804.001	813.688	431990
05/17/16	804.97	810.782	802.064	808.845	661110
05/16/16	801.58	813.688	796.252	805.939	663290
05/13/16	775.91	813.688	775.91	802.064	1186260
05/12/2016	764.77	765.254	755.568	761.864	405430
05/11/2016	743.944	772.035	743.944	764.77	1197010
05/10/2016	702.29	740.069	700.353	740.069	405660
05/06/2016	710.04	711.977	705.196	711.977	312990
05/05/2016	711.977	714.399	709.556	710.04	258050
05/04/2016	719.727	724.57	711.009	724.57	202460
05/03/2016	736.194	744.912	721.664	721.664	214490
05/02/2016	737.163	741.038	726.992	736.194	165840
04/29/16	745.881	747.334	736.194	746.85	212740
04/28/16	750.724	755.568	741.038	747.818	325370
04/27/16	755.568	756.052	742.006	751.693	325530
04/26/16	758.958	759.442	748.303	753.63	394570
04/25/16	761.38	761.38	751.693	760.411	138320
04/22/16	761.38	766.223	755.083	762.348	228590
04/21/16	749.271	761.38	743.944	761.38	348620
04/20/16	755.568	755.568	740.069	749.271	341320
04/19/16	755.568	756.536	751.693	755.083	254040
04/18/16	755.568	755.568	742.975	755.568	268020
04/15/16	755.568	757.505	743.944	757.505	430140
04/14/16	748.787	755.568	747.818	755.568	471060
04/13/16	753.146	755.568	748.787	749.756	388050
04/12/2016	736.194	753.63	731.351	753.63	522320
04/11/2016	720.211	736.194	718.274	736.194	241210
04/08/2016	726.507	726.507	712.462	722.148	340110
04/07/2016	719.727	732.804	719.727	732.804	177070
04/06/2016	719.727	723.601	716.821	720.211	60920
04/05/2016	736.194	736.194	719.727	719.727	123430
04/04/2016	733.288	740.069	726.507	726.507	222410
04/01/2016	725.539	733.288	716.821	733.288	288060
03/31/16	712.462	726.507	705.196	726.507	706170
03/30/16	721.664	730.382	711.493	711.493	289690
03/29/16	721.664	731.351	716.821	718.758	183170
03/28/16	719.727	735.225	716.336	731.351	409470
03/23/16	725.539	725.539	713.915	718.758	443710
03/22/16	724.086	728.929	721.664	726.023	271250
03/21/16	718.758	730.382	711.009	724.086	619400
03/18/16	716.821	736.194	713.915	713.915	688700
03/17/16	712.462	728.445	711.977	716.821	523080
03/16/16	725.539	726.023	709.556	711.977	303730
03/15/16	735.71	736.194	720.211	726.023	411430
03/14/16	733.288	741.038	726.507	735.71	391390
03/11/2016	730.382	736.678	730.382	733.288	499300
03/10/2016	715.368	739.584	715.368	730.866	538870
03/09/2016	702.29	720.695	702.29	714.883	483490
03/08/2016	687.76	702.29	687.76	702.29	143870
03/07/2016	711.493	714.883	687.76	697.447	145720
03/04/2016	714.883	715.852	707.134	711.493	267260
03/03/2016	692.604	716.336	690.666	711.977	552940
03/02/2016	668.871	691.635	668.871	687.76	502510
03/01/2016	663.543	668.387	663.059	668.387	196790
02/29/16	668.387	677.589	666.449	667.418	341740
02/26/16	668.387	668.387	658.7	665.481	278480
02/24/16	671.293	677.589	668.387	673.23	385170
02/23/16	674.199	679.042	674.199	677.589	195540
02/22/16	672.261	675.168	670.808	674.199	182110
02/19/16	668.871	673.23	666.934	671.777	217310
02/18/16	677.589	680.011	673.23	673.23	397610
02/17/16	664.512	678.074	664.512	677.589	235370
02/16/16	671.293	679.042	670.324	674.683	348470
02/15/16	671.293	673.23	658.7	670.324	276950
02/12/2016	666.449	669.355	658.7	667.902	90560
02/11/2016	664.028	676.136	649.013	669.355	140090
02/10/2016	658.7	665.481	651.435	663.543	241460
02/09/2016	665.481	667.418	647.076	663.543	232860
02/05/2016	656.763	675.168	656.763	672.746	515780
02/04/2016	634.483	656.763	633.03	656.763	340650
02/03/2016	649.013	649.013	629.155	634.483	433050
02/02/2016	649.013	657.247	649.013	649.498	217160
02/01/2016	658.7	662.575	639.326	649.013	338820
01/29/16	661.606	661.606	649.013	658.216	701220
01/28/16	657.731	658.7	644.17	649.013	246600
01/27/16	629.64	658.7	626.249	658.7	280710
01/26/16	621.89	625.765	606.391	618.016	291590
01/25/16	615.11	638.358	615.11	638.358	523460
01/22/16	587.018	609.298	587.018	593.799	314080
01/21/16	597.673	600.579	581.206	581.206	585330
01/20/16	628.671	628.671	596.705	596.705	381780
01/19/16	629.64	636.42	624.312	628.671	126660
01/18/16	644.17	644.17	616.078	623.828	455670
01/15/16	663.543	663.543	649.013	649.013	201180
01/14/16	643.201	659.669	641.264	647.076	168460
01/13/16	651.919	660.637	649.013	649.013	392800
01/12/2016	649.013	671.293	639.326	639.326	400510
01/11/2016	668.387	668.387	639.326	644.17	468350
01/08/2016	679.042	695.51	678.074	678.074	413700
01/07/2016	709.071	710.04	686.792	686.792	348160
01/06/2016	728.929	728.929	709.071	709.071	241490
01/05/2016	726.507	731.835	718.274	718.758	179940
01/04/2016	732.319	740.069	732.319	732.319	147060
12/29/15	730.382	736.678	727.476	732.319	263880
12/28/15	716.821	734.257	716.821	726.507	113930
12/23/15	740.553	740.553	733.288	735.225	114480
12/22/15	724.57	739.584	720.211	733.288	175700
12/21/15	721.664	725.539	716.821	718.274	103890
12/18/15	733.288	733.288	715.852	724.086	212080
12/17/15	733.288	738.131	732.319	735.225	139470
12/16/15	713.915	734.741	713.915	733.288	336250
12/15/15	712.462	713.43	709.071	711.493	289740
12/14/15	702.29	711.977	698.416	711.977	199720
12/11/2015	705.196	709.071	701.806	702.29	293650
12/10/2015	707.134	711.009	702.29	702.29	319530
12/09/2015	708.103	711.977	702.29	705.196	211510
12/08/2015	709.071	711.493	707.134	707.134	319890
12/07/2015	716.821	727.96	707.618	711.009	193930
12/04/2015	719.727	720.695	710.524	712.946	332300
12/03/2015	733.288	733.288	713.915	720.695	137870
12/02/2015	731.351	741.038	728.929	733.288	108060
12/01/2015	715.852	746.85	715.852	745.881	509260
11/27/15	734.741	736.194	718.274	719.727	699140
11/26/15	735.225	735.225	729.413	731.351	296610
11/25/15	738.616	741.038	723.601	726.507	571730
11/24/15	742.006	742.006	728.445	738.616	224800
11/23/15	729.413	742.006	727.476	741.038	267100
11/20/15	726.507	732.319	726.507	732.319	462050
11/17/15	726.992	733.288	724.086	731.351	222870
11/16/15	723.117	726.507	710.524	725.539	184450
11/13/15	706.649	735.225	706.649	735.225	381880
11/12/2015	732.319	745.881	706.165	706.165	288250
11/11/2015	739.1	743.459	725.054	725.539	156130
11/10/2015	742.006	745.881	737.647	742.975	291450
11/09/2015	761.38	761.38	741.038	743.944	101930
11/06/2015	765.254	765.254	760.411	761.864	232330
11/05/2015	751.693	765.254	749.756	762.348	192180
11/04/2015	753.63	764.77	746.85	764.77	160530
11/03/2015	762.348	767.192	745.881	753.63	133140
11/02/2015	764.286	764.77	760.411	762.348	446150
10/30/15	755.568	757.989	750.724	755.568	544530
10/29/15	765.254	768.645	752.662	755.568	412370
10/28/15	760.411	768.16	753.63	753.63	203350
10/27/15	753.63	765.254	745.881	760.411	626250
10/26/15	751.693	765.254	751.693	759.442	391930
10/23/15	742.006	752.662	742.006	749.756	317260
10/22/15	734.741	739.1	733.288	735.225	201140
10/21/15	731.351	739.1	731.351	734.741	91040
10/20/15	736.194	736.194	729.413	731.351	102660
10/19/15	727.96	734.257	722.633	729.413	151860
10/16/15	742.975	742.975	723.601	727.96	394640
10/15/15	726.507	734.741	726.507	731.351	161090
10/14/15	734.257	748.787	726.507	726.507	77620
10/13/15	750.724	750.724	728.445	733.288	391880
10/12/2015	750.24	750.724	745.881	750.724	130410
10/09/2015	752.177	752.177	738.131	750.724	295740
10/08/2015	747.818	755.568	747.818	750.724	369100
10/07/2015	741.038	745.881	730.382	745.881	302410
10/06/2015	737.647	747.818	737.647	742.975	379960
10/05/2015	733.288	746.365	726.507	737.163	669460
10/02/2015	745.881	745.881	725.539	732.319	214720
10/01/2015	726.507	750.724	726.507	733.772	192900
09/30/15	726.507	742.975	719.727	742.975	485260
09/29/15	716.821	721.664	709.556	721.664	185770
09/28/15	721.664	726.507	719.727	720.695	139880
09/24/15	736.194	736.194	711.977	716.821	461720
09/23/15	752.662	752.662	726.507	735.71	283700
09/22/15	754.599	756.536	747.818	752.662	131300
09/21/15	762.348	762.348	745.881	754.599	129150
09/18/15	748.787	758.958	746.85	757.505	380600
09/17/15	737.163	745.881	737.163	745.881	291790
09/16/15	728.445	742.975	728.445	737.163	570610
09/15/15	726.023	726.507	722.633	725.539	334250
09/14/15	716.821	726.023	707.134	726.023	301440
09/11/2015	719.727	719.727	705.196	705.196	114400
09/10/2015	721.664	724.57	703.259	707.134	292590
09/09/2015	708.103	721.664	708.103	718.758	573310
09/08/2015	702.29	711.977	697.447	704.712	340040
09/07/2015	725.054	725.054	702.29	702.29	150560
09/04/2015	726.507	732.319	722.148	725.054	184290
09/03/2015	736.194	736.194	728.929	736.194	249740
09/02/2015	716.821	736.194	702.29	736.194	368170
09/01/2015	702.29	732.319	702.29	731.351	862320
08/28/15	707.134	721.664	704.712	714.883	512340
08/27/15	707.134	707.134	694.541	702.29	661950
08/26/15	697.931	707.134	673.23	686.792	815550
08/25/15	677.105	701.322	673.23	694.541	787130
08/24/15	720.695	720.695	678.074	682.433	1007480
08/20/15	743.459	747.818	731.351	731.351	280980
08/19/15	744.912	749.756	741.038	746.85	128190
08/18/15	737.163	745.881	737.163	745.881	142590
08/17/15	737.163	742.975	732.804	736.194	129200
08/14/15	735.225	742.975	730.382	735.225	198800
08/13/15	739.1	741.038	727.476	731.351	431350
08/12/2015	745.397	746.85	737.163	739.584	272420
08/11/2015	747.818	759.442	744.912	751.693	110520
08/10/2015	745.397	755.568	743.944	745.881	226460
08/07/2015	765.739	765.739	745.397	745.397	273660
08/06/2015	769.129	773.973	762.348	764.286	113850
08/05/2015	761.38	770.098	760.411	769.129	138240
08/04/2015	756.536	763.317	755.568	760.411	229520
08/03/2015	762.348	770.098	752.662	770.098	329160
07/31/15	746.365	774.941	745.881	755.568	432180
07/30/15	742.975	749.756	742.975	742.975	247330
07/29/15	746.85	749.756	743.944	746.85	269270
07/28/15	748.787	749.756	745.397	746.85	310020
07/27/15	762.348	762.348	746.85	750.724	153720
07/24/15	752.662	767.192	750.724	762.348	508990
07/23/15	743.944	755.568	743.944	752.662	154360
07/22/15	755.568	757.505	749.756	756.536	427800
07/21/15	741.038	755.568	737.163	755.568	209080
07/20/15	743.944	744.912	731.835	734.257	555860
07/16/15	743.944	744.912	738.131	739.1	231310
07/15/15	745.881	747.818	742.975	743.944	298930
07/14/15	736.194	749.756	736.194	744.912	335520
07/13/15	725.539	740.069	724.57	731.351	360470
07/10/2015	726.507	733.288	722.148	723.601	468910
07/09/2015	722.633	726.992	721.664	725.539	562350
07/08/2015	726.507	729.898	722.633	723.117	368440
07/07/2015	739.1	745.881	724.57	724.57	568140
07/06/2015	754.599	754.599	737.647	739.1	138240
07/03/2015	753.63	756.536	747.818	747.818	180850
07/02/2015	755.568	764.286	754.115	754.599	334440
07/01/2015	750.724	763.317	745.881	763.317	286550
06/30/15	741.038	765.254	741.038	765.254	725780
06/29/15	764.77	764.77	746.85	754.599	358730
06/26/15	765.254	765.739	760.411	764.77	202710
06/25/15	773.004	773.004	760.411	765.254	206930
06/24/15	773.973	774.457	766.707	773.004	273050
06/23/15	768.16	773.004	762.348	768.16	206340
06/22/15	773.973	773.973	738.616	767.192	159250
06/19/15	774.457	776.879	773.488	774.457	317590
06/18/15	760.411	777.847	757.505	774.457	516140
06/17/15	751.209	755.568	750.724	755.568	229260
06/16/15	748.303	751.693	744.912	750.724	230210
06/15/15	731.351	752.662	731.351	748.303	258690
06/11/2015	735.225	745.397	727.96	742.975	236110
06/10/2015	725.539	726.507	716.821	723.601	199470
06/09/2015	732.319	736.194	712.946	725.539	316650
06/08/2015	746.365	747.818	732.319	736.194	327740
06/05/2015	741.038	750.724	735.225	746.365	172370
06/04/2015	751.693	751.693	731.351	742.491	746110
06/03/2015	755.568	755.568	748.787	751.693	446780
06/02/2015	764.286	764.286	752.662	755.568	434550
06/01/2015	772.519	775.91	750.724	774.941	217900
05/29/15	750.724	778.332	750.724	765.254	536130
05/28/15	777.847	777.847	745.881	755.568	612820
05/27/15	781.238	781.238	771.066	777.847	340180
05/26/15	781.722	781.722	772.035	781.238	305380
05/25/15	785.112	785.112	780.269	780.753	387210
05/22/15	793.346	793.346	783.175	785.112	190600
05/21/15	793.346	793.346	789.471	791.409	175770
05/20/15	781.722	796.252	781.238	793.346	300590
05/19/15	791.893	791.893	775.91	781.238	237550
05/18/15	795.283	797.221	784.628	790.924	190650
05/15/15	784.628	797.705	784.628	795.283	379800
05/14/15	774.941	791.893	774.941	784.628	438850
05/13/15	774.941	778.816	763.317	775.426	135870
05/12/2015	772.035	779.785	765.739	777.847	258310
05/11/2015	779.785	784.628	774.457	779.3	77970
05/08/2015	783.175	783.175	774.941	779.785	141210
05/07/2015	773.973	783.659	765.254	783.175	166170
05/06/2015	774.941	787.534	765.254	786.565	559430
05/05/2015	771.066	775.91	771.066	775.91	461080
05/04/2015	755.568	771.066	753.63	771.066	370380
04/30/15	769.129	773.973	750.724	755.568	1130320
04/29/15	774.941	774.941	752.662	769.129	530360
04/28/15	772.519	774.941	770.098	774.941	577450
04/27/15	767.676	774.941	767.192	774.941	423280
04/24/15	765.254	770.098	764.286	770.098	609820
04/23/15	745.881	770.098	745.397	768.16	279120
04/22/15	746.365	747.818	741.038	742.975	266390
04/21/15	769.129	769.129	737.163	745.881	551840
04/20/15	758.958	763.801	736.194	755.568	838730
04/17/15	773.973	773.973	762.348	768.16	390150
04/16/15	755.568	770.098	755.568	770.098	400550
04/15/15	772.035	773.488	761.864	766.223	580060
04/14/15	772.035	776.394	771.551	773.488	866430
04/13/15	778.816	780.753	772.519	774.941	595440
04/10/2015	765.254	777.847	765.254	775.426	631330
04/08/2015	775.426	781.238	767.192	774.941	518360
04/07/2015	775.91	779.3	774.457	775.426	316890
04/06/2015	770.098	778.332	770.098	774.941	482440
04/01/2015	772.035	774.941	769.613	773.973	581600
03/31/15	769.129	773.488	762.348	770.098	1250470
03/30/15	762.348	774.941	762.348	768.645	649490
03/27/15	755.568	756.052	752.662	755.568	529290
03/26/15	745.881	755.568	741.038	755.568	436490
03/25/15	745.881	749.756	741.038	745.881	380420
03/24/15	745.881	752.662	727.476	744.912	457430
03/23/15	752.662	753.63	745.397	745.881	242780
03/20/15	746.85	751.693	744.428	745.881	456810
03/19/15	737.163	752.662	737.163	745.881	667230
03/18/15	729.413	738.131	729.413	736.194	488800
03/17/15	727.476	733.288	720.695	729.413	808180
03/16/15	733.288	733.772	725.539	727.476	1448460
03/13/15	730.382	734.257	728.445	734.257	561510
03/12/2015	717.789	734.257	717.789	730.382	845880
03/11/2015	715.852	723.601	710.04	721.664	389140
03/10/2015	709.071	719.727	707.618	717.789	557030
03/09/2015	709.071	711.009	697.447	709.071	374060
03/06/2015	707.134	709.556	707.134	709.071	323320
03/05/2015	711.493	711.493	694.541	705.681	546620
03/04/2015	703.259	711.977	703.259	711.977	250770
03/03/2015	701.806	705.196	699.384	701.322	484770
03/02/2015	694.541	702.29	694.541	702.29	276610
02/27/15	711.009	711.009	692.604	694.541	804090
02/26/15	717.789	718.274	697.447	706.649	390800
02/25/15	718.758	719.242	711.977	714.883	194730
02/24/15	716.821	721.664	716.821	718.274	340170
02/23/15	719.727	721.18	714.399	716.821	394610
02/20/15	714.399	721.18	714.399	719.727	293990
02/18/15	707.618	714.399	707.618	713.43	192470
02/17/15	709.556	709.556	706.649	707.134	267470
02/16/15	707.134	711.977	704.228	707.134	260270
02/13/15	704.712	711.977	704.712	706.649	358490
02/12/2015	707.134	707.134	703.259	704.712	297690
02/11/2015	697.447	706.165	697.447	701.322	407250
02/10/2015	707.134	707.134	694.541	696.478	151390
02/09/2015	707.134	711.009	700.353	705.196	262860
02/06/2015	697.447	707.134	695.51	707.134	331330
02/05/2015	706.165	706.165	695.994	700.353	254150
02/04/2015	698.9	707.134	698.9	707.134	432830
02/03/2015	689.698	701.322	689.698	692.604	113120
02/02/2015	703.743	717.789	680.98	692.604	297770
01/30/15	697.447	709.071	695.51	703.743	414980
01/29/15	695.51	709.071	692.604	694.541	309700
01/28/15	699.384	699.869	692.604	697.447	217190
01/27/15	697.447	701.806	695.025	699.384	245590
01/26/15	696.478	699.384	688.729	697.447	140860
01/23/15	674.683	696.478	674.683	696.478	543480
01/22/15	680.011	681.948	671.777	672.746	576550
01/21/15	682.917	691.635	675.652	680.011	453480
01/20/15	687.76	687.76	678.558	679.042	254600
01/19/15	688.729	689.698	681.948	688.729	157640
01/14/15	693.572	701.806	688.729	688.729	352870
01/13/15	690.666	696.963	690.666	693.572	348180
01/12/2015	691.635	691.635	682.917	687.76	134570
01/09/2015	697.447	697.931	692.119	692.604	456750
01/08/2015	679.042	691.635	679.042	687.76	437020
01/07/2015	679.042	683.886	671.293	679.527	290580
01/06/2015	673.23	682.433	672.746	679.042	403100
01/05/2015	676.621	677.105	670.808	675.168	342780
