AEV 1216

12/27/19	52	52.5	51.5	51.5	1103790
12/26/19	51	52.1	51	51.95	478420
12/23/19	51.65	52	50.15	52	1811520
12/20/19	50.1	51.55	49.7	51.55	2478250
12/19/19	51.4	51.4	49.55	50.95	1734250
12/18/19	51.5	51.5	49.8	51	593180
12/17/19	49.95	50.65	48.7	50.65	1448800
12/16/19	51.85	52.35	49.8	49.8	1052390
12/13/19	51.15	52.45	50.95	52.4	2023480
12/12/2019	51.8	51.8	50.5	51.1	2466810
12/11/2019	51.95	51.95	50	51.5	715370
12/10/2019	50.6	51.35	50.15	51.1	447410
12/09/2019	52.65	52.65	51.4	51.4	680190
12/06/2019	51.95	52.8	51.05	52.8	1801070
12/05/2019	50.05	52.35	49.65	52.35	2386590
12/04/2019	49.7	50.05	49.6	50.05	2216600
12/03/2019	49.2	50.5	49.2	49.75	1142400
12/02/2019	48.95	49.8	48.95	49.8	814600
11/29/19	48.25	49.5	48.25	48.95	1883600
11/28/19	49	49.4	48.05	48.95	1965600
11/27/19	49.85	49.9	48.9	49	4838800
11/26/19	50.4	51.2	48.95	48.95	26159199
11/25/19	50.35	50.7	49.95	49.95	714020
11/22/19	51.85	51.85	50.1	50.75	925590
11/21/19	50.75	51.9	50.5	51.9	659120
11/20/19	52.6	52.6	50.8	50.8	849050
11/19/19	51.25	52.25	51.2	51.2	942870
11/18/19	52.95	54.5	51.2	51.2	665800
11/15/19	52.5	53	51.7	53	1389390
11/14/19	54.05	54.05	52.4	52.8	1339490
11/13/19	54.25	55	54.05	54.4	654550
11/12/2019	54.4	55.1	54.2	55	891600
11/11/2019	56.9	56.9	54.4	54.9	1022220
11/08/2019	55.35	56	54.4	56	535420
11/07/2019	54.4	55.3	54.3	55.3	537460
11/06/2019	56.5	56.95	54.4	54.4	929800
11/05/2019	56.5	56.85	55.6	56.6	2079490
11/04/2019	55.9	56.55	55.3	56.55	756500
10/31/19	55	55.95	54.6	55.95	1399040
10/30/19	55	55	54.5	54.95	593500
10/29/19	54.7	55	54.55	55	618710
10/28/19	54.7	55	54.4	55	1039250
10/25/19	54.85	54.85	54.5	54.7	298380
10/24/19	54.5	55	54.5	54.95	836280
10/23/19	54.85	54.85	54.35	54.85	708270
10/22/19	53.75	54.85	53.45	54.85	915870
10/21/19	53.6	53.75	53.45	53.5	1273440
10/18/19	54.3	54.3	53.5	53.6	217420
10/17/19	53.95	54.3	53.3	54.3	506460
10/16/19	53.1	53.95	53.1	53.95	657700
10/15/19	53.5	53.55	53.05	53.5	216650
10/14/19	53.5	53.85	53.2	53.55	236390
10/11/2019	52.4	53.8	51.9	53.2	674240
10/10/2019	54	54	51.9	51.9	340860
10/09/2019	53.85	53.95	53	53	695030
10/08/2019	53	54.9	53	54.9	980960
10/07/2019	54.5	54.5	52.6	54	453420
10/04/2019	51.05	54.5	51.05	54.5	693730
10/03/2019	52.4	52.4	50.9	52	615740
10/02/2019	53.2	53.5	52.3	52.5	512840
10/01/2019	53.2	53.6	52.1	53.6	1048860
09/30/19	53.5	54.1	53.05	53.05	913820
09/27/19	54	54.35	53.5	53.5	505330
09/26/19	54.8	54.8	53.5	54.1	477470
09/25/19	54.85	54.85	53.5	54.55	616330
09/24/19	55.75	55.75	54.55	54.55	784210
09/23/19	55.5	55.75	54.35	55.65	436080
09/20/19	54.85	55.6	54.1	55.6	2317350
09/19/19	54.5	54.9	53.8	54.9	599960
09/18/19	54.7	54.7	53.85	54.6	727730
09/17/19	54.45	54.8	53.6	54.75	775350
09/16/19	53.55	54.7	53.05	54.7	1378220
09/13/19	53.35	54.2	53.3	54.2	863930
09/12/2019	53.5	53.9	52.8	53.25	637990
09/11/2019	53	53.75	52.7	53	1174220
09/10/2019	52.8	53	52.55	52.8	799710
09/09/2019	52.2	52.7	51.75	52.7	215730
09/06/2019	52.7	53.1	52.4	52.4	773920
09/05/2019	52.7	53.3	52	53	972730
09/04/2019	52.85	53.95	52	52.7	1074600
09/03/2019	53.1	53.5	52.85	53.1	1064860
09/02/2019	53	53.9	52.45	53.1	2280790
08/30/19	52	53.9	52	53.9	3207590
08/29/19	51.7	52.3	50.45	52	2750980
08/28/19	49.9	51.7	49.9	51.7	1870350
08/27/19	51.25	51.25	50	50	5029290
08/23/19	50.5	51.75	50.05	51.3	1099230
08/22/19	50.55	51.35	50	50.5	1433640
08/20/19	51.7	51.8	50.55	50.7	681420
08/19/19	49.55	51.8	49	51.8	1404500
08/16/19	49.25	49.9	48.55	49.5	1596800
08/15/19	48	49.25	47.9	49.25	2007700
08/14/19	51	51	49.3	49.45	1473200
08/13/19	49.85	51.5	49	51.5	2135900
08/09/2019	49.95	51.4	49.85	49.85	1380800
08/08/2019	50.2	51	49.95	49.95	783100
08/07/2019	49.7	51.6	49.7	49.95	1166500
08/06/2019	51	51	49.1	49.7	2494310
08/05/2019	52.6	53.1	51.25	51.25	2014990
08/02/2019	52.3	53.3	52.25	52.6	1196700
08/01/2019	52.5	53.4	52.3	52.5	1210890
07/31/19	53.75	54.7	52.55	53	1761030
07/30/19	55.5	55.5	53.95	53.95	930750
07/29/19	56.5	56.5	54.25	55.5	1080020
07/26/19	57.75	57.75	56	56	730580
07/25/19	56.6	57.8	55.8	57.8	612300
07/24/19	56	56.95	55.3	56	483360
07/23/19	57	57.2	56.2	56.55	5937470
07/22/19	56.4	57	56.05	57	1145900
07/19/19	57.9	57.9	57.3	57.65	1170040
07/18/19	56.35	57.15	56.35	56.5	963450
07/17/19	58.4	58.4	56.2	56.2	424850
07/16/19	59.5	59.5	57.2	57.2	823360
07/15/19	56	59.5	56	59.5	1073670
07/12/2019	56.8	57.1	56	56	1090530
07/11/2019	56.2	57	55.25	56.2	761730
07/10/2019	55.05	56	54	56	612560
07/09/2019	55	55.45	54.65	55.05	626770
07/08/2019	55.7	55.75	54.55	55	626840
07/05/2019	56	56	55	55.5	1897380
07/04/2019	56.1	56.3	55.1	55.1	326080
07/03/2019	55.8	56.45	55.6	56	1943300
07/02/2019	54.75	55.5	54.2	55.45	799350
07/01/2019	55	55	53.9	54.75	385790
06/28/19	55	55.9	53.8	55	861200
06/27/19	54.5	55.9	54.45	55	1383150
06/26/19	55.4	55.4	54.05	54.5	773750
06/25/19	55.5	55.8	54.9	55.4	557970
06/24/19	55.25	55.6	54.85	54.85	519650
06/21/19	55	55.05	53.9	54.85	1863320
06/20/19	54.2	54.95	53.7	54.9	478230
06/19/19	54.05	54.9	53.7	53.7	1426760
06/18/19	54.05	55	53.6	55	891270
06/17/19	55	55.25	54	54.05	972350
06/14/19	56.15	56.15	54.6	55	1388550
06/13/19	55.2	55.6	55	55.4	2152080
06/11/2019	55.7	56.5	54.8	55.45	728710
06/10/2019	55.3	56.7	54.45	55.7	724650
06/07/2019	54.8	55.35	54.15	55.35	458450
06/06/2019	54.4	54.75	54.15	54.55	554140
06/04/2019	56.7	56.7	54.1	54.5	1025230
06/03/2019	55.9	57.8	55.2	55.4	1472300
05/31/19	54.5	55.9	54.5	55.9	1150070
05/30/19	54.8	55.35	54.05	54.5	1181280
05/29/19	54.2	55.4	53.35	54.8	1664720
05/28/19	54.35	55.85	53.35	54.15	17478789
05/27/19	52.05	54.4	52.05	54.4	673930
05/24/19	52.25	53.5	50.2	52.7	1310260
05/23/19	52.05	52.55	51	52.3	1015500
05/22/19	50.2	55.5	49.4	51.8	2596000
05/21/19	50.5	51.3	49.7	49.8	1390610
05/20/19	48	50.35	48	50.25	1866700
05/17/19	47	49	47	48.05	1506800
05/16/19	47	47.5	46.95	47	2954300
05/15/19	46.85	48	46.7	46.7	2754700
05/14/19	48.2	49.95	46.7	46.7	4125800
05/10/2019	51	51.2	48.6	48.6	3521790
05/09/2019	52.55	53	50.8	51.2	3292440
05/08/2019	52	53.05	50.8	53.05	1519110
05/07/2019	53	53	52.55	52.55	1916380
05/06/2019	52	53	52	52.55	2323800
05/03/2019	54	54.95	52	52	893500
05/02/2019	55.95	56	54	54	1230110
04/30/19	55.1	56.65	55.1	55.6	754520
04/29/19	54.8	56.8	54.05	56.8	956380
04/26/19	54.5	55.05	52.5	55	758070
04/25/19	55.15	56.1	54	54	1299830
04/24/19	55.05	56.35	55.05	55.85	1483230
04/23/19	55	56.35	54.5	56.35	791600
04/22/19	54.85	55.5	54.6	55	395000
04/17/19	56.7	56.7	54.5	55	560080
04/16/19	56.6	57.8	55.8	55.8	529480
04/15/19	59	59	56	56	1215110
04/12/2019	59.2	59.75	58.95	59	171170
04/11/2019	59.75	60.95	59.2	59.2	428100
04/10/2019	60.2	60.95	59.95	60.95	772230
04/08/2019	60.4	60.6	59.95	60	643200
04/05/2019	60.25	60.6	59	59.95	342130
04/04/2019	60	60.25	59	60.25	5169190
04/03/2019	59.6	60	59.25	60	876500
04/02/2019	59.9	59.9	58.6	59.25	1557530
04/01/2019	58.9	59.9	58.75	59.8	493490
03/29/19	59	59.1	58.1	58.95	651590
03/28/19	59.2	59.2	58	58	503550
03/27/19	58.75	59.5	57.6	58.7	417490
03/26/19	59.2	59.3	57.75	58.75	582540
03/25/19	59.55	59.55	57	59.15	816700
03/22/19	59.35	60.5	58.5	59.55	1019050
03/21/19	57.75	59.5	56.55	58.5	1775580
03/20/19	58.4	58.4	56.2	56.2	843420
03/19/19	58	58.75	57.95	58.4	640720
03/18/19	56.9	58	55.75	58	582910
03/15/19	58.35	58.35	56.95	56.95	4147040
03/14/19	58.95	58.95	57.7	58.35	1973770
03/13/19	57.6	59.25	57.6	58.95	2226770
03/12/2019	57.2	58.1	57.1	58	3157370
03/11/2019	58.85	59.05	56.9	56.9	1844930
03/08/2019	59.5	59.5	58.75	58.8	950040
03/07/2019	58.6	60	58.6	58.65	2094010
03/06/2019	58.8	60	58.35	58.6	1931480
03/05/2019	59.9	60	58.4	58.9	1941080
03/04/2019	59	59.95	58.6	59.8	1346780
03/01/2019	61	61.85	58.5	60	2149460
02/28/19	63.4	63.4	61	61	2609410
02/27/19	63.8	64.2	62.5	63	994720
02/26/19	64.5	64.6	63.15	64.6	823100
02/22/19	63.5	64.5	62.7	64.5	663630
02/21/19	63.15	64.4	62.6	63	1005770
02/20/19	62.2	65.15	62.2	64.5	862880
02/19/19	63.55	63.6	62.1	62.15	1867170
02/18/19	65.4	65.4	63.55	63.55	679270
02/15/19	63	66	62.4	66	2127800
02/14/19	63.9	63.9	62.5	62.55	769070
02/13/19	63.95	63.95	62.7	63	572790
02/12/2019	64	64.3	62.65	63.95	794620
02/11/2019	63	64.5	62.5	64	864930
02/08/2019	63	64.05	62.5	62.5	1059000
02/07/2019	61.9	63.6	61.9	63.2	456300
02/06/2019	62.5	64.35	61.75	61.75	906320
02/04/2019	64	64.95	62.1	62.3	932230
02/01/2019	64.35	66	64	64	1230130
01/31/19	64.4	66.55	64	64.25	1924040
01/30/19	64.15	65.7	63.05	64	1042290
01/29/19	65	65.5	63.35	64	1941130
01/28/19	64.7	65.8	63	63	1117720
01/25/19	67	67	62.3	62.3	2428360
01/24/19	66.9	67.45	65	65	2191980
01/23/19	64.7	65	64	65	1174140
01/22/19	66.75	68.9	66	66	1362490
01/21/19	67.9	69.5	66.6	66.6	629600
01/18/19	66	68.65	65.95	67.9	2566800
01/17/19	64.8	66	63	66	1112350
01/16/19	64.7	64.8	60.7	64.8	1042460
01/15/19	64.4	64.8	63.1	64.8	1392310
01/14/19	60.7	64.4	59.1	64.4	1561530
01/11/2019	62.1	63	60	60	939200
01/10/2019	61	62.6	60.1	61.6	3007220
01/09/2019	58.2	61	57.4	61	2684420
01/08/2019	58	58.6	57.2	57.2	819970
01/07/2019	58.25	59.2	57.2	57.2	1020350
01/04/2019	55.7	59.55	55.7	57	1866700
01/03/2019	54.75	56.5	53.35	56.5	1028870
01/02/2019	55	56	52.3	53.2	648730
12/28/18	55.8	55.8	54.65	55	663970
12/27/18	56.5	56.5	54.65	55	1814180
12/26/18	55.5	56.8	53.65	55.4	549710
12/21/18	56.8	56.9	55	56	1820520
12/20/18	54.35	56.95	53.5	56.9	880460
12/19/18	52.5	55.5	51.8	54.5	1706870
12/18/18	54.5	54.8	51.65	51.65	1081480
12/17/18	55.5	55.7	54.6	54.9	661070
12/14/18	54.45	56	53.05	56	973850
12/13/18	53.7	55	52.6	55	784330
12/12/2018	51.9	53.9	51	53.9	297860
12/11/2018	51	51.85	50.9	51.6	461550
12/10/2018	50.3	51.35	50.3	50.6	668480
12/07/2018	53.45	53.45	50.3	50.3	1009550
12/06/2018	54	54.65	52.5	52.75	10472980
12/05/2018	53.3	53.9	52.05	53.6	10964830
12/04/2018	53	54.75	51.9	54.45	11295570
12/03/2018	54	54	51.15	52.9	1181640
11/29/18	54.5	56.75	51.9	52.2	14084830
11/28/18	55.55	55.55	53	54.5	1213800
11/27/18	53.5	56	52.15	55.55	1757940
11/26/18	48.15	55	48.15	53.5	1573000
11/23/18	48.75	48.75	48.15	48.15	309700
11/22/18	49.35	49.35	48.15	48.7	552200
11/21/18	47.95	49.5	46.4	49.5	1762100
11/20/18	46	48	45.7	48	754900
11/19/18	47	47.3	45.55	46.85	1130600
11/16/18	46.5	46.95	45.1	46.3	2005200
11/15/18	45.3	46.45	44.5	45.9	157600
11/14/18	44.1	46.5	44.1	45.4	954800
11/13/18	45	45.35	44	45.35	1930500
11/12/2018	47	47	45	45	944700
11/09/2018	46.5	47	45.6	47	912500
11/08/2018	46.5	47	45.6	46.5	1105000
11/07/2018	47	47	45.6	46.4	594900
11/06/2018	46.8	47.9	45.95	47.4	561900
11/05/2018	47	48	45.2	46.8	625600
10/31/18	45.95	47	44.1	47	2428900
10/30/18	46.45	46.45	44.85	44.85	374700
10/29/18	45.15	46.1	44.7	46.1	530400
10/26/18	46	46	45.1	45.15	442500
10/25/18	47.25	47.25	45.45	45.7	824800
10/24/18	48.25	48.75	47.1	47.1	569200
10/23/18	48.9	49	47.75	48.35	848400
10/22/18	46.3	49.2	46.3	47.7	1074000
10/19/18	47	47.8	46.05	47.8	872100
10/18/18	45.45	47	45.45	47	1010200
10/17/18	45.7	47.4	45.4	45.4	1463800
10/16/18	46	46.2	45.1	45.65	2488500
10/15/18	46.15	47	45.6	45.6	1821300
10/12/2018	46.7	47	45.65	46.05	2368200
10/11/2018	45.05	46.55	44.2	46.55	693100
10/10/2018	46.1	46.5	45.35	45.7	1368000
10/09/2018	46.95	47	44.7	46	1693400
10/08/2018	47.25	47.65	46.95	46.95	1001600
10/05/2018	47.8	48	46.25	47.1	531400
10/04/2018	48.1	48.65	47.7	47.7	1757200
10/03/2018	47.5	48.05	47	48	4409700
10/02/2018	48.25	48.25	46.15	47.9	1307800
10/01/2018	48.1	49	46.7	48.25	2171700
09/28/18	50	51	48.35	49	969600
09/27/18	50	50.8	47.95	49.95	2809640
09/26/18	51.15	51.15	48.6	50	1238110
09/25/18	51.2	51.25	49.3	51.25	1057470
09/24/18	48	51.2	48	50.4	4900700
09/21/18	44.9	48.85	44.1	46.9	37964301
09/20/18	46	47	44.1	44.1	1728900
09/19/18	46.45	47.9	45.95	45.95	1560300
09/18/18	47.2	48.3	45.75	46.3	2523600
09/17/18	49.3	49.3	47	47	1446000
09/14/18	48.3	49.3	48	48.3	2354800
09/13/18	48.2	49.4	48.2	49	3260100
09/12/2018	51.2	51.2	47.6	47.6	5480900
09/11/2018	52.1	52.1	50.85	51	2179200
09/10/2018	53.05	53.05	51.9	52.5	1953910
09/07/2018	52.8	53.45	51.6	53.3	1661140
09/06/2018	53.3	53.3	51.8	52.75	1864060
09/05/2018	53.4	53.5	52.05	53.5	3382800
09/04/2018	53.85	54	53.2	53.5	1105590
09/03/2018	54	54.05	53.55	53.8	941140
08/31/18	53.3	54.3	52.6	53.45	3319470
08/30/18	52.5	53.7	52.5	53.3	1270470
08/29/18	54	54.25	52.5	52.5	2661060
08/28/18	56.7	56.7	53.5	54	3307820
08/24/18	56.65	57.5	56.5	56.7	1158630
08/23/18	55.95	59	55.85	57	1033630
08/22/18	56.1	56.85	54.1	55.95	1253880
08/20/18	56.3	57	55.45	55.45	811990
08/17/18	55.8	57	55.7	56	1193360
08/16/18	57.85	58.6	56.1	56.35	1370940
08/15/18	57.9	58.8	57.5	58.6	569790
08/14/18	57.85	58.45	57.35	57.6	770090
08/13/18	60.2	60.2	57.8	59.55	893080
08/10/2018	59.65	60.9	59.3	60.35	859050
08/09/2018	60.3	60.35	59	59.3	714100
08/08/2018	58.95	61.3	58.9	60.3	490550
08/07/2018	59.75	59.75	58.4	58.95	513530
08/06/2018	61.95	62	59.7	60.1	1571530
08/03/2018	59.75	61.55	58.5	61.55	1566350
08/02/2018	59.65	59.75	58.1	59.6	1044660
08/01/2018	57	59.7	56	59.7	2596260
07/31/18	57.8	57.95	55.8	57.35	1708010
07/30/18	55	57.8	55	57.75	1193150
07/27/18	54.9	55	53.05	55	2068600
07/26/18	53.3	55.3	52.95	54.95	1677310
07/25/18	53.2	53.3	51.9	52.2	1133620
07/24/18	51.8	53.2	51.5	53.2	453380
07/23/18	50.8	52	50.8	51.7	589640
07/20/18	53	53	50.55	50.8	1867240
07/19/18	53.2	53.55	52.45	52.8	1111260
07/18/18	52.95	53.55	52.95	53.2	657820
07/17/18	53.55	54.15	53.1	53.15	1085610
07/16/18	53.75	53.75	53	53.55	425820
07/13/18	53.6	54.8	53.55	53.75	903390
07/12/2018	53	54.25	52.8	53.55	694220
07/11/2018	53.2	53.2	52.75	53.15	1092720
07/10/2018	52.8	52.8	52.75	52.75	1943530
07/09/2018	53.5	53.5	52.75	52.9	476380
07/06/2018	54	54	53	53.1	1469350
07/05/2018	54.9	54.9	54	54.35	596390
07/04/2018	54	56.1	53.3	54.9	1917420
07/03/2018	53.15	54.45	52.6	54.45	826900
07/02/2018	54.5	54.5	52.8	53	989630
06/29/18	53.4	55.1	53.2	54.5	1591100
06/28/18	54	54.4	53.8	54	4321450
06/27/18	54	55.7	54	55.5	923940
06/26/18	54	54.6	52.55	54.6	1380380
06/25/18	57	57.35	52.65	53.95	1278260
06/22/18	57.05	58.25	55.35	55.35	1295910
06/21/18	59.8	61.4	57	57	1973810
06/20/18	60.1	61.8	59.75	59.75	2177470
06/19/18	60.15	62.2	58.05	62.2	2086140
06/18/18	61.05	62.85	60.05	61	1380900
06/14/18	61.15	63.75	60.8	62.6	3899210
06/13/18	62.7	63.5	61.15	61.5	1176780
06/11/2018	62.6	64	62.6	64	602010
06/08/2018	63.5	64	62.05	64	650110
06/07/2018	61.95	64	61.95	63.5	1361420
06/06/2018	62.4	63.45	61.1	61.95	651040
06/05/2018	61.15	62.55	61.15	62.55	663830
06/04/2018	61.5	62.65	60.6	61.05	1309580
06/01/2018	58.95	63	58.15	63	1074120
05/31/18	60	61	57.8	57.8	19072520
05/30/18	61.5	61.8	59.3	59.45	2391030
05/29/18	63.7	64	61.5	61.8	569740
05/28/18	65	65	63.4	63.4	218300
05/25/18	64.45	65	63.05	65	318480
05/24/18	62.55	64.5	62.55	64.5	545390
05/23/18	62.45	62.55	62.15	62.55	1012330
05/22/18	62.75	63.5	62.4	62.5	721380
05/21/18	62.45	62.75	62.45	62.45	1071440
05/18/18	64	64	62.45	62.45	558830
05/17/18	63.1	64.25	62.4	62.7	1697650
05/16/18	63.1	64.5	62	64.5	923210
05/15/18	62.85	64.9	61.4	64.5	1065950
05/11/2018	60.5	62.85	59.35	62.85	703190
05/10/2018	59.75	61.2	59.3	59.3	2071230
05/09/2018	61.15	61.6	59.7	59.7	2111910
05/08/2018	62.4	63.6	61.15	61.6	2838210
05/07/2018	63	63.8	62.3	62.4	1009190
05/04/2018	63.1	64	62.2	62.2	727340
05/03/2018	68.95	68.95	63	63	1280090
05/02/2018	68	69.85	67.7	67.7	1023420
04/30/18	69	69.85	67.05	69.85	909760
04/27/18	66.55	69.7	66	69.6	990520
04/26/18	66.15	67.6	65.05	66.85	1221470
04/25/18	66.7	68	66.65	67.4	421050
04/24/18	67.5	69.7	65	67.95	420260
04/23/18	68.7	69.8	67.25	69.8	726680
04/20/18	68	69.1	65.5	68.65	781440
04/19/18	67	69.2	63.4	68	4077420
04/18/18	69.45	69.45	67.1	69.3	1017770
04/17/18	68.2	69.5	68.1	69.5	475920
04/16/18	68.3	68.55	68.1	68.2	702030
04/13/18	68.95	70	68	68.3	1647060
04/12/2018	68	68.95	67.9	68.95	801480
04/11/2018	66.2	68	66.2	68	509480
04/10/2018	67	68	66	66	1420000
04/06/2018	69.6	70.4	67.25	67.95	762930
04/05/2018	69.35	69.5	68.1	69.5	1372380
04/04/2018	69.5	71.35	68.8	69.35	1343000
04/03/2018	68.95	69.5	68.5	68.55	675820
04/02/2018	68.6	69.35	67.85	68.5	1582450
03/28/18	69.45	71.3	67.5	67.5	2044950
03/27/18	68.1	70	68	69.45	1504980
03/26/18	68.6	69.4	67.8	68	684530
03/23/18	69.4	69.65	68.3	68.7	998660
03/22/18	69.9	69.9	68.05	69.4	1634560
03/21/18	71.85	71.85	68.05	68.05	1184360
03/20/18	71.45	71.45	69	69.6	962520
03/19/18	72	72.05	69.85	71.55	1568960
03/16/18	75	75	72.05	72.05	8437330
03/15/18	75	75.9	74.75	75.85	1787550
03/14/18	76	76.25	74.95	76	856530
03/13/18	75	76.1	75	76	1336390
03/12/2018	75	75.95	74.55	75.95	488460
03/09/2018	74	75	74	74.3	545720
03/08/2018	73	74.45	72.45	73.25	2017250
03/07/2018	73.1	73.35	72.5	73	986590
03/06/2018	73.4	74.9	73	73.25	937410
03/05/2018	74.05	75.95	73.5	73.65	787880
03/02/2018	74	75.5	73.8	75.5	904340
03/01/2018	76.5	76.5	74.75	75.5	802600
02/28/18	76.9	77.5	74.5	77.4	2124190
02/27/18	77	78	76.8	77.5	1023180
02/26/18	75.6	79	74.25	79	992530
02/23/18	76.5	76.9	74.2	75.8	1003220
02/22/18	74	76.9	74	76.9	1217410
02/21/18	75.4	76.35	74.05	74.8	1036850
02/20/18	76.5	77	75	76.5	866860
02/19/18	75	77	73	76.45	851610
02/15/18	74.95	75	72.35	75	763540
02/14/18	73.9	75	72.1	75	1861650
02/13/18	72.4	73.95	71.95	73.95	451050
02/12/2018	72.7	72.7	71.4	72	778600
02/09/2018	73.45	74	71.3	71.3	1261370
02/08/2018	72.9	74.1	72	73.95	736050
02/07/2018	73.95	73.95	72.1	72.85	600790
02/06/2018	74.3	74.3	71.95	71.95	2269750
02/05/2018	75.05	75.05	73.5	75	1075440
02/02/2018	75.15	76.65	75.15	75.3	867190
02/01/2018	76.95	76.95	75.25	75.25	872690
01/31/18	77.75	77.75	75.85	76.8	1370360
01/30/18	77.9	77.9	75.55	77.8	1631300
01/29/18	78.25	78.75	77.15	78	819080
01/26/18	78.35	78.5	76.7	78.5	480680
01/25/18	75.3	78.5	75.3	78.5	1170850
01/24/18	77	77.25	75.25	75.25	841770
01/23/18	75.4	77.5	75.4	77.5	893880
01/22/18	78	78.8	75	75	967450
01/19/18	77	78	77	78	740940
01/18/18	78.15	78.15	76.55	77.8	1313160
01/17/18	75	78.15	75	78.15	1105430
01/16/18	75.5	77.25	74.95	75	2056760
01/15/18	73.8	75.3	73.8	74.85	687670
01/12/2018	76.9	76.9	73.35	73.7	5356750
01/11/2018	75.95	76.7	72.8	75.4	714070
01/10/2018	77.45	77.45	75.25	75.95	488890
01/09/2018	75.95	77.5	75.65	77.5	1130000
01/08/2018	76.05	76.1	74.55	75.95	497880
01/05/2018	76	76	75.5	76	1116260
01/04/2018	74.5	76	74	76	1231740
01/03/2018	74.15	74.7	73.9	74.5	738030
12/29/17	73	74	72	74	1106660
12/28/17	72.5	73.15	71.5	73.15	850940
12/27/17	72.2	72.7	70.1	72.5	371200
12/22/17	70.65	72.7	69.7	72.7	437000
12/21/17	69	71	68.5	71	622700
12/20/17	68	69.5	68	68.9	205550
12/19/17	69	69	68.05	68.9	852670
12/18/17	67.55	69.5	67.55	69	555690
12/15/17	70.2	70.2	67.5	67.5	3903320
12/14/17	69.2	70.2	68.25	70.2	975240
12/13/17	69.5	69.5	68	68.4	453840
12/12/2017	70.4	70.6	67.9	69.3	461690
12/11/2017	70.9	70.9	69.4	70.4	600390
12/08/2017	69	70.9	67.95	70.9	385020
12/07/2017	67	69	67	69	681560
12/06/2017	68.8	68.8	68	68	797710
12/05/2017	67.5	68.85	67.5	68.85	763210
12/04/2017	68	68.05	67.5	67.5	1201650
12/01/2017	70	70	67.9	68.3	1940140
11/29/17	73	73.45	68.9	70	5011850
11/28/17	72	73.45	71.1	73.45	1247590
11/27/17	69.95	72.55	68.9	72.55	583060
11/24/17	70.3	71.45	70.1	71	1366110
11/23/17	70.5	71.8	68.8	71.8	571500
11/22/17	69	70	68.4	68.8	970140
11/21/17	70	70	69.3	69.5	1375990
11/20/17	71.9	71.9	69.9	69.9	1104260
11/17/17	71	72	69.5	70	593530
11/16/17	70.7	72	70.05	70.05	2152090
11/15/17	71.6	71.75	70.75	70.95	968210
11/14/17	72.1	72.4	70.95	72	1272050
11/13/17	72.55	74	72.1	72.1	780070
11/10/2017	73.9	74.3	72.6	72.6	1115030
11/09/2017	73.9	74	73.05	73.9	746630
11/08/2017	74.25	74.25	73.05	73.05	1175330
11/07/2017	74.1	74.3	73.1	74.3	412050
11/06/2017	72.3	74.2	72.15	74.2	1031460
11/03/2017	75	75	72	72	1745800
11/02/2017	74.95	75	73.95	75	965230
10/30/17	74.6	74.9	73.2	74.9	367340
10/27/17	74	74.9	72.55	74.9	1062330
10/26/17	74	74.9	73.6	74	288910
10/25/17	74	74.9	73.65	74	521020
10/24/17	75.7	75.7	74	74.1	731640
10/23/17	75	75.75	74.85	75.75	303210
10/20/17	75.4	75.4	74.5	75	312670
10/19/17	74.9	75.4	74.6	75.4	519450
10/18/17	75	75	74	74.85	626330
10/17/17	74.8	75.45	74.15	75	1308690
10/13/17	75.75	75.75	74.4	74.8	1005670
10/12/2017	75.5	75.75	74.7	74.8	547860
10/11/2017	75.5	75.7	75.45	75.5	520410
10/10/2017	74.6	75.5	74.6	75.4	571000
10/09/2017	73.65	75.2	73.65	75.2	399560
10/06/2017	73.8	75.3	73.4	73.5	1194340
10/05/2017	75.3	75.5	73.45	73.45	575170
10/04/2017	75.2	75.3	74.35	75.2	900330
10/03/2017	74.95	75.2	74.25	75.2	1464040
10/02/2017	74	75	73.35	75	1411350
09/29/17	73.4	74.05	73.3	73.3	2285270
09/28/17	74.8	74.8	73.3	73.3	2227540
09/27/17	74.2	74.5	73.3	74.5	2250220
09/26/17	73.4	74.2	73.4	74.2	958890
09/25/17	73.3	74	73.25	74	781250
09/22/17	73.6	73.9	73.35	73.9	564440
09/21/17	73.5	73.95	73.25	73.95	715970
09/20/17	73.8	74	73.35	73.5	948780
09/19/17	73.95	74	73.25	73.5	321900
09/18/17	73.95	74.45	73.1	73.95	1208300
09/15/17	73.6	74	72.75	74	2763280
09/14/17	73	73.9	72.8	73.5	776920
09/13/17	73.5	73.8	72.8	73	851840
09/11/2017	73.9	73.9	72.85	72.9	507250
09/08/2017	74	74	72.75	72.75	1612200
09/07/2017	74	74.1	73.5	73.55	906890
09/06/2017	74	74	73.55	74	750210
09/05/2017	73.85	74.15	73.5	74	924580
09/04/2017	74.45	74.45	73.7	74.2	803950
08/31/17	74.3	74.45	73.2	74.45	27631689
08/30/17	73.2	74.3	73.15	74.3	595020
08/29/17	73.65	74.25	73.25	74	757370
08/25/17	74.25	74.25	73.55	74.05	752500
08/24/17	73.55	74.25	73.1	74.25	432380
08/23/17	74	74	73.1	73.15	327320
08/22/17	73.1	73.45	73.1	73.3	505990
08/18/17	74.3	74.3	73.05	73.2	817100
08/17/17	73.75	74.45	73.3	74	595100
08/16/17	73.95	74.2	73.25	73.75	444080
08/15/17	74.3	74.3	73.35	73.4	92800
08/14/17	74.2	74.2	73.15	73.7	485490
08/11/2017	74.5	74.9	72.55	73	656130
08/10/2017	73.5	74.95	73.5	74.95	320590
08/09/2017	74.1	74.25	73.4	74.05	658470
08/08/2017	75.5	75.5	72.5	72.55	457540
08/07/2017	74.9	75.1	74.8	74.85	380940
08/04/2017	72.65	74.95	72.5	74.95	2639310
08/03/2017	72.5	74.3	72.25	72.5	1165140
08/02/2017	75	75.5	72.5	72.5	629380
08/01/2017	75.4	75.4	74.15	75.25	296450
07/31/17	75	75.95	73.5	75.95	1377840
07/28/17	75.6	75.6	73.1	74.8	718710
07/27/17	75	75.75	74.8	75.6	783120
07/26/17	74	74.9	73.3	74.6	835170
07/25/17	74.3	75.05	73.25	74	667300
07/24/17	75.7	75.7	74.3	74.3	597170
07/21/17	74	75.7	72.65	75.7	1327490
07/20/17	75.5	75.75	72.7	72.7	1945740
07/19/17	76	76	74.9	74.9	678970
07/18/17	74.9	75.9	74.9	75.7	375000
07/17/17	75.75	75.75	75.05	75.4	650020
07/14/17	75.75	75.75	74.6	75	1110910
07/13/17	75.2	75.8	75.15	75.7	1352420
07/12/2017	74.35	75.5	74.3	75.1	538570
07/11/2017	74.35	75	74.2	74.35	1298080
07/10/2017	75.45	75.45	74.95	75	1189830
07/07/2017	75.85	75.85	75.3	75.35	354220
07/06/2017	75.85	75.9	75.8	75.85	465910
07/05/2017	75.9	75.9	75.2	75.9	1315460
07/04/2017	75.9	75.9	75.1	75.85	632010
07/03/2017	76.15	76.15	75.1	75.9	777740
06/30/17	75.7	76.15	74.45	76.15	2011610
06/29/17	75.8	75.8	75.4	75.7	1187760
06/28/17	75.8	75.9	75.2	75.8	1310140
06/27/17	75.6	76	75	75.8	594070
06/23/17	75.85	75.85	74.2	75.85	681970
06/22/17	75	75.5	74.9	75	685350
06/21/17	75	75.8	74.2	75.8	1379120
06/20/17	75	75.75	73.55	75	964320
06/19/17	74.7	75.25	73.65	75	1018660
06/16/17	75.8	75.85	73.55	73.55	2647990
06/15/17	75.9	75.95	75.05	75.8	923040
06/14/17	75.8	75.9	75.05	75.9	1323060
06/13/17	75.3	75.9	75.3	75.9	832390
06/09/2017	72.75	75.4	72.75	75.3	1829720
06/08/2017	73.9	75	71.65	72.75	2034530
06/07/2017	75.95	76	73.9	73.9	6427200
06/06/2017	76	76.25	75.1	75.95	1443710
06/05/2017	76.2	77	75.8	75.95	1174000
06/02/2017	75.75	76	75.55	75.8	2345400
06/01/2017	76.25	76.25	75.7	76	1205390
05/31/17	75.6	76.1	75.6	76.05	5038460
05/30/17	76	76.3	75.65	76	3746230
05/29/17	76	76	75.65	76	856700
05/26/17	76	76	75.9	75.95	1329100
05/25/17	76.2	76.25	75.6	76	753500
05/24/17	76	76.45	75.6	76.2	1031020
05/23/17	76	77.25	76	76.05	1760450
05/22/17	76.8	76.8	75.75	76	4930970
05/19/17	76.05	76.05	75	75.8	1213800
05/18/17	76.1	76.1	75	76.05	1466880
05/17/17	75.9	76.6	74.55	76.1	1257720
05/16/17	76.4	76.4	75.45	75.95	1437270
05/15/17	76	76	75.4	75.7	1280200
05/12/2017	75.35	76.25	74.8	76.05	1217660
05/11/2017	75.5	77	75.35	76.3	2252870
05/10/2017	76.4	76.9	75.5	75.5	2127370
05/09/2017	76.9	77	76.2	76.5	1894480
05/08/2017	75.5	76.9	75.45	76.9	1539260
05/05/2017	76.75	77.5	75.4	75.5	1722710
05/04/2017	76.6	77	75.85	76.75	1504540
05/03/2017	77.6	77.6	75.6	76.65	835890
05/02/2017	77.5	77.9	75.1	76.65	1434380
04/27/17	76.9	77.5	75.9	76.8	599620
04/26/17	77.65	77.9	75.35	76.9	1497720
04/25/17	75.95	77.95	75.95	77.65	1780410
04/24/17	75.5	76.1	75	75.35	403430
04/21/17	76.5	76.5	75.25	75.35	1094640
04/20/17	75.6	75.6	75	75.3	841360
04/19/17	76	76	75.5	75.6	864800
04/18/17	76.5	76.65	74.7	76.2	1612060
04/17/17	75.4	76.4	75.35	76.3	1219320
04/12/2017	75.1	75.7	75.05	75.5	879610
04/11/2017	75.35	75.35	74.5	75.3	1107760
04/10/2017	75.4	75.4	74.75	75.3	1330470
04/07/2017	74.7	75.1	74	74.5	1211810
04/06/2017	74.5	75	73.7	74.7	853250
04/05/2017	75.45	75.5	73.55	74.7	1002510
04/04/2017	75.9	75.9	74.55	74.7	1030150
04/03/2017	74.5	75	74.4	74.55	340690
03/31/17	75.1	75.1	73.6	74.45	1554270
03/30/17	75.1	75.95	75.1	75.3	924940
03/29/17	75.3	75.9	75	75.15	559000
03/28/17	75.7	75.9	74.7	75.3	1343120
03/27/17	75.3	75.75	75	75.15	363170
03/24/17	75.7	75.7	74.45	75.3	1111220
03/23/17	75.7	75.7	74.2	75	1196740
03/22/17	74.5	75.85	74.25	75	1365700
03/21/17	74.15	74.5	73.9	74.5	1525020
03/20/17	73.8	74.4	73.2	74.3	940150
03/17/17	74.85	75.2	72.9	72.9	4520900
03/16/17	74	74.45	73.15	74.45	1018720
03/15/17	72.75	74	72.75	74	3795760
03/14/17	73.3	74	73.25	73.9	2940220
03/13/17	74	74	73.1	73.3	1805670
03/10/2017	73.1	73.85	72.9	73.85	1123050
03/09/2017	73.8	73.8	73	73.1	635940
03/08/2017	73.45	74.2	73.2	73.2	676690
03/07/2017	73.5	73.9	73	73.9	1383390
03/06/2017	73	73.5	72.3	73.5	807900
03/03/2017	72.9	73	72.2	73	1109590
03/02/2017	72.4	73	72	72.25	1198000
03/01/2017	73.15	73.35	72.5	72.9	365620
02/28/17	73.4	73.45	72.3	73.45	1785180
02/27/17	73.15	73.15	73	73	659840
02/24/17	73.7	73.7	72.8	73.15	1180750
02/23/17	74	74	72.3	73.5	1722740
02/22/17	73.2	73.8	73.2	73.8	742110
02/21/17	72.95	73.8	72.75	73.8	480640
02/20/17	72.8	73.1	72.75	72.8	223300
02/17/17	73.15	73.6	72.45	73	1926640
02/16/17	73.05	73.8	73	73.8	2184900
02/15/17	73.25	73.85	72.95	73	776900
02/14/17	74	74	72.75	73.2	1452520
02/13/17	73.9	74	72.6	74	1290920
02/10/2017	74	74	72	72.65	1491820
02/09/2017	74	74.1	73.7	74	2435080
02/08/2017	74.1	74.2	73.65	74	2235110
02/07/2017	74.5	74.5	74	74.1	2363180
02/06/2017	74	74.5	73.7	74.5	1383390
02/03/2017	73.5	74.2	73.15	73.7	909110
02/02/2017	74.3	74.3	73.2	74.05	1239810
02/01/2017	74.8	74.8	73.05	74	1279420
01/31/17	74.3	74.75	74	74.3	1253500
01/30/17	74.8	75	73.85	74.3	952850
01/27/17	75	75.65	74.8	74.8	1062450
01/26/17	75	75.65	74.9	75	1735970
01/25/17	74.95	74.95	74.75	74.9	1074770
01/24/17	75	75	74.9	74.95	1093100
01/23/17	74.9	75	74.8	75	1393330
01/20/17	74.9	74.95	74.5	74.9	1280290
01/19/17	74.8	74.8	74.6	74.8	881040
01/18/17	74.3	74.85	74.3	74.7	865280
01/17/17	74.5	74.85	74.2	74.3	1266710
01/16/17	74.5	74.95	74.5	74.7	1065960
01/13/17	74.85	74.85	74.75	74.8	421490
01/12/2017	75	75	74.75	74.85	1326940
01/11/2017	74.95	74.95	74.75	74.9	999850
01/10/2017	74.95	75	74.85	75	3825910
01/09/2017	74.8	75.25	74.5	74.95	1689700
01/06/2017	72.6	74.9	72.6	74.8	2794410
01/05/2017	71.85	74.9	71.85	72.5	2087820
01/04/2017	70.5	71.9	68.6	71.25	1390230
01/03/2017	70.7	70.7	68.5	70.55	613960
12/29/16	70.9	71.25	70	70.8	1732590
12/28/16	68.5	71	67.85	70.9	1289000
12/27/16	67.9	68	66.75	67.6	966470
12/23/16	66.5	67.15	66.5	66.95	1137640
12/22/16	70.3	70.3	66.55	68	4455600
12/21/16	70.5	70.75	70	70.15	2654740
12/20/16	72.05	72.1	70	70.7	4667180
12/19/16	74	74	72.5	72.6	1294880
12/16/16	73.1	74	72.15	74	1266120
12/15/16	74.75	74.75	73	73.1	667970
12/14/16	73.8	74.2	72.15	73.75	2367320
12/13/16	74.8	74.8	73.65	73.95	1879850
12/12/2016	74	74.3	72.6	74	759290
12/09/2016	75	75	73.3	74.3	816530
12/08/2016	74.9	74.9	72.9	74	2378980
12/07/2016	72	74.9	72	74.9	1504280
12/06/2016	72	72.6	71.55	72	763400
12/05/2016	73	73.2	71.55	72	987620
12/02/2016	73.25	73.6	70.35	73	2425520
12/01/2016	75	75	73.3	73.3	2356080
11/29/16	73	75	73	73.25	5510770
11/28/16	74.5	74.9	72.7	74	1348170
11/25/16	73.4	75	72.9	75	855670
11/24/16	73	73.95	73	73.4	791450
11/23/16	73.25	74.5	72.7	74	1490800
11/22/16	74.8	74.8	73	73.25	1005170
11/21/16	76	76	75	75.25	1632540
11/18/16	74.85	75.5	74	75	1052490
11/17/16	72.7	75	72.7	73.55	2029700
11/16/16	73.6	73.65	72.65	73.25	1882930
11/15/16	72.15	73.95	72.15	73.6	1959100
11/14/16	72.1	72.55	71.7	72.2	2229910
11/11/2016	74.65	75.85	72.1	72.55	3019910
11/10/2016	75.3	76.05	75.3	75.85	1353500
11/09/2016	77	77	75.1	75.85	971960
11/08/2016	76.45	77	74.1	77	3077430
11/07/2016	74.6	76.75	74.6	75.1	2648900
11/04/2016	74.45	76.9	74.1	76.9	2237180
11/03/2016	75.1	75.8	74.1	74.6	2684700
11/02/2016	76.7	76.7	75.1	75.8	2250470
10/28/16	76.5	78	75	78	1887750
10/27/16	76.55	77.5	75.5	76.7	1998360
10/26/16	77.25	78	76	76.4	2233160
10/25/16	78.5	78.5	76.7	77.25	1858150
10/24/16	76.3	78.5	76.3	78.5	647960
10/21/16	79.2	79.25	77	78.1	1224390
10/20/16	79.5	79.5	78.05	79.2	1267830
10/19/16	78.9	80	78.9	80	2491370
10/18/16	75.25	79	74.5	79	2275930
10/17/16	75.05	77	74.5	75.55	1034140
10/14/16	75.2	76.5	74.95	76.5	1102550
10/13/16	75.5	75.75	74.5	75.25	1315210
10/12/2016	76.1	76.1	75.1	75.75	1164230
10/11/2016	77	77.1	75.2	76.1	1392350
10/10/2016	77	77	76	76.8	295500
10/07/2016	75.65	77.4	75.65	77	1036780
10/06/2016	76.5	77.7	76.5	77.2	639220
10/05/2016	78	78	76.5	76.8	744590
10/04/2016	75	77.8	74.8	77.6	2312800
10/03/2016	76	76	75	75.2	1710850
09/30/16	76.8	76.8	74.8	75.75	3446360
09/29/16	77.3	77.3	76.55	76.9	1157980
09/28/16	77.5	78.25	76.5	77.1	533870
09/27/16	76.9	78.8	74.5	78.8	2397790
09/26/16	78	78	76.05	77	471450
09/23/16	79.2	79.25	76.8	78	1257890
09/22/16	78.4	79.6	76.15	79.2	1742460
09/21/16	75.8	78.4	75.6	78.4	787490
09/20/16	77	77.3	75.6	76.3	1411060
09/19/16	75.1	76	74.9	76	1576930
09/16/16	77.45	77.45	75	75.1	3579240
09/15/16	75	78	72.5	78	2406590
09/14/16	74.55	74.6	72	74.6	3120890
09/13/16	73	74.6	72	74.6	2025270
09/09/2016	73.5	74	73.4	73.6	1083550
09/08/2016	72.65	73.5	72.25	73.1	1771170
09/07/2016	73.8	74.9	72.7	72.85	2389770
09/06/2016	74	74	73.4	73.4	2078580
09/05/2016	73	74.5	73	73.6	1911450
09/02/2016	74.5	75.5	74.5	74.8	1948680
09/01/2016	74	74.9	72.5	74.5	1545440
08/31/16	75.1	75.5	73	75	3736530
08/30/16	76.85	76.85	74	75.1	2131460
08/26/16	75.5	75.5	74.25	75.3	4571240
08/25/16	76	76.5	75.25	75.5	1848320
08/24/16	75.6	75.8	75	75.3	1853160
08/23/16	75.75	75.9	75.4	75.8	1231160
08/22/16	76	76.5	75.05	75.75	2089280
08/19/16	75.65	76.5	75.5	75.65	1498090
08/18/16	75	75.75	74.7	75	1958140
08/17/16	75.95	77.1	74.9	75.1	2916890
08/16/16	75.3	76	74.45	75	1798360
08/15/16	75.1	75.1	74.7	74.8	2368580
08/12/2016	75.9	76	74.75	75	1667120
08/11/2016	75.95	75.95	74.7	75.1	3061600
08/10/2016	74.95	75.15	74.7	74.95	6030530
08/09/2016	76	76	75	75.15	2127480
08/08/2016	76.35	76.35	74.85	75.2	2126970
08/05/2016	75.5	76.35	75	75.45	1660880
08/04/2016	74.95	76.3	74.95	75.5	8129660
08/03/2016	78	78	74.35	74.95	6268880
08/02/2016	77.9	79.8	76	79.8	1497950
08/01/2016	79.55	79.55	77.4	77.9	1394600
07/29/16	79	80	77.2	78	2055250
07/28/16	81.45	81.45	77.4	78	2204600
07/27/16	80.2	81.8	79.8	80.15	2002780
07/26/16	82.55	82.55	78.5	80.2	7815180
07/25/16	82.55	83	82.4	82.5	2353770
07/22/16	83	83	82	82.5	1834270
07/21/16	84.3	84.3	83	83	1382340
07/20/16	83.3	84.4	83.3	84.4	1279770
07/19/16	81.2	83.2	81.2	83.2	3675670
07/18/16	80	80.5	79.3	80.5	1264860
07/15/16	79	80	78.8	80	2246840
07/14/16	78.85	78.85	77.7	78.85	1333360
07/13/16	79	79	78.6	78.8	2234700
07/12/2016	79.4	79.4	78.5	79	1591570
07/11/2016	79.8	79.8	78.5	79.2	1884230
07/08/2016	78.05	79	78	78	920100
07/07/2016	77.25	78.8	77.25	78	1674220
07/05/2016	80.2	80.2	76	76.5	1873140
07/04/2016	79.45	80	78.8	79.1	855110
07/01/2016	77.95	80.3	77.95	79	609090
06/30/16	77.95	80.9	77.95	77.95	3777230
06/29/16	75.8	77.95	75.4	77.95	916890
06/28/16	76.2	76.2	74.05	74.05	679980
06/27/16	74.25	75	73.7	75	1222120
06/24/16	76	76.2	74.35	74.35	1626510
06/23/16	75.6	75.6	75.3	75.4	874150
06/22/16	74.35	76	74.35	75.6	1008290
06/21/16	73.9	75.4	73.5	75.1	2397580
06/20/16	74	74	73.05	73.5	1912970
06/17/16	73.5	73.7	73.4	73.7	2255190
06/16/16	72.9	73	72.9	73	1618440
06/15/16	72.9	73	72.75	72.9	1231870
06/14/16	74.95	74.95	72.1	72.9	1300680
06/13/16	74.5	75	72.7	75	1248670
06/10/2016	75.4	75.4	74.5	74.85	2430260
06/09/2016	77.65	77.75	74.3	75.4	1967840
06/08/2016	78.05	78.05	77.6	77.65	2054560
06/07/2016	78.2	78.2	77.9	78.05	2982490
06/06/2016	77.95	78.5	77.9	78	1593600
06/03/2016	76.45	78.15	76.45	77.9	1759740
06/02/2016	77.85	78.25	75	76.45	1930520
06/01/2016	78.7	78.7	75	77.85	1490660
05/31/16	78	79	75.85	79	24814590
05/30/16	75.9	78	75.9	78	1727010
05/27/16	75.75	75.9	75.65	75.9	4421510
05/26/16	74.5	75.7	74.05	75.5	3267780
05/25/16	73.8	75.45	73.5	74.8	3564710
05/24/16	73	73.9	73	73.5	3309460
05/23/16	73	73.4	72	73	1876570
05/20/16	71.2	73.5	71.15	72	4734720
05/19/16	70.8	71.25	70.7	71.05	3310350
05/18/16	71	71.2	70.7	70.9	2488230
05/17/16	70.4	71.65	70.4	70.7	2251170
05/16/16	68	70.45	68	70.35	2157350
05/13/16	70.75	71.7	70.75	70.8	2095840
05/12/2016	71.4	71.4	70.5	70.5	1967980
05/11/2016	68	71.5	67.8	70	4871150
05/10/2016	64	67.5	63.1	67.5	2309780
05/06/2016	63.65	65	63.65	64.3	1903500
05/05/2016	64.5	66	63.5	64.3	1329920
05/04/2016	65.5	66.3	64	66.3	1471180
05/03/2016	65.5	66.15	65.3	65.5	838310
05/02/2016	65.6	66.4	65.25	66	1025180
04/29/16	67	67	66.1	66.4	1285640
04/28/16	66.8	67	66.6	67	1601750
04/27/16	65	66.8	64.4	66.8	974150
04/26/16	66.5	66.5	65.5	65.9	1153610
04/25/16	65.05	66.5	64.75	66.5	497140
04/22/16	63.95	65	63.95	65	886370
04/21/16	63.9	64.15	63.6	64	2223320
04/20/16	63.7	64	63.5	63.95	1218270
04/19/16	64	64	63.4	63.7	790630
04/18/16	64.4	64.5	63.5	64	1493640
04/15/16	64.1	64.5	64.1	64.5	759800
04/14/16	63.4	64.6	63.4	64.55	2286260
04/13/16	64.4	64.5	63.9	64.45	1160860
04/12/2016	64.5	64.5	64.45	64.5	686840
04/11/2016	64.4	64.5	64.05	64.5	482420
04/08/2016	64.45	64.7	64.35	64.7	1432920
04/07/2016	64.45	64.45	64	64.45	699190
04/06/2016	64	64.2	63.4	64	1348020
04/05/2016	64.35	64.5	63.35	64	430910
04/04/2016	64.95	64.95	64.3	64.5	641470
04/01/2016	65	65	63.75	64.95	812480
03/31/16	64.75	65	64.4	65	2816660
03/30/16	65.3	65.3	64.3	64.55	2009750
03/29/16	65	65	63.95	64.05	1933140
03/28/16	63.05	65	63.05	65	288250
03/23/16	62.75	63.3	62	63.05	1195360
03/22/16	64.3	64.6	61.1	63.8	1620310
03/21/16	64	64.65	64	64.25	1266720
03/18/16	61.9	63.5	60.8	63.4	3005940
03/17/16	60.8	61.5	60.8	61.5	925850
03/16/16	61	62	60	60	2645570
03/15/16	61.8	61.8	60.7	60.7	801010
03/14/16	61.55	63.55	60.15	60.15	1988430
03/11/2016	60.3	61.1	60.3	61	1043240
03/10/2016	60.3	61.1	60.05	60.3	1334850
03/09/2016	60.15	60.3	60.05	60.2	1429880
03/08/2016	60.15	60.3	59.85	60.1	1189980
03/07/2016	60.15	60.15	59.7	60.15	926960
03/04/2016	61	61.2	59.9	59.95	594640
03/03/2016	59.05	61	59.05	60.2	4123130
03/02/2016	58.1	59	57.45	59	1198600
03/01/2016	57	58.1	56.9	58.1	1106920
02/29/16	57.8	57.85	56.9	57	3653530
02/26/16	57.55	58	57.45	57.8	695100
02/24/16	57.85	58.05	57.55	58	733480
02/23/16	58	58.25	57.5	57.95	852970
02/22/16	57.7	57.8	57.4	57.45	1156860
02/19/16	57.95	58.35	57	57.3	827230
02/18/16	57.85	57.95	57.8	57.9	1716590
02/17/16	57.95	57.95	57.75	57.85	1571890
02/16/16	57.9	57.95	57.8	57.85	1765410
02/15/16	57.2	57.95	57.2	57.9	1425010
02/12/2016	57.6	57.95	57.6	57.9	866780
02/11/2016	57.35	57.9	57.35	57.9	419370
02/10/2016	56.15	57.45	56.1	57.35	413340
02/09/2016	56.5	57.8	56.5	57.8	447920
02/05/2016	56.7	57.95	56.7	57.7	1199210
02/04/2016	56.2	57.25	56.2	57.25	742610
02/03/2016	58	58	55.9	56.2	1461940
02/02/2016	56.2	57	56.2	56.8	4037550
02/01/2016	58.65	58.65	55.05	58	2581230
01/29/16	57	58.65	56.95	58.5	3826580
01/28/16	57	57	56.25	57	890680
01/27/16	54.5	57.3	54.5	57.3	1447450
01/26/16	54.4	56.1	54.4	54.5	1052980
01/25/16	54.7	56.95	54.35	56.95	1413280
01/22/16	54.25	54.5	53.95	54.4	706710
01/21/16	54.2	55	54.2	54.4	1847830
01/20/16	55.8	56	55	55.45	993730
01/19/16	55.4	55.4	55.05	55.15	486640
01/18/16	55.05	55.8	55.05	55.4	1191180
01/15/16	56.45	56.6	56.35	56.5	1036090
01/14/16	55	56.6	55	56.45	1486200
01/13/16	55.45	57.1	54.95	56.1	1237620
01/12/2016	55	55.65	55	55	1513960
01/11/2016	55.25	55.55	54.05	54.5	2299040
01/08/2016	56	56.7	55.1	56.3	1328710
01/07/2016	57.85	57.85	56	56	1400750
01/06/2016	57.85	58	57.8	57.9	1250340
01/05/2016	57.95	57.95	57.2	57.75	1345640
01/04/2016	58	58	57.2	57.2	691200
12/29/15	57.85	57.95	57.75	57.95	1108950
12/28/15	57.85	57.9	57.6	57.8	1289850
12/23/15	58	58	57.8	57.9	1150010
12/22/15	57.3	58	56.9	57.95	2460810
12/21/15	56.85	57.25	56.5	56.5	1308360
12/18/15	56	57.25	56	56.85	2397980
12/17/15	56.3	57	56.25	56.95	884650
12/16/15	56.3	56.3	55.35	56.1	1426340
12/15/15	56.25	56.25	55.25	55.9	814780
12/14/15	54.9	56.35	52.5	56.3	754580
12/11/2015	57	57.15	54.9	54.9	2299780
12/10/2015	56.7	57.6	56.35	57.6	1354870
12/09/2015	56.95	57.5	56.3	56.7	331290
12/08/2015	57.1	57.25	56.3	56.95	471050
12/07/2015	56.75	57.4	56.7	57.1	759680
12/04/2015	56.2	57.55	56.2	57.35	663990
12/03/2015	57.85	57.85	57.25	57.7	457350
12/02/2015	57.85	58	56.5	57.55	560080
12/01/2015	57.45	58	57.4	57.85	4106040
11/27/15	57.05	58.3	56.6	56.6	12072370
11/26/15	57.9	57.9	57.2	57.75	2044260
11/25/15	57.75	57.9	56.95	57.85	1905350
11/24/15	57.85	57.85	56.1	56.1	1205300
11/23/15	57.85	57.85	57	57.85	1068360
11/20/15	57.05	57.85	55.7	57.85	2516560
11/17/15	55.25	57.2	55.25	55.7	1512280
11/16/15	56	56.2	52.9	55.2	1232560
11/13/15	56.75	57.3	55.9	57	1292470
11/12/2015	56.6	56.85	56	56.8	2059700
11/11/2015	56.05	56.6	56	56.6	2198990
11/10/2015	56.9	56.9	56	56.5	768960
11/09/2015	57	57	55.9	56.8	688350
11/06/2015	56.15	56.55	56.15	56.15	430280
11/05/2015	56.5	56.75	56.15	56.15	1309800
11/04/2015	57.35	57.35	56.3	56.5	1452640
11/03/2015	57.1	57.7	57.1	57.35	679700
11/02/2015	57.6	57.6	56.95	57.05	724850
10/30/15	56	57.2	56	56	2051940
10/29/15	57	58	56.35	58	1522320
10/28/15	57	57.8	56.7	57.3	575570
10/27/15	57.1	57.95	56.55	57	1456690
10/26/15	58.2	58.2	57.1	57.1	1146840
10/23/15	57.5	58.2	57.5	57.75	1763110
10/22/15	57.8	57.8	57	57.4	434990
10/21/15	56.6	57.8	56.6	57.7	924440
10/20/15	57.8	57.85	56	57.5	1268130
10/19/15	57	58	57	57.8	643620
10/16/15	57.95	58	56.5	57	1379950
10/15/15	56.2	57.5	55.9	57.4	981400
10/14/15	56.05	56.7	55.7	55.9	660520
10/13/15	57.9	57.9	56.05	56.05	4645210
10/12/2015	58.2	58.4	57.35	57.5	1734780
10/09/2015	58.1	58.1	57.2	57.5	1192620
10/08/2015	57.75	58	57.7	57.8	1009200
10/07/2015	58.1	58.1	56.6	57.5	2179870
10/06/2015	57.95	58.1	57.95	58.1	2129840
10/05/2015	56.9	57.9	56.9	57.25	2494980
10/02/2015	57	57.5	56.5	56.85	1522040
10/01/2015	57.8	57.85	56.6	56.6	1252950
09/30/15	57.8	57.9	57.65	57.7	3262370
09/29/15	57	57.9	56.6	57.6	1995180
09/28/15	57.9	58.2	56.55	57.55	551420
09/24/15	58.2	58.2	56.7	57.9	1471710
09/23/15	58.45	58.45	56.5	58.2	2412530
09/22/15	58.2	58.2	57.5	58	1365550
09/21/15	58	58	57.3	57.95	1768230
09/18/15	58.5	58.5	57.45	57.45	2485890
09/17/15	57.6	58.4	57.6	58.2	1510300
09/16/15	58.45	58.45	58	58	2249340
09/15/15	58	58.1	57.1	57.55	591110
09/14/15	57.95	58	56.5	58	955500
09/11/2015	58.1	58.1	56.05	57.95	1023450
09/10/2015	56.05	58	56	58	2171110
09/09/2015	57.6	57.8	57	57.25	1529590
09/08/2015	58.35	58.5	57.15	57.65	871070
09/07/2015	56.1	58.45	56.1	57.9	673470
09/04/2015	55.3	57.9	55.3	57.9	995670
09/03/2015	55.7	57.55	55.6	57.55	704590
09/02/2015	55	55.7	53	55.7	1198950
09/01/2015	54.5	55	54	54.8	2634270
08/28/15	54	55.1	53.65	55.1	3280570
08/27/15	53.1	53.9	53.1	53.5	3114150
08/26/15	51.95	52.9	51.5	52.8	3180690
08/25/15	52	52.1	50.05	51.95	3117800
08/24/15	56.8	56.8	53	53.65	3287270
08/20/15	57.55	57.55	57.05	57.5	3232720
08/19/15	57.1	57.65	57	57.5	910550
08/18/15	57.5	57.5	57.15	57.5	1158770
08/17/15	57.25	57.5	57	57.5	1301940
08/14/15	57.25	57.5	57.2	57.5	716650
08/13/15	57.4	57.6	57.4	57.55	2993540
08/12/2015	57.5	57.6	57.45	57.45	1283400
08/11/2015	57.55	57.95	57.5	57.7	1261900
08/10/2015	57.5	58.5	57.5	58.05	598310
08/07/2015	58	58.5	57.6	58	755370
08/06/2015	58.8	58.8	57.7	57.7	1032090
08/05/2015	58.9	58.9	58.7	58.8	979070
08/04/2015	58.3	58.75	58.3	58.75	1308440
08/03/2015	59	59	57.2	58.3	1496890
07/31/15	59	59	57.95	58.5	1655240
07/30/15	58.95	59	58.6	58.9	1111590
07/29/15	57.8	59	57.8	58.6	1312020
07/28/15	57.2	58	56.1	57.8	940180
07/27/15	57.8	57.85	57.2	57.45	935850
07/24/15	59	59.05	57.75	57.75	602130
07/23/15	58.5	59	58.05	59	754130
07/22/15	58.65	58.65	57.9	58.65	868910
07/21/15	58	58.6	57.2	58.6	931670
07/20/15	57.45	58.5	57	58	428290
07/16/15	57.8	58.5	57.65	58.5	675440
07/15/15	57.4	57.5	57	57.3	325640
07/14/15	57.5	57.75	57.05	57.1	1875020
07/13/15	57	57.9	57	57.5	3571020
07/10/2015	56.3	57.45	56.3	57.25	1479620
07/09/2015	57.1	57.95	56.8	57.95	1506470
07/08/2015	57.05	57.2	57	57.1	2334670
07/07/2015	57.95	57.95	57.05	57.3	654080
07/06/2015	57.45	58	57	58	1129550
07/03/2015	57	57.2	57	57	625660
07/02/2015	57.1	57.1	56.4	57	1897740
07/01/2015	56.85	57.6	56.8	57.55	1130780
06/30/15	56.65	58.2	56.6	58.05	12855630
06/29/15	57.9	58	57	57.9	408160
06/26/15	57.9	58	57.85	57.9	734820
06/25/15	58.25	58.25	56.8	56.8	1449760
06/24/15	57.1	58.3	56.65	58.3	1380520
06/23/15	57.3	57.5	56.65	57	976620
06/22/15	56.9	57.3	56.55	57.3	832320
06/19/15	56.05	57.3	56.05	56.55	2405180
06/18/15	57	57	56.2	57	738720
06/17/15	56.1	56.35	56.05	56.3	867780
06/16/15	56	56.35	55.55	56.1	1187180
06/15/15	57.2	57.2	56	56.2	687570
06/11/2015	55.5	56.8	55.25	56.8	1063770
06/10/2015	54	55.4	54	55.4	1435750
06/09/2015	54.5	55.3	53	54.5	819960
06/08/2015	55.6	55.6	54.5	54.7	1000770
06/05/2015	55.55	55.9	55.5	55.6	640500
06/04/2015	56.5	56.5	55.5	55.8	2972790
06/03/2015	56	57	56	56.5	7142700
06/02/2015	56.3	57.2	55.95	57.05	1342110
06/01/2015	57.4	57.5	55.6	57.35	851000
05/29/15	56.4	57.8	56	56	4860220
05/28/15	57	57	55.6	56.95	778260
05/27/15	57	57.5	56.5	57	1247460
05/26/15	57.4	57.5	57	57.2	836100
05/25/15	57.45	57.45	57.2	57.4	334350
05/22/15	57.4	57.45	56.8	57.45	736800
05/21/15	57.45	57.45	56.55	57	643130
05/20/15	57.35	58.2	56.3	56.5	1766120
05/19/15	57.8	57.95	57.5	57.6	861370
05/18/15	57.6	57.7	57.5	57.5	1047120
05/15/15	57.9	57.9	57.2	57.65	1073880
05/14/15	56.9	57.95	56.2	57.25	1636690
05/13/15	56.75	58	56.75	57.95	908500
05/12/2015	57.45	58	56.5	57.75	1394100
05/11/2015	57.65	57.9	57.55	57.9	658060
05/08/2015	57.3	57.9	57.3	57.65	1324140
05/07/2015	56.8	58	55.6	56.8	888300
05/06/2015	57.5	57.5	57	57.5	778200
05/05/2015	57.6	57.6	57.3	57.5	3634650
05/04/2015	57	57	56	57	1104010
04/30/15	57.2	57.7	54.5	56.65	2126370
04/29/15	58.05	58.05	57	57.2	1530750
04/28/15	58.3	58.3	58	58.05	1057500
04/27/15	58.4	58.4	57.8	58	2910670
04/24/15	57.85	58.35	57.6	58	1296970
04/23/15	57.8	58	57.3	57.95	996200
04/22/15	57.8	57.85	55.25	57.85	929870
04/21/15	57.9	58	57	57.85	721890
04/20/15	58.5	58.5	56.1	57	1041420
04/17/15	56.7	58.5	56.7	58.5	1155000
04/16/15	57.45	57.45	55.1	56.7	2784470
04/15/15	57.95	58	57	58	926030
04/14/15	57.55	58	57.55	58	998630
04/13/15	58.1	58.2	57.8	58.1	675120
04/10/2015	57.1	58.85	57.1	58.1	932230
04/08/2015	58	58.15	57.5	57.8	624750
04/07/2015	58.3	58.8	57.95	58	813750
04/06/2015	56.85	58.05	56.85	58.05	2217150
04/01/2015	58.2	58.45	56.85	57.5	1206570
03/31/15	57.5	58.15	57.5	58	3812000
03/30/15	57.5	59.2	57.1	57.1	2274720
03/27/15	57.05	57.3	56.55	57.05	1635760
03/26/15	56.9	57	55.6	57	493040
03/25/15	56.95	56.95	55.05	56.9	952910
03/24/15	56.4	56.95	55.55	56.95	1069240
03/23/15	56.95	56.95	55.55	56.4	549030
03/20/15	55.9	56.35	55.5	55.75	2099210
03/19/15	56.95	56.95	56	56	1664250
03/18/15	57.65	58	57	57.1	940770
03/17/15	57.4	58.4	57	57.7	1140510
03/16/15	57	58.5	56.8	57.4	1394890
03/13/15	57.9	58.2	56.1	57	1286050
03/12/2015	58.8	58.8	57.8	58.3	1088080
03/11/2015	58.6	58.6	57.5	58.6	1676940
03/10/2015	58.5	59	58	58.6	683300
03/09/2015	59	59	58	58.5	750020
03/06/2015	58.1	59	58	59	722740
03/05/2015	58	58.2	57.3	58.1	1618120
03/04/2015	57.1	58.5	57.1	58	1201200
03/03/2015	58.2	58.2	57	57	956920
03/02/2015	56.85	58	56.8	58	1150510
02/27/15	57.95	58.05	56	56.85	1634800
02/26/15	57.05	58	57	58	1158790
02/25/15	57.95	58	57.7	58	1199600
02/24/15	57.8	58	57.7	57.95	1394960
02/23/15	57.8	57.8	57	57.5	624920
02/20/15	56.8	57.9	56.1	57.9	2207300
02/18/15	57.35	57.4	56.8	56.8	436300
02/17/15	57.65	57.65	57.05	57.35	626740
02/16/15	57.6	57.6	57	57.1	585160
02/13/15	58	58	57.1	57.8	1577400
02/12/2015	57.9	57.9	57.05	57.9	1375590
02/11/2015	58	58	56.4	57.9	784050
02/10/2015	57	58	57	57.9	5567260
02/09/2015	58	58	56.8	57.1	754390
02/06/2015	58	58.05	57.5	58	4209330
02/05/2015	58	58	56.5	57.5	2556050
02/04/2015	57.9	58	57.6	58	3089970
02/03/2015	57.9	57.9	56	57.55	1075370
02/02/2015	56.6	58.5	56.6	57.8	2288870
01/30/15	56.7	56.85	56.45	56.6	2083570
01/29/15	56.75	57.9	56.5	56.85	2143010
01/28/15	56.2	56.7	56.2	56.55	6038820
01/27/15	55.75	56.35	55.75	56	1688840
01/26/15	55.45	55.75	55.35	55.75	1234830
01/23/15	55.1	55.5	55.1	55.45	2780920
01/22/15	55	55.2	54.85	55	1950290
01/21/15	55	55.2	54.9	55	1972500
01/20/15	54.4	54.6	54	54.4	6114520
01/19/15	54.65	54.95	53.8	54.4	311970
01/14/15	54.4	55	54.4	54.95	2552900
01/13/15	54.3	54.45	54.2	54.4	3033140
01/12/2015	54.2	54.2	53.2	54.2	1277170
01/09/2015	54.15	54.25	54.15	54.2	3601290
01/08/2015	53.05	54.1	53.05	54	2228960
01/07/2015	53	53.7	52.65	53.55	2313510
01/06/2015	53.65	53.75	52.4	53.75	1917280
01/05/2015	53.7	53.7	53.45	53.65	1128190
