AGI 1216

12/27/19	11.54	11.76	11.54	11.66	17493801
12/26/19	11.52	11.64	11.44	11.6	4679700
12/23/19	11.5	11.54	11.42	11.46	1768900
12/20/19	11.32	11.5	11.28	11.5	24543699
12/19/19	11.36	11.5	11.3	11.32	19321500
12/18/19	11.32	11.6	11.24	11.36	24237699
12/17/19	11.4	11.44	11.22	11.32	20444900
12/16/19	11.16	11.4	11.16	11.38	18540500
12/13/19	11.16	11.26	11.1	11.16	7538000
12/12/2019	11.12	11.16	11.1	11.1	7520700
12/11/2019	11.12	11.26	11.06	11.1	12672800
12/10/2019	11.1	11.1	11.04	11.08	14118800
12/09/2019	11.08	11.2	11.08	11.08	4794200
12/06/2019	11.06	11.24	11.04	11.12	3764800
12/05/2019	11.04	11.12	11.04	11.06	16632100
12/04/2019	11.02	11.12	11.02	11.1	3866600
12/03/2019	10.94	11.16	10.94	11.06	22742301
12/02/2019	11.1	11.1	10.98	11.06	6179600
11/29/19	11.06	11.18	11.04	11.06	20421100
11/28/19	11.08	11.18	11.04	11.1	39623301
11/27/19	10.92	11.28	10.88	11.18	40661199
11/26/19	11.14	11.28	10.78	10.78	305565500
11/25/19	11.18	11.26	11	11.14	19075500
11/22/19	11.24	11.26	11.14	11.18	16579000
11/21/19	11.3	11.36	11.12	11.22	12195100
11/20/19	11.5	11.56	11.32	11.32	7913300
11/19/19	11.38	11.52	11.34	11.4	209679906
11/18/19	11.54	11.58	11.3	11.4	6499200
11/15/19	11.58	11.66	11.4	11.54	6660800
11/14/19	11.6	11.64	11.5	11.6	17835500
11/13/19	11.7	11.72	11.5	11.62	17542100
11/12/2019	11.38	11.72	11.14	11.64	20756699
11/11/2019	10.6	11.28	10.6	11.28	35128898
11/08/2019	11.12	11.12	10.44	10.62	80092094
11/07/2019	11.66	11.66	11.06	11.3	16353700
11/06/2019	11.8	11.8	11.5	11.5	10149100
11/05/2019	11.62	11.74	11.54	11.74	6397100
11/04/2019	11.48	11.74	11.48	11.7	2169400
10/31/19	11.52	11.6	11.34	11.48	13160000
10/30/19	11.88	11.88	11.6	11.6	10920500
10/29/19	11.6	11.96	11.58	11.96	21391600
10/28/19	11.7	11.7	11.44	11.62	3959200
10/25/19	11.9	11.9	11.3	11.7	11287900
10/24/19	11.72	11.9	11.7	11.9	2778900
10/23/19	11.98	12.06	11.7	11.7	4028700
10/22/19	11.8	12	11.72	11.98	5332900
10/21/19	11.7	11.82	11.66	11.82	5122800
10/18/19	11.78	11.8	11.52	11.64	10588600
10/17/19	11.72	11.78	11.52	11.78	2970600
10/16/19	11.52	11.7	11.4	11.7	4203400
10/15/19	11.2	11.66	11.18	11.48	17170301
10/14/19	10.82	11.16	10.82	11.06	4288400
10/11/2019	10.78	10.9	10.74	10.78	3994700
10/10/2019	10.9	11.04	10.66	10.66	25137000
10/09/2019	10.62	10.98	10.52	10.9	12324100
10/08/2019	10.9	11.28	10.6	10.6	17923400
10/07/2019	11.1	11.1	10.82	10.9	7084900
10/04/2019	10.64	11.4	10.46	11.28	23908100
10/03/2019	10.78	10.78	10.34	10.46	7819800
10/02/2019	10.8	11.18	10.6	10.6	8839000
10/01/2019	10.92	11	10.76	10.8	8021500
09/30/19	10.9	11.24	10.7	10.9	17928199
09/27/19	11.3	11.36	10.74	10.9	15782500
09/26/19	11.36	11.5	11.12	11.3	24402900
09/25/19	11.8	11.8	11.22	11.3	12209800
09/24/19	12.06	12.16	11.72	11.86	9331900
09/23/19	12.44	12.44	12.06	12.06	4819100
09/20/19	12.38	12.5	12.26	12.26	10024200
09/19/19	12.56	12.58	12.18	12.38	5398000
09/18/19	12.76	12.76	12.46	12.5	5452800
09/17/19	12.7	12.7	12.44	12.56	1709600
09/16/19	12.7	12.8	12.42	12.76	3173900
09/13/19	12.78	12.78	12.58	12.68	2415600
09/12/2019	12.4	12.78	12.38	12.5	3844300
09/11/2019	12.38	12.38	12.28	12.38	4666800
09/10/2019	12.1	12.28	12.1	12.12	6105100
09/09/2019	12.44	12.44	12.12	12.2	4095600
09/06/2019	12.16	12.4	12.16	12.2	6690200
09/05/2019	12.48	12.5	12.06	12.1	11444000
09/04/2019	12.6	12.6	12.1	12.24	5334100
09/03/2019	12.9	12.9	12.44	12.44	7399300
09/02/2019	13	13.1	12.8	12.92	4372300
08/30/19	12.98	13.16	12.6	12.7	11598500
08/29/19	12.78	13.16	12.78	12.98	5030300
08/28/19	12.34	12.88	12.26	12.76	8412500
08/27/19	12.26	12.42	12.1	12.26	13485300
08/23/19	12.76	12.8	12.06	12.26	19819301
08/22/19	13.2	13.2	12.64	12.8	19390801
08/20/19	13.3	13.38	13.08	13.2	10724000
08/19/19	13.2	13.3	13.08	13.2	11098600
08/16/19	12.88	13.1	12.84	13.02	14742400
08/15/19	13.06	13.06	12.4	12.68	18355000
08/14/19	14	14	13.3	13.3	9213800
08/13/19	14.18	14.18	13.34	14.12	7329800
08/09/2019	14.46	14.48	14.18	14.18	2398100
08/08/2019	14.64	14.74	14.46	14.46	3319100
08/07/2019	14.64	14.9	14.64	14.8	6954000
08/06/2019	15.06	15.06	14.6	14.6	6000500
08/05/2019	15.5	15.5	15.16	15.22	5156400
08/02/2019	15.32	15.5	15.3	15.5	4427100
08/01/2019	15.5	15.62	15.22	15.62	3238800
07/31/19	15.5	15.64	15.4	15.58	5602900
07/30/19	15.7	15.8	15.54	15.6	3393100
07/29/19	15.8	15.8	15.6	15.74	2204900
07/26/19	15.78	15.9	15.5	15.8	7415900
07/25/19	15.6	15.8	15.54	15.8	5246900
07/24/19	15.72	15.72	15.46	15.6	3183700
07/23/19	15.78	15.84	15.68	15.72	2866300
07/22/19	15.68	15.74	15.52	15.74	2439300
07/19/19	15.6	16.04	15.48	15.9	8617000
07/18/19	15.64	15.74	15.48	15.58	3069300
07/17/19	15.84	15.84	15.64	15.64	9960500
07/16/19	15.74	16.2	15.74	15.82	16138500
07/15/19	15.46	15.9	15.28	15.7	6189000
07/12/2019	15.74	15.74	15.5	15.5	5076700
07/11/2019	15.4	15.74	15.36	15.74	2055400
07/10/2019	15.22	15.48	15.22	15.4	5145900
07/09/2019	15.22	15.32	15.14	15.2	3753700
07/08/2019	15.4	15.62	15.14	15.3	6328400
07/05/2019	15.68	15.78	15.56	15.7	5698200
07/04/2019	15.72	15.92	15.68	15.7	4932600
07/03/2019	15.84	15.88	15.7	15.7	3564900
07/02/2019	15.44	15.96	15.44	15.86	8362000
07/01/2019	15.44	15.6	15.38	15.42	4111300
06/28/19	15.46	15.7	15.28	15.44	5802300
06/27/19	15.24	15.46	15.2	15.32	5658200
06/26/19	15.4	15.4	15.12	15.24	6132700
06/25/19	15.42	15.5	15.3	15.4	3503100
06/24/19	15.18	15.36	15.18	15.2	1945500
06/21/19	15.38	15.56	15.12	15.12	6582400
06/20/19	15.22	15.5	15.22	15.3	7200800
06/19/19	15.1	15.3	15.04	15.2	2281000
06/18/19	15.4	15.4	15.08	15.1	3313300
06/17/19	15.5	15.54	15.36	15.4	2494600
06/14/19	15.58	15.7	15.44	15.5	6818200
06/13/19	15.74	15.8	15.42	15.58	5522800
06/11/2019	15.96	16.08	15.7	15.8	4182200
06/10/2019	15.52	15.98	15.4	15.98	2719800
06/07/2019	15.56	15.6	15.4	15.52	901200
06/06/2019	15.8	15.84	15.46	15.6	5048200
06/04/2019	15.98	15.98	15.5	15.9	3761400
06/03/2019	15.56	16.08	15.32	16	9213900
05/31/19	15.28	15.6	15.2	15.6	11671400
05/30/19	15.1	15.46	15.1	15.28	5516400
05/29/19	14.98	15.16	14.9	15.1	4631700
05/28/19	14.54	15	14.5	15	15426100
05/27/19	14.74	14.74	14.46	14.54	2449800
05/24/19	14.66	14.74	14.28	14.7	2877000
05/23/19	14.6	14.74	14.16	14.74	4160200
05/22/19	14.7	14.74	14.5	14.6	4525900
05/21/19	14	14.74	13.9	14.74	6861000
05/20/19	13.9	13.9	13.5	13.8	5436100
05/17/19	13.5	14.12	13.5	13.9	11236100
05/16/19	13.6	13.82	13.44	13.6	8470200
05/15/19	13.92	14	13.6	13.6	5080600
05/14/19	13.36	13.9	13.12	13.88	6328400
05/10/2019	13.62	13.96	13.42	13.6	12240300
05/09/2019	14.3	14.34	13.58	13.58	13910500
05/08/2019	14.52	14.8	14.4	14.4	12025000
05/07/2019	14.96	14.98	14.78	14.84	5887900
05/06/2019	15.38	15.38	14.74	15.1	5671600
05/03/2019	15.56	15.56	15.32	15.32	2982300
05/02/2019	14.94	15.56	14.82	15.56	8756100
04/30/19	15.18	15.18	14.8	14.96	3124500
04/29/19	14.98	15.18	14.8	15.18	4348300
04/26/19	14.94	15	14.82	14.96	3028800
04/25/19	14.5	14.86	14.5	14.82	6762700
04/24/19	14.5	14.78	14.4	14.5	8170900
04/23/19	14.94	14.94	14.5	14.56	7906000
04/22/19	15.1	15.16	14.96	15	4392200
04/17/19	14.8	15.12	14.68	14.98	21679400
04/16/19	14.84	14.92	14.6	14.66	6577800
04/15/19	15.38	15.4	14.88	14.98	11692200
04/12/2019	15.7	15.7	15.38	15.4	8040500
04/11/2019	16.02	16.26	15.6	15.6	11593000
04/10/2019	16.14	16.38	15.84	16.32	34444602
04/08/2019	15.96	16.5	15.96	16.4	15595200
04/05/2019	16	16.1	15.84	15.96	7091900
04/04/2019	16.02	16.1	15.66	16	4753600
04/03/2019	16	16.16	15.94	16.16	2780000
04/02/2019	15.68	15.9	15.68	15.9	3816800
04/01/2019	16.12	16.12	15.6	15.66	5983300
03/29/19	16.24	16.3	15.98	16.16	7062200
03/28/19	16	16.18	15.92	16.18	8405300
03/27/19	15.94	16.04	15.78	15.94	4667000
03/26/19	15.92	16.24	15.92	16.06	5865100
03/25/19	16.3	16.3	15.8	15.94	4578900
03/22/19	15.74	16.3	15.74	16.3	18730699
03/21/19	15.72	15.78	15.6	15.78	7015800
03/20/19	15.48	15.74	15.42	15.72	6927800
03/19/19	15.6	15.62	15.46	15.56	8345200
03/18/19	15.5	15.6	15.32	15.58	12481800
03/15/19	15.12	15.5	15	15.5	13736200
03/14/19	14.9	15.2	14.8	15.1	8775300
03/13/19	15	15.08	14.7	14.98	5764300
03/12/2019	15	15.16	14.96	15	9268100
03/11/2019	14.6	15.06	14.58	14.98	17669699
03/08/2019	14.62	14.62	14.44	14.62	3655100
03/07/2019	14.1	14.64	14	14.58	10369300
03/06/2019	14.06	14.18	13.92	14.18	7705400
03/05/2019	13.94	14.06	13.8	13.94	6360300
03/04/2019	13.7	13.98	13.66	13.9	3833500
03/01/2019	13.7	13.9	13.52	13.7	6901500
02/28/19	14.1	14.2	13.7	13.7	12851600
02/27/19	14.22	14.24	13.94	13.98	11483700
02/26/19	14.04	14.28	14.02	14.2	7827700
02/22/19	14.3	14.3	13.86	14	4124600
02/21/19	14.24	14.3	14.08	14.3	7725300
02/20/19	13.9	14.28	13.9	14.2	10395700
02/19/19	13.88	13.88	13.66	13.82	6178200
02/18/19	13.86	13.98	13.72	13.88	5783000
02/15/19	13.86	14.02	13.8	13.86	11061600
02/14/19	13.8	14.08	13.8	13.86	4507400
02/13/19	14.3	14.3	13.66	13.66	6548900
02/12/2019	14	14.32	13.98	14.3	9980800
02/11/2019	13.78	14.2	13.78	13.96	4567600
02/08/2019	13.8	13.86	13.62	13.78	6829400
02/07/2019	13.82	13.88	13.78	13.86	1715700
02/06/2019	13.8	13.98	13.8	13.8	6405900
02/04/2019	13.9	14.18	13.8	13.8	2792400
02/01/2019	13.88	13.96	13.86	13.9	9995400
01/31/19	13.64	13.94	13.64	13.7	13581800
01/30/19	14.06	14.08	13.5	13.62	8805900
01/29/19	14.3	14.36	13.96	14.08	4437300
01/28/19	14.36	14.4	14.22	14.28	4767500
01/25/19	14.24	14.4	14.2	14.38	6339900
01/24/19	14.3	14.42	14.16	14.26	6270800
01/23/19	14.14	14.3	14	14.2	11284300
01/22/19	14.08	14.16	13.98	14.06	12669700
01/21/19	14.14	14.26	13.98	14.08	15844500
01/18/19	13.96	14.28	13.74	14.28	12213700
01/17/19	13.5	14.1	13.46	13.96	22299500
01/16/19	13.44	13.46	13.04	13.38	9529600
01/15/19	12.98	13.48	12.98	13.4	10139900
01/14/19	12.76	13.12	12.54	13.06	9712000
01/11/2019	12.82	12.82	12.62	12.78	19622400
01/10/2019	12.28	12.88	12.26	12.72	26274400
01/09/2019	11.9	12.22	11.8	12.18	14129700
01/08/2019	11.8	11.9	11.76	11.78	9119900
01/07/2019	11.96	11.96	11.74	11.8	12914500
01/04/2019	11.9	12	11.8	11.8	4427600
01/03/2019	11.9	12	11.88	11.9	5575900
01/02/2019	11.92	12.02	11.8	11.9	2535100
12/28/18	11.98	12	11.74	11.9	3413200
12/27/18	11.88	12.04	11.88	11.98	3969200
12/26/18	12.2	12.2	11.68	11.74	4334000
12/21/18	12.4	12.4	12.22	12.3	7213500
12/20/18	12.28	12.46	12.18	12.46	3625500
12/19/18	12.26	12.36	12.2	12.28	7492600
12/18/18	12.38	12.4	12.16	12.26	6348100
12/17/18	12.24	12.48	12.22	12.42	6413800
12/14/18	12.16	12.24	12.1	12.24	14096000
12/13/18	12.08	12.26	12.08	12.2	13187100
12/12/2018	11.82	12.02	11.8	11.9	17351699
12/11/2018	11.66	11.92	11.64	11.82	7284000
12/10/2018	11.82	11.82	11.58	11.66	1156700
12/07/2018	11.76	11.88	11.62	11.86	7171100
12/06/2018	11.92	11.92	11.74	11.88	4176200
12/05/2018	11.72	11.96	11.6	11.9	8134000
12/04/2018	11.54	11.84	11.52	11.84	24826801
12/03/2018	11.6	11.64	11.28	11.4	30395900
11/29/18	11.3	11.58	11.16	11.42	35605500
11/28/18	11.24	11.4	11	11.16	5225300
11/27/18	11.22	11.4	11.22	11.24	4115500
11/26/18	11.2	11.22	11.14	11.18	12146300
11/23/18	11.1	11.24	11.04	11.14	11034000
11/22/18	10.8	11.1	10.74	11	22110699
11/21/18	10.86	10.88	10.6	10.74	5810600
11/20/18	10.76	10.98	10.64	10.88	6987000
11/19/18	10.8	10.82	10.6	10.76	16400100
11/16/18	10.42	10.72	10.3	10.7	11630400
11/15/18	10.54	10.74	10.18	10.28	9166800
11/14/18	10.52	10.76	10.52	10.54	10828900
11/13/18	10.6	10.62	10.36	10.5	7897100
11/12/2018	11.08	11.1	10.44	10.6	14000600
11/09/2018	11.48	11.62	11.12	11.12	8806800
11/08/2018	11.42	11.6	11.32	11.44	5311900
11/07/2018	11.64	11.88	11.34	11.42	6070600
11/06/2018	11.7	12.02	11.52	11.64	5203900
11/05/2018	11.58	11.88	11.5	11.8	8368300
10/31/18	11.54	11.56	11.34	11.36	6127200
10/30/18	11.7	11.7	11.32	11.32	7440700
10/29/18	11.58	11.7	11.5	11.6	1085200
10/26/18	11.5	11.76	11.42	11.5	2805700
10/25/18	11.68	11.68	11.42	11.5	6117400
10/24/18	11.8	12	11.7	11.7	1562300
10/23/18	12.18	12.26	11.8	11.9	3035500
10/22/18	11.98	12.2	11.8	12.1	6639700
10/19/18	11.9	12.02	11.68	11.9	2856800
10/18/18	11.68	11.94	11.68	11.94	3437100
10/17/18	11.68	12.04	11.68	11.72	4663000
10/16/18	11.62	11.8	11.48	11.68	5334200
10/15/18	11.72	11.9	11.62	11.62	3890400
10/12/2018	11.5	11.84	11.4	11.72	3349600
10/11/2018	11.66	11.66	11.4	11.48	3841400
10/10/2018	12.08	12.08	11.64	11.7	9715600
10/09/2018	11.74	11.98	11.74	11.88	694600
10/08/2018	12	12	11.76	11.76	1773400
10/05/2018	11.9	11.98	11.78	11.78	1875800
10/04/2018	12.24	12.24	12.02	12.02	1013000
10/03/2018	12.2	12.24	12.08	12.24	566200
10/02/2018	12.48	12.48	12.06	12.14	3228000
10/01/2018	12.4	12.48	12.22	12.46	1692400
09/28/18	12.6	12.64	12.4	12.48	2485200
09/27/18	12.6	12.72	12.34	12.4	2656800
09/26/18	12.7	12.7	12.44	12.6	1238800
09/25/18	12.78	12.78	12.46	12.74	620400
09/24/18	13.02	13.02	12.64	12.64	1897800
09/21/18	12.4	13	12.28	13	5786500
09/20/18	12.3	12.44	12.1	12.1	3108600
09/19/18	12.36	12.44	12.26	12.34	1835200
09/18/18	12.44	12.7	12.32	12.36	2597700
09/17/18	12.72	12.84	12.4	12.44	3735600
09/14/18	12.76	12.98	12.7	12.7	4913400
09/13/18	12.78	13.02	12.7	12.76	9686200
09/12/2018	12.84	13.22	12.74	12.74	8250200
09/11/2018	13.1	13.12	12.84	12.84	3568300
09/10/2018	13.36	13.36	13.04	13.14	7594500
09/07/2018	13.48	13.82	13.18	13.36	3712000
09/06/2018	14.26	14.26	13.26	13.48	6817800
09/05/2018	14.68	14.68	14.28	14.4	4703300
09/04/2018	14.32	14.78	14.12	14.7	7335500
09/03/2018	13.78	14.32	13.52	14.32	96261906
08/31/18	13.5	13.8	13.44	13.8	13290900
08/30/18	13.44	13.7	13.4	13.58	6438400
08/29/18	13.2	13.4	13.18	13.4	1297600
08/28/18	13.18	13.4	13.16	13.4	6265600
08/24/18	13.32	13.32	13.04	13.18	8769100
08/23/18	12.64	13.42	12.4	13.42	8109300
08/22/18	12.18	12.68	12.18	12.68	4417400
08/20/18	12.4	12.4	12.12	12.16	2058200
08/17/18	12.28	12.46	12.28	12.4	7247300
08/16/18	12.36	12.36	12.12	12.28	4401200
08/15/18	12.38	12.46	12.2	12.3	2259400
08/14/18	12.3	12.44	12.08	12.38	4696100
08/13/18	12.58	12.58	12.1	12.2	6775900
08/10/2018	12.42	12.66	12.3	12.58	12939300
08/09/2018	12.3	12.56	12.06	12.42	14222200
08/08/2018	11.98	12.26	11.96	12.26	11655900
08/07/2018	12.06	12.1	11.96	12	3005300
08/06/2018	12.16	12.3	11.98	12.04	10772300
08/03/2018	12	12.06	11.98	12	3402400
08/02/2018	12.1	12.1	11.92	12	4896500
08/01/2018	12	12.06	11.94	12.02	10454700
07/31/18	12	12.2	11.92	11.92	7798800
07/30/18	11.98	12.1	11.88	12.1	5099500
07/27/18	11.9	11.94	11.82	11.9	9204200
07/26/18	12	12.18	11.84	11.88	8169200
07/25/18	11.84	12.12	11.8	11.94	14544800
07/24/18	11.6	12	11.58	11.8	7852400
07/23/18	11.84	11.88	11.64	11.66	1373100
07/20/18	11.78	11.88	11.64	11.88	772600
07/19/18	11.84	11.9	11.68	11.68	2619900
07/18/18	11.72	12	11.64	11.82	2980300
07/17/18	11.64	11.66	11.58	11.62	4823000
07/16/18	11.66	11.74	11.6	11.64	3721800
07/13/18	11.64	11.78	11.58	11.66	4965800
07/12/2018	11.6	11.66	11.6	11.6	3496100
07/11/2018	11.7	11.78	11.6	11.64	6132300
07/10/2018	11.64	11.7	11.58	11.64	6646400
07/09/2018	11.7	11.8	11.56	11.64	3921300
07/06/2018	11.84	11.84	11.6	11.7	6354800
07/05/2018	11.7	11.7	11.6	11.7	2973200
07/04/2018	11.62	11.74	11.6	11.7	3354200
07/03/2018	11.7	11.7	11.56	11.62	3205800
07/02/2018	11.66	11.72	11.6	11.62	4129600
06/29/18	11.68	11.74	11.56	11.62	11940600
06/28/18	11.62	11.7	11.56	11.6	7517600
06/27/18	11.64	11.8	11.54	11.62	21581199
06/26/18	12.06	12.06	11.52	11.62	12750400
06/25/18	12.2	12.2	11.82	11.94	12011600
06/22/18	12.32	12.32	11.92	12	13935600
06/21/18	12.48	12.5	12.32	12.34	12895900
06/20/18	12.48	12.6	12.42	12.5	4652900
06/19/18	12.52	12.58	12.38	12.5	5324400
06/18/18	12.54	12.66	12.5	12.64	19317500
06/14/18	12.82	12.82	12.5	12.78	18896100
06/13/18	12.96	12.96	12.76	12.84	6195900
06/11/2018	13	13.08	12.96	12.96	2382600
06/08/2018	13.2	13.2	12.94	12.98	3287000
06/07/2018	13.06	13.2	13	13.1	4882600
06/06/2018	13.2	13.2	13.04	13.08	3401900
06/05/2018	13.14	13.22	12.96	13.18	15055300
06/04/2018	13.04	13.12	12.98	13	5173200
06/01/2018	13.24	13.24	13	13.06	4530000
05/31/18	13.16	13.3	12.94	13.3	21249600
05/30/18	12.96	13.1	12.94	12.98	4745300
05/29/18	13.06	13.16	12.98	13.02	1645800
05/28/18	13.3	13.3	13.02	13.02	3444300
05/25/18	13.22	13.22	13	13.1	2888100
05/24/18	13	13.18	12.96	12.98	2484300
05/23/18	13.1	13.12	12.96	12.98	5912400
05/22/18	13.16	13.34	13.1	13.1	2608400
05/21/18	13.1	13.22	13.1	13.16	1307500
05/18/18	13.4	13.4	13.08	13.08	1189100
05/17/18	13.46	13.6	13.16	13.16	7132100
05/16/18	13.64	13.64	13.08	13.44	4749100
05/15/18	13.62	13.76	13.52	13.64	9526100
05/11/2018	13.24	13.62	13.2	13.6	2333600
05/10/2018	13.06	13.2	13.04	13.04	2895600
05/09/2018	13.1	13.22	13.06	13.08	7513500
05/08/2018	13.2	13.32	13.04	13.04	4672700
05/07/2018	13.2	13.3	13.1	13.14	1596500
05/04/2018	13.14	13.22	13.04	13.2	8759000
05/03/2018	13.18	13.2	13.1	13.14	13531400
05/02/2018	13.04	13.28	13	13.2	6536900
04/30/18	12.96	13.16	12.9	13.04	11319500
04/27/18	12.88	13.02	12.86	12.96	3478300
04/26/18	12.98	13	12.88	12.9	5264000
04/25/18	13.2	13.2	12.9	13	7485800
04/24/18	13.1	13.26	13.02	13.2	13140000
04/23/18	13.16	13.3	12.9	13.04	11296100
04/20/18	13.4	13.4	12.96	13.14	32376801
04/19/18	13.8	14.1	12.76	13.5	26976301
04/18/18	14.04	14.28	14.04	14.2	9197900
04/17/18	14.5	14.5	14.04	14.2	5237200
04/16/18	14.18	14.38	14.02	14.16	2001300
04/13/18	14.2	14.44	14.04	14.18	2505200
04/12/2018	13.98	14.3	13.86	14.2	10857700
04/11/2018	13.82	14	13.66	14	12565800
04/10/2018	13.9	13.96	13.64	13.82	4246800
04/06/2018	13.9	13.96	13.5	13.66	9999000
04/05/2018	13.6	13.9	13.6	13.9	3361000
04/04/2018	13.7	13.88	13.6	13.6	2904700
04/03/2018	13.48	13.6	13.3	13.6	8564900
04/02/2018	13.3	13.56	13.24	13.5	2923900
03/28/18	13.14	13.48	13.14	13.2	10198600
03/27/18	13.06	13.16	12.98	13.08	12309000
03/26/18	12.98	13	12.56	12.74	20657301
03/23/18	13.12	13.18	12.9	12.98	5157200
03/22/18	13.24	13.44	13.12	13.2	7695500
03/21/18	14	14	13.4	13.42	8313500
03/20/18	14.5	14.5	13.74	13.78	6713700
03/19/18	14.38	14.6	14.32	14.38	2414700
03/16/18	14.52	14.6	14.38	14.38	7088600
03/15/18	14.38	14.68	14.34	14.52	1419100
03/14/18	14.4	14.48	14.32	14.38	6268500
03/13/18	14.46	14.66	14.4	14.44	4433500
03/12/2018	14.52	14.7	14.4	14.46	4861800
03/09/2018	14.64	14.7	14.5	14.58	6486700
03/08/2018	14.36	14.74	14.3	14.64	3198300
03/07/2018	14.44	14.5	14.16	14.48	7690900
03/06/2018	14.62	14.62	14.42	14.48	8222300
03/05/2018	14.86	14.86	14.56	14.62	1350200
03/02/2018	14.96	14.96	14.62	14.9	2669800
03/01/2018	14.9	15.26	14.86	15	9187500
02/28/18	14.88	14.96	14.64	14.86	4886500
02/27/18	14.4	14.98	14.4	14.98	9668100
02/26/18	14.5	14.68	14.36	14.4	4239100
02/23/18	14.62	14.64	14.36	14.5	10514500
02/22/18	14.8	14.8	14.56	14.62	8570400
02/21/18	14.88	15	14.7	14.86	8248900
02/20/18	14.72	14.96	14.7	14.9	3131600
02/19/18	14.7	14.98	14.5	14.72	8448000
02/15/18	14.9	14.96	14.34	14.34	21149199
02/14/18	15.3	15.3	14.8	15.16	11525200
02/13/18	15.32	15.32	15.16	15.3	2454200
02/12/2018	15.24	15.5	15.18	15.38	2462800
02/09/2018	15.22	15.58	15.22	15.24	7822400
02/08/2018	15.58	15.64	15.38	15.5	7952700
02/07/2018	15.52	16.02	15.46	15.58	13059900
02/06/2018	15.06	15.48	15.06	15.48	15420700
02/05/2018	15.3	15.58	15.02	15.48	16758000
02/02/2018	15.24	15.6	15.24	15.6	13588400
02/01/2018	15.34	15.5	15.18	15.24	6902900
01/31/18	15.3	15.48	15.04	15.34	8842300
01/30/18	15.52	15.58	15.04	15.3	10604400
01/29/18	15.86	15.98	15.5	15.5	7679700
01/26/18	15.78	15.98	15.7	15.84	8485700
01/25/18	15.98	15.98	15.76	15.8	21383199
01/24/18	16.02	16.02	15.8	16	5898000
01/23/18	15.9	16.08	15.88	16.02	6482500
01/22/18	16.2	16.2	15.9	15.9	2936500
01/19/18	16	16.2	15.9	16.2	7432400
01/18/18	15.96	16.2	15.9	16	9776000
01/17/18	16	16.08	15.88	15.98	8801200
01/16/18	15.92	16	15.86	15.98	12894700
01/15/18	16.1	16.1	15.76	15.98	4774600
01/12/2018	16.14	16.2	16	16.1	1506300
01/11/2018	16.24	16.26	15.94	16.14	4617400
01/10/2018	16.32	16.32	16.2	16.28	3221000
01/09/2018	16.26	16.44	16.24	16.32	5004500
01/08/2018	16.4	16.5	16.1	16.24	5038200
01/05/2018	16.46	16.46	16.36	16.4	6703600
01/04/2018	16.42	16.5	16.32	16.46	6978900
01/03/2018	16	16.5	16	16.42	12510900
12/29/17	15.94	16.18	15.94	16	5619100
12/28/17	15.88	16.12	15.88	15.94	4578700
12/27/17	15.96	16	15.78	16	1562900
12/22/17	15.88	15.94	15.76	15.94	2426900
12/21/17	15.92	16	15.76	15.88	1531400
12/20/17	16.08	16.1	15.9	15.94	1280800
12/19/17	16.2	16.2	15.98	16.08	2149800
12/18/17	15.96	16.24	15.88	16.2	3546500
12/15/17	16	16	15.82	15.96	4630800
12/14/17	16.08	16.22	15.92	16	7079300
12/13/17	15.96	16.14	15.76	16.14	2025000
12/12/2017	15.94	16.12	15.76	15.8	3878600
12/11/2017	15.74	15.96	15.74	15.9	5955200
12/08/2017	15.58	15.72	15.54	15.72	4971600
12/07/2017	15.5	15.76	15.44	15.58	4954100
12/06/2017	15.74	15.74	15.52	15.62	5884700
12/05/2017	15.72	15.82	15.68	15.74	11468400
12/04/2017	15.76	15.76	15.4	15.72	4211300
12/01/2017	15.62	15.84	15.46	15.74	7752800
11/29/17	15.5	15.64	15.44	15.64	6172800
11/28/17	15.64	15.66	15.44	15.52	1829200
11/27/17	15.54	15.7	15.36	15.7	4665900
11/24/17	15.68	15.7	15.48	15.6	5442400
11/23/17	15.78	15.78	15.68	15.68	2310800
11/22/17	15.9	15.92	15.82	15.82	2514500
11/21/17	15.58	15.98	15.5	15.9	6702300
11/20/17	15.58	15.6	15.34	15.6	2260000
11/17/17	15.46	15.5	15.28	15.5	6743800
11/16/17	15.38	15.42	15.28	15.3	3362500
11/15/17	15.56	15.6	15.4	15.42	4077300
11/14/17	15.32	15.8	15.18	15.8	4137100
11/13/17	15.3	15.56	15.2	15.32	2834900
11/10/2017	15.58	15.66	15.26	15.3	9601600
11/09/2017	15.8	15.8	15.56	15.58	5753800
11/08/2017	15.74	15.92	15.54	15.8	5914900
11/07/2017	16	16	15.68	15.96	5388700
11/06/2017	15.86	16.1	15.66	16.1	2198100
11/03/2017	15.88	16.12	15.8	15.86	9724100
11/02/2017	15.86	16	15.78	15.8	3477400
10/30/17	16	16	15.62	16	3587100
10/27/17	15.36	15.88	15.06	15.88	6561400
10/26/17	15.46	15.46	15.2	15.2	6002600
10/25/17	15.4	15.4	15.2	15.3	6927100
10/24/17	15.2	15.3	15.06	15.16	7618100
10/23/17	15.3	15.68	15.26	15.32	4397300
10/20/17	15.48	15.54	15.18	15.26	7368500
10/19/17	15.84	15.84	15.42	15.48	9196100
10/18/17	16.38	16.38	15.82	15.86	11074700
10/17/17	16.66	16.66	16.2	16.36	5179800
10/13/17	16.86	16.86	16.44	16.44	4590600
10/12/2017	16.8	16.92	16.7	16.78	3094100
10/11/2017	16.7	17.08	16.64	16.68	18172900
10/10/2017	16.86	16.88	16.64	16.7	10930000
10/09/2017	16.96	17	16.8	16.9	2770700
10/06/2017	17.12	17.16	16.88	16.9	3176200
10/05/2017	17.02	17.18	16.8	17.18	4655800
10/04/2017	16.88	17.18	16.88	17	7110900
10/03/2017	16.5	17	16.5	16.84	9126600
10/02/2017	16.06	16.56	16.06	16.4	27545600
09/29/17	16	16.26	15.96	16.04	10888100
09/28/17	16.22	16.3	15.84	15.98	23944699
09/27/17	16.4	16.4	16.14	16.3	10708300
09/26/17	16.68	16.68	16.24	16.5	8108400
09/25/17	16.82	17.18	16.66	16.8	8025000
09/22/17	16.9	17.3	16.6	16.84	16224700
09/21/17	15.78	16.96	15.76	16.9	26401699
09/20/17	15.04	15.72	15.04	15.7	16874301
09/19/17	14.8	15.16	14.7	15.04	18347801
09/18/17	14.62	14.86	14.6	14.76	6759600
09/15/17	14.9	14.96	14.58	14.58	14939700
09/14/17	14.82	14.94	14.82	14.86	5634400
09/13/17	14.94	15.04	14.76	14.8	17917699
09/11/2017	14.7	15.02	14.62	14.94	6051500
09/08/2017	14.24	14.7	14.22	14.7	15916500
09/07/2017	14.1	14.28	14.1	14.22	5070100
09/06/2017	14.2	14.2	13.98	14	11233400
09/05/2017	14.2	14.3	14.14	14.2	13191000
09/04/2017	14	14.1	13.92	14.04	5125600
08/31/17	14.02	14.02	13.72	13.9	16829100
08/30/17	13.68	13.9	13.5	13.9	3184800
08/29/17	13.9	13.9	13.48	13.5	10265200
08/25/17	13.72	13.72	13.6	13.7	2183500
08/24/17	13.68	13.78	13.6	13.72	1237900
08/23/17	13.4	13.68	13.4	13.6	5101000
08/22/17	13.8	13.8	13.34	13.4	3498300
08/18/17	13.82	13.88	13.06	13.6	3360200
08/17/17	13.8	13.8	13.62	13.7	5349100
08/16/17	13.6	13.64	13.5	13.6	5600800
08/15/17	13.62	13.64	13.54	13.54	2661600
08/14/17	13.7	13.8	13.56	13.6	5276600
08/11/2017	13.78	13.78	13.52	13.52	3229900
08/10/2017	14	14.02	13.7	13.78	3513500
08/09/2017	13.98	14	13.68	14	6205500
08/08/2017	14.16	14.2	13.92	13.92	5716600
08/07/2017	14.2	14.3	14.14	14.16	1793700
08/04/2017	14.38	14.4	14.16	14.2	3462400
08/03/2017	14.36	14.48	14.14	14.28	7681900
08/02/2017	14.34	14.52	14.32	14.32	15471100
08/01/2017	14.32	14.4	14.2	14.34	9600900
07/31/17	14.3	14.36	14.2	14.36	7602800
07/28/17	14.36	14.5	14.28	14.3	4007400
07/27/17	14.34	14.54	14.22	14.36	7922400
07/26/17	14.38	14.46	14.2	14.2	10521700
07/25/17	14.06	14.38	14.06	14.24	6156800
07/24/17	14.04	14.04	14	14.02	9409900
07/21/17	14.18	14.18	13.92	14	7183300
07/20/17	14.08	14.08	13.94	13.96	18937600
07/19/17	14.04	14.04	13.92	13.98	10824100
07/18/17	14	14.04	13.9	13.9	2218400
07/17/17	14	14.06	13.94	13.98	3079100
07/14/17	14	14.04	13.86	14	2179500
07/13/17	14.1	14.16	13.96	14	6098100
07/12/2017	14	14.08	13.98	14	14398100
07/11/2017	14.04	14.12	14	14	5585000
07/10/2017	14.2	14.2	14	14	3054900
07/07/2017	14.2	14.22	14.12	14.16	2084900
07/06/2017	14.2	14.3	14.1	14.14	3001400
07/05/2017	14.32	14.32	14.1	14.18	5016600
07/04/2017	14.4	14.4	14.3	14.32	2800300
07/03/2017	14.3	14.4	14.28	14.4	1436900
06/30/17	14.1	14.5	13.98	14.3	6447200
06/29/17	14.56	14.56	13.9	14	4829000
06/28/17	14.66	14.66	14.4	14.4	2625000
06/27/17	14.6	14.66	14.48	14.66	5400100
06/23/17	14.48	14.6	14.22	14.54	3949100
06/22/17	14.34	14.48	14.12	14.4	10204200
06/21/17	14.16	14.16	14.06	14.1	4608700
06/20/17	14.3	14.32	14	14.06	4634800
06/19/17	14.16	14.32	14.14	14.3	4075800
06/16/17	14.2	14.36	14.08	14.14	6146500
06/15/17	14.38	14.38	14.18	14.2	3666700
06/14/17	13.96	14.4	13.78	14.4	6735100
06/13/17	14.4	14.4	13.66	13.66	9750600
06/09/2017	14.48	14.52	14.4	14.44	5998200
06/08/2017	14.86	14.86	14.42	14.48	6688400
06/07/2017	14.4	14.68	14.4	14.68	11813300
06/06/2017	14.8	14.84	14.2	14.2	10422500
06/05/2017	14.72	14.84	14.4	14.8	17918500
06/02/2017	15.16	15.32	14.62	14.74	25915801
06/01/2017	15.42	15.42	15.22	15.32	6717800
05/31/17	15.36	15.48	15.14	15.48	156836797
05/30/17	15.3	15.4	15.14	15.2	5682100
05/29/17	15.26	15.44	15.26	15.3	11044100
05/26/17	15.1	15.34	15.1	15.3	7791200
05/25/17	15.22	15.34	15.02	15.1	9131800
05/24/17	15.02	15.22	14.9	15.22	11947800
05/23/17	15	15.3	14.9	15.24	22704699
05/22/17	14.72	15	14.72	14.98	11036600
05/19/17	14.86	15.04	14.86	14.9	7489200
05/18/17	15	15	14.78	14.86	9190800
05/17/17	15.16	15.22	14.84	15	14598900
05/16/17	15.1	15.16	14.98	15.16	47276102
05/15/17	14.22	14.76	14.22	14.7	24027301
05/12/2017	14.14	14.2	14	14.12	8596200
05/11/2017	14.4	14.64	14.1	14.14	17148199
05/10/2017	14.78	14.8	14.26	14.26	9475500
05/09/2017	14.7	14.84	14.58	14.72	9493200
05/08/2017	14.3	14.74	14.3	14.7	13592200
05/05/2017	14.26	14.44	14.2	14.26	8782400
05/04/2017	14.12	14.4	14.04	14.26	9511500
05/03/2017	14.36	14.36	14.1	14.16	6265900
05/02/2017	14.6	14.8	14.18	14.32	8516100
04/27/17	14.92	14.92	14.64	14.8	5466300
04/26/17	14.64	14.92	14.62	14.92	11510100
04/25/17	14.54	14.7	14.5	14.6	6247800
04/24/17	14.78	14.78	14.54	14.56	1685500
04/21/17	14.78	14.8	14.58	14.7	6593500
04/20/17	14.54	14.8	14.4	14.78	6647200
04/19/17	14.6	14.6	14.48	14.54	5671300
04/18/17	14.2	14.6	14.2	14.6	22887199
04/17/17	14.32	14.34	14.02	14.1	6891400
04/12/2017	13.92	14.32	13.84	14.32	11774300
04/11/2017	13.68	14.12	13.6	13.86	13934800
04/10/2017	13.6	13.84	13.6	13.68	7820900
04/07/2017	13.42	13.86	13.42	13.6	13937700
04/06/2017	13	13.4	13	13.4	149132703
04/05/2017	12.9	13	12.9	12.98	3956900
04/04/2017	12.9	12.98	12.88	12.9	3980100
04/03/2017	12.76	12.9	12.68	12.86	2246800
03/31/17	12.46	12.68	12.46	12.68	1799500
03/30/17	12.58	12.7	12.46	12.46	4069100
03/29/17	12.8	12.8	12.44	12.44	11470200
03/28/17	12.82	12.96	12.52	12.7	4981300
03/27/17	12.92	13	12.84	12.86	3718600
03/24/17	13	13.1	12.96	13.02	2901900
03/23/17	12.94	13.08	12.9	13	18099199
03/22/17	12.8	12.98	12.72	12.88	4063800
03/21/17	12.7	12.86	12.68	12.78	13404700
03/20/17	12.7	12.72	12.6	12.7	2271500
03/17/17	12.46	12.68	12.34	12.68	9365200
03/16/17	12.34	12.54	12.34	12.5	1300200
03/15/17	12.56	12.7	12.2	12.34	8960100
03/14/17	12.62	12.7	12.52	12.56	4962800
03/13/17	12.4	12.6	12.34	12.5	33602398
03/10/2017	12.4	12.46	12.32	12.32	4614600
03/09/2017	12.46	12.54	12.34	12.36	4588100
03/08/2017	12.58	12.66	12.38	12.38	7447100
03/07/2017	12.66	12.7	12.58	12.58	4387800
03/06/2017	12.5	12.72	12.5	12.66	12615300
03/03/2017	12.68	12.68	12.46	12.5	11509000
03/02/2017	12.68	12.72	12.5	12.66	5538000
03/01/2017	12.7	12.88	12.5	12.68	63129602
02/28/17	12.84	12.84	12.68	12.7	11839700
02/27/17	12.78	12.9	12.78	12.8	988800
02/24/17	12.82	12.94	12.76	12.78	5344600
02/23/17	13	13.02	12.82	12.82	5821400
02/22/17	12.88	12.98	12.88	12.96	6393600
02/21/17	12.84	12.92	12.8	12.88	7895800
02/20/17	12.82	12.94	12.82	12.84	7527800
02/17/17	13	13.06	12.8	12.82	14973800
02/16/17	13	13.02	12.94	12.98	5749800
02/15/17	12.9	13.08	12.82	12.88	30952400
02/14/17	12.82	12.88	12.7	12.88	5571300
02/13/17	12.74	12.8	12.6	12.8	2288100
02/10/2017	12.8	12.8	12.58	12.7	4304300
02/09/2017	12.7	12.76	12.66	12.74	8580900
02/08/2017	12.56	12.7	12.5	12.62	4189400
02/07/2017	12.68	12.68	12.54	12.58	4160600
02/06/2017	12.68	12.74	12.66	12.66	10256300
02/03/2017	12.8	12.8	12.6	12.62	2941200
02/02/2017	12.6	12.82	12.6	12.8	4323600
02/01/2017	12.64	12.7	12.56	12.6	3326000
01/31/17	12.72	12.84	12.54	12.54	4529400
01/30/17	13.04	13.04	12.66	12.7	4872400
01/27/17	12.86	13.02	12.8	12.86	8561200
01/26/17	12.86	12.88	12.76	12.8	2677100
01/25/17	12.96	13.02	12.78	12.86	2611400
01/24/17	12.66	12.96	12.66	12.86	5839100
01/23/17	12.76	12.76	12.6	12.6	9488100
01/20/17	12.88	12.88	12.72	12.76	4391200
01/19/17	12.9	13.1	12.82	12.88	3793100
01/18/17	12.66	12.94	12.62	12.74	6056300
01/17/17	13	13	12.6	12.74	3659100
01/16/17	13.12	13.12	12.9	12.98	6335600
01/13/17	13.4	13.56	13.14	13.2	2970400
01/12/2017	13.4	13.6	13.24	13.3	2467600
01/11/2017	13.68	13.9	13.38	13.38	5067500
01/10/2017	13.4	13.9	13.38	13.7	6695800
01/09/2017	13.4	13.4	13.28	13.38	2263100
01/06/2017	13.2	13.54	13.04	13.4	11806800
01/05/2017	13.22	13.36	13.08	13.1	7882100
01/04/2017	12.8	13.3	12.8	13.2	7388200
01/03/2017	12.64	12.8	12.62	12.8	2034900
12/29/16	12.7	12.88	12.52	12.78	3461100
12/28/16	12.5	12.72	12.5	12.72	3068400
12/27/16	12.3	12.5	12.22	12.5	717300
12/23/16	12.62	12.62	12.2	12.3	3577300
12/22/16	12.7	12.7	12.52	12.6	5067400
12/21/16	12.74	12.8	12.6	12.64	3839100
12/20/16	12.66	12.68	12.6	12.64	6668500
12/19/16	12.9	12.9	12.62	12.66	6656200
12/16/16	12.8	12.9	12.64	12.9	4871600
12/15/16	12.62	12.76	12.52	12.7	3162400
12/14/16	12.66	12.78	12.58	12.76	6422500
12/13/16	12.9	12.9	12.56	12.64	4156700
12/12/2016	13.26	13.26	12.72	12.88	2386500
12/09/2016	13.2	13.28	13.08	13.26	5486600
12/08/2016	13.04	13.14	12.88	13.14	4344300
12/07/2016	12.96	13.06	12.88	13	931800
12/06/2016	12.9	12.98	12.8	12.92	2070500
12/05/2016	13.08	13.08	12.86	12.88	4801800
12/02/2016	13.2	13.24	12.66	13.02	5793100
12/01/2016	13.1	13.26	13	13.1	5317200
11/29/16	13.1	13.1	12.6	13	11836000
11/28/16	13.26	13.26	12.7	13.1	4315200
11/25/16	13.12	13.3	13.04	13.1	5184800
11/24/16	12.94	13.12	12.92	13	6168700
11/23/16	12.8	12.98	12.8	12.94	3432500
11/22/16	12.7	12.86	12.52	12.76	23904801
11/21/16	12.9	12.9	12.4	12.7	3295600
11/18/16	12.96	13.08	12.9	12.9	3053400
11/17/16	12.84	13.14	12.78	12.9	3342300
11/16/16	12.62	13.1	12.62	12.7	2864700
11/15/16	12.8	13.1	12.5	12.5	5073100
11/14/16	12.8	12.8	12.22	12.8	8557900
11/11/2016	13.5	13.6	12.82	12.84	8147200
11/10/2016	13.5	13.6	13.36	13.6	3606500
11/09/2016	13.8	13.8	13.2	13.4	2706900
11/08/2016	13.52	13.9	13.46	13.9	4836100
11/07/2016	13.64	13.7	13.4	13.4	4538700
11/04/2016	13.66	13.74	13.5	13.58	8903300
11/03/2016	13.9	13.9	13.4	13.82	10250700
11/02/2016	14.58	14.58	13.96	13.98	5214200
10/28/16	14.2	14.26	14.04	14.26	6454000
10/27/16	14.6	14.6	14.2	14.2	6526600
10/26/16	15.2	15.2	14.52	14.6	8602700
10/25/16	15.34	15.34	15.18	15.2	1868300
10/24/16	15.28	15.28	15.14	15.28	2608400
10/21/16	15.48	15.48	15.26	15.28	2561900
10/20/16	15.28	15.4	15.26	15.36	3589700
10/19/16	15.3	15.5	15.18	15.18	3561900
10/18/16	15	15.28	14.98	15.24	7192900
10/17/16	15.1	15.2	15.02	15.12	3371000
10/14/16	15.22	15.38	15	15	3645600
10/13/16	15.56	15.7	15.22	15.22	4094700
10/12/2016	15.78	15.8	15.58	15.64	4408000
10/11/2016	15.68	15.9	15.68	15.8	3029900
10/10/2016	15.8	15.8	15.64	15.68	2600300
10/07/2016	15.96	15.96	15.5	15.8	2737700
10/06/2016	15.76	15.98	15.76	15.92	1962100
10/05/2016	16	16	15.8	15.9	3477400
10/04/2016	15.98	16	15.9	16	4762300
10/03/2016	15.88	16.08	15.84	15.88	2898400
09/30/16	16.02	16.02	15.84	15.9	4744000
09/29/16	16.08	16.08	15.94	16	7441400
09/28/16	15.9	16.1	15.76	16.1	1744100
09/27/16	16.16	16.16	15.78	15.86	5700400
09/26/16	16.42	16.42	16.04	16.2	3487900
09/23/16	16.5	16.5	16.24	16.4	3316300
09/22/16	16.22	16.5	16.22	16.5	2330400
09/21/16	16.4	16.4	16.16	16.22	2460300
09/20/16	16.4	16.44	16.2	16.36	7721700
09/19/16	16.3	16.3	16.1	16.26	4444100
09/16/16	16.2	16.3	16.1	16.2	6801500
09/15/16	16.32	16.34	16.12	16.26	4501000
09/14/16	16.44	16.44	16.14	16.32	3090300
09/13/16	16.5	16.5	16.3	16.44	2628900
09/09/2016	16.7	16.7	16.3	16.3	3218000
09/08/2016	16.22	16.7	16	16.7	4547600
09/07/2016	16.82	16.82	16.3	16.3	6055800
09/06/2016	16.8	17	16.6	16.82	9907500
09/05/2016	16.42	16.8	16.34	16.8	3769600
09/02/2016	16.18	16.54	16.18	16.4	5510900
09/01/2016	16.2	16.3	16.1	16.18	6694300
08/31/16	16.32	16.4	16	16.3	6514900
08/30/16	16.4	16.42	16.16	16.42	3709300
08/26/16	16.36	16.82	16.36	16.4	7452800
08/25/16	16.2	16.28	16.1	16.2	2574800
08/24/16	16.44	16.46	16.1	16.28	1939000
08/23/16	16.28	16.46	16.06	16.46	4759200
08/22/16	16.04	16.28	16.04	16.28	4277900
08/19/16	16.28	16.28	16	16.04	3191300
08/18/16	16	16.3	15.9	16.3	3446200
08/17/16	15.9	16	15.66	16	4147400
08/16/16	16.02	16.12	15.78	15.92	4776500
08/15/16	16	16	15.78	16	3941700
08/12/2016	16.2	16.22	15.78	16	5803100
08/11/2016	16.42	16.42	15.98	16	4274300
08/10/2016	16.4	16.44	16.28	16.4	1981100
08/09/2016	16.22	16.42	16.2	16.4	4356300
08/08/2016	16	16.22	15.98	16.2	2053600
08/05/2016	15.84	16.08	15.84	16	2865400
08/04/2016	15.8	16	15.8	15.84	2618300
08/03/2016	16.26	16.26	15.7	15.84	4575700
08/02/2016	16.26	16.26	16.1	16.26	2482400
08/01/2016	16.26	16.26	16.02	16.26	3731500
07/29/16	16.14	16.38	16.08	16.16	4087900
07/28/16	16.44	16.44	16.1	16.14	4869100
07/27/16	16.4	16.4	16.2	16.3	3922400
07/26/16	16.6	16.62	16.16	16.4	7555800
07/25/16	16.6	16.64	16.5	16.56	9439200
07/22/16	16.3	16.76	16.3	16.58	11623300
07/21/16	16.24	16.34	16.22	16.28	4661500
07/20/16	16.32	16.32	16.14	16.22	1804500
07/19/16	16.16	16.36	16.1	16.32	9992100
07/18/16	16.38	16.38	15.84	16.04	7156400
07/15/16	16.12	16.38	16.12	16.3	7434700
07/14/16	15.7	16.24	15.56	16	13099200
07/13/16	15.3	15.74	15.3	15.6	6111000
07/12/2016	15.28	15.44	15.22	15.28	5100800
07/11/2016	15.3	15.3	15.2	15.26	3877800
07/08/2016	15.22	15.28	15.14	15.26	2028400
07/07/2016	15.3	15.34	15.08	15.28	2835100
07/05/2016	15.2	15.4	15.16	15.3	2804300
07/04/2016	15.22	15.32	15.12	15.2	4634900
07/01/2016	14.94	15.28	14.94	15.2	4460800
06/30/16	15.22	15.5	14.8	14.8	6630600
06/29/16	15.2	15.36	15.16	15.2	7730600
06/28/16	15.38	15.4	15.12	15.18	8892800
06/27/16	15.4	15.6	15.04	15.38	6329700
06/24/16	15.7	15.78	15.42	15.6	3557800
06/23/16	15.8	15.8	15.62	15.8	1787900
06/22/16	15.9	15.9	15.76	15.8	9239200
06/21/16	15.8	15.88	15.76	15.8	13711800
06/20/16	15.88	15.88	15.7	15.7	4346200
06/17/16	16	16.04	15.9	15.9	5523600
06/16/16	15.84	16	15.84	15.9	5430000
06/15/16	15.9	15.96	15.8	15.96	1566900
06/14/16	15.94	16	15.6	16	3880000
06/13/16	15.94	16	15.48	16	4656500
06/10/2016	15.5	15.98	15.5	15.98	4118100
06/09/2016	16.1	16.1	15.5	15.5	1671900
06/08/2016	15.7	16.12	15.7	16.1	10898800
06/07/2016	15.54	15.92	15.52	15.56	5323900
06/06/2016	15.78	15.8	15.42	15.42	2918100
06/03/2016	15.5	15.68	15.46	15.68	7148300
06/02/2016	15.5	15.54	15.4	15.5	4072500
06/01/2016	15.22	15.54	15.22	15.4	6650800
05/31/16	15.7	15.7	15.22	15.22	13497500
05/30/16	15.32	15.8	15.24	15.5	6309900
05/27/16	15.1	15.38	15.1	15.3	7044400
05/26/16	14.8	15.14	14.76	15	10671300
05/25/16	14.66	14.78	14.52	14.76	9222300
05/24/16	14.5	14.68	14.4	14.58	9605800
05/23/16	14.44	14.44	14.28	14.36	3331700
05/20/16	14.56	14.56	14.04	14.22	4571400
05/19/16	14.58	14.7	14.54	14.56	9676200
05/18/16	14.26	14.66	14.26	14.58	21166100
05/17/16	14.3	14.38	14.14	14.24	14474700
05/16/16	14.6	14.6	14.22	14.26	6122800
05/13/16	14.66	14.8	14.48	14.6	9349200
05/12/2016	14.52	14.68	14.4	14.46	5211900
05/11/2016	14.42	14.8	14.42	14.46	23614699
05/10/2016	14.2	14.36	13.98	14.36	9252600
05/06/2016	14.3	14.36	14.12	14.36	5426400
05/05/2016	14.52	14.52	14.22	14.36	2275600
05/04/2016	14.78	14.78	14.42	14.7	1365500
05/03/2016	14.6	14.86	14.42	14.86	3275700
05/02/2016	14.5	14.52	14.1	14.36	3303600
04/29/16	14.78	14.78	14.5	14.5	15045900
04/28/16	15.1	15.3	14.5	14.5	5944500
04/27/16	15.7	15.7	15.16	15.24	5002900
04/26/16	16	16	15.7	15.84	3969300
04/25/16	16.42	16.42	15.94	16	5411600
04/22/16	16.44	16.6	16.42	16.46	6436200
04/21/16	16.4	16.68	16.34	16.68	6281300
04/20/16	16.36	16.46	16.34	16.38	2898300
04/19/16	16.24	16.42	16.24	16.36	7060000
04/18/16	16.52	16.52	16.2	16.2	1702500
04/15/16	16.72	16.72	16.42	16.52	2061500
04/14/16	16.8	16.82	16.7	16.7	4493700
04/13/16	16.82	16.82	16.62	16.7	3642300
04/12/2016	16.88	16.9	16.7	16.78	3136200
04/11/2016	16.98	16.98	16.76	16.9	824300
04/08/2016	17	17	16.68	16.76	6150200
04/07/2016	16.72	17	16.6	17	5695300
04/06/2016	16.58	16.7	16.42	16.64	5155300
04/05/2016	16.5	16.6	16.42	16.6	2534400
04/04/2016	16.5	16.68	16.4	16.54	1696500
04/01/2016	16.52	16.9	16.28	16.48	7961000
03/31/16	17.02	17.12	16.5	16.5	6444100
03/30/16	16.92	17.2	16.92	17.02	3690700
03/29/16	17.22	17.42	16.88	16.9	6539200
03/28/16	16.96	17.36	16.78	17.22	8883700
03/23/16	16.2	16.98	16.2	16.94	14751900
03/22/16	16	16.1	15.98	16.06	13367700
03/21/16	16	16.16	15.98	16	5453900
03/18/16	16	16.08	15.88	15.88	8190400
03/17/16	16	16	15.92	16	3463500
03/16/16	16	16.1	15.8	15.84	6698500
03/15/16	16	16.1	15.88	16	9316400
03/14/16	16.28	16.3	15.86	15.86	4474900
03/11/2016	15.62	16.1	15.62	16	8271200
03/10/2016	15.4	16.2	15.4	16.1	13112100
03/09/2016	15.28	15.4	15.24	15.4	14788800
03/08/2016	15.48	15.48	15.18	15.28	7278200
03/07/2016	15.4	15.6	15.38	15.46	7318100
03/04/2016	15.3	15.5	15.2	15.3	6029500
03/03/2016	14.8	15.5	14.8	15.3	10392600
03/02/2016	14.38	14.8	14.38	14.8	2934000
03/01/2016	14.12	14.5	14.12	14.38	2550400
02/29/16	14.5	14.56	14.2	14.4	10109400
02/26/16	14.56	14.56	14.46	14.5	9162900
02/24/16	14.58	14.58	14.44	14.58	3520500
02/23/16	14.36	14.62	14.36	14.58	10103300
02/22/16	14.6	14.78	14.28	14.32	3970000
02/19/16	14.66	14.8	14.6	14.6	9470800
02/18/16	14.5	14.68	14.5	14.62	2964400
02/17/16	14.5	14.6	14.34	14.48	7764000
02/16/16	14.28	14.5	14.28	14.4	7144000
02/15/16	14.28	14.4	14.16	14.2	1437600
02/12/2016	14.24	14.28	14.2	14.24	2065600
02/11/2016	14.2	14.34	14.12	14.24	5984500
02/10/2016	14.2	14.34	13.96	14	5400400
02/09/2016	14.66	14.66	14.36	14.38	2290900
02/05/2016	14.32	14.76	14.32	14.7	6187100
02/04/2016	14.36	14.56	14.36	14.46	6150100
02/03/2016	14.52	14.62	14.2	14.5	5826000
02/02/2016	14.78	14.78	14.5	14.62	8089000
02/01/2016	14.8	14.82	14.7	14.78	11487300
01/29/16	14.5	14.8	14.4	14.8	8349200
01/28/16	14	14.5	13.7	14.5	15223200
01/27/16	13.8	14.2	13.7	14	9218700
01/26/16	13.8	14.14	13.62	13.7	5409500
01/25/16	13.56	14.1	13.56	14	8428700
01/22/16	13	13.3	12.68	13.2	8480300
01/21/16	13.8	14	12.6	12.7	10973300
01/20/16	13.92	14.2	13.8	13.8	6780500
01/19/16	13.94	14.2	13.94	14.06	2538700
01/18/16	14.42	14.42	13.76	13.92	8254500
01/15/16	14.8	14.82	14.56	14.62	3203000
01/14/16	14.78	14.78	14.56	14.6	2585100
01/13/16	15.02	15.14	14.9	14.9	3099900
01/12/2016	14.62	15.34	14.62	14.78	6929700
01/11/2016	15.2	15.2	14.56	14.6	7074400
01/08/2016	15.3	15.6	15.2	15.2	3819900
01/07/2016	16	16.04	15.4	15.4	2923200
01/06/2016	15.94	16.18	15.94	16.04	3998200
01/05/2016	15.98	16.04	15.94	16	8207000
01/04/2016	16.16	16.5	15.96	15.98	7784000
12/29/15	16.86	16.92	16.1	16.1	3919300
12/28/15	16.88	16.88	16.72	16.8	3207100
12/23/15	16.6	16.9	16.58	16.72	5877300
12/22/15	16.26	16.62	16.22	16.52	3318200
12/21/15	16.3	16.34	16	16.26	1862800
12/18/15	16.2	16.26	16.04	16.26	4499100
12/17/15	16	16.56	16	16.4	9279200
12/16/15	15.76	16.08	15.64	16	10168000
12/15/15	15.5	15.68	15.5	15.58	14121700
12/14/15	15.6	15.6	15.16	15.3	7308400
12/11/2015	16.22	16.5	15.6	15.6	9401900
12/10/2015	16.68	16.7	16	16.22	15373600
12/09/2015	16.5	16.82	16.38	16.7	1949700
12/08/2015	17.2	17.2	16.46	16.5	2298800
12/07/2015	17.1	17.2	17.08	17.1	3073300
12/04/2015	17.3	17.32	17.1	17.1	2653900
12/03/2015	17.82	17.82	17.5	17.5	2418200
12/02/2015	17.9	17.9	17.8	17.9	773700
12/01/2015	17.7	18.1	17.7	17.8	14734500
11/27/15	17.96	18.2	17.7	17.7	7448000
11/26/15	18.14	18.14	17.8	17.98	9245800
11/25/15	18.16	18.16	17.82	17.84	6478300
11/24/15	18.16	18.16	17.6	18	3955000
11/23/15	17.9	18.2	17.5	17.9	2013900
11/20/15	17.8	17.96	17.02	17.9	3491100
11/17/15	17.78	17.96	17.68	17.76	3039000
11/16/15	17.3	17.78	17.2	17.78	2449900
11/13/15	17.82	18	17.2	17.82	7543500
11/12/2015	18.1	18.4	17.82	17.82	2640200
11/11/2015	18.06	18.46	18.02	18.2	3278300
11/10/2015	18.2	18.44	18.1	18.34	1128700
11/09/2015	18.48	18.58	18.12	18.58	1297100
11/06/2015	18.68	18.68	18.18	18.52	6105400
11/05/2015	18.6	18.8	18.6	18.68	3472200
11/04/2015	18.58	18.86	18.44	18.6	4476000
11/03/2015	18.5	18.6	18.4	18.5	2621200
11/02/2015	18.4	18.5	18.1	18.5	2163000
10/30/15	18.56	18.58	18	18.24	5110500
10/29/15	18.9	19	18.46	18.52	5057500
10/28/15	18.8	18.9	18.52	18.88	4389700
10/27/15	18.5	18.8	18.36	18.74	5670900
10/26/15	18.4	18.6	18.4	18.5	10042800
10/23/15	18.18	18.3	17.98	18	7429200
10/22/15	17.9	18.1	17.9	18	5467900
10/21/15	18.08	18.18	17.84	18	5661900
10/20/15	18.2	18.36	17.94	18.06	2480100
10/19/15	18.3	18.4	18.18	18.2	7286400
10/16/15	18.1	18.4	18.1	18.26	8365600
10/15/15	17.8	18.1	17.8	18.06	3940000
10/14/15	18.4	18.4	17.5	17.8	9239100
10/13/15	18.5	18.8	18.3	18.3	12479200
10/12/2015	18.54	18.76	18.18	18.5	9575700
10/09/2015	17.24	18.46	17.16	18.46	12781600
10/08/2015	17.12	17.44	16.94	17.14	8678200
10/07/2015	16.36	17	16.3	17	9812000
10/06/2015	16.18	16.52	16.18	16.36	12562300
10/05/2015	16	16.3	15.88	16.08	20269100
10/02/2015	16.5	16.5	16.1	16.18	16920801
10/01/2015	15.7	16.4	15.66	16.12	11490500
09/30/15	16.46	16.46	15.16	15.32	18565199
09/29/15	16.92	16.92	16.18	16.46	10187600
09/28/15	18.2	18.2	16.54	16.96	15907500
09/24/15	18.9	19	18.12	18.14	12598200
09/23/15	19.6	19.6	18.88	19	6544800
09/22/15	19.72	19.84	19.56	19.6	4294600
09/21/15	19.9	19.9	19.54	19.72	19369699
09/18/15	20.35	20.45	19.8	19.9	6923000
09/17/15	20.4	20.45	20.25	20.35	11683400
09/16/15	20.1	20.45	20	20.15	6643300
09/15/15	19.92	20.4	19.9	20.25	5735700
09/14/15	19.92	20.1	19.9	20	2882000
09/11/2015	19.9	19.98	19.88	19.9	3177300
09/10/2015	19.8	20.15	19.78	19.88	7255400
09/09/2015	19.98	20.1	19.8	19.8	4717600
09/08/2015	20	20.1	19.52	19.98	2586000
09/07/2015	20.25	20.3	19.5	20.1	3812900
09/04/2015	20.25	20.25	20.1	20.25	6563800
09/03/2015	20.3	20.3	20	20.3	7886900
09/02/2015	19.74	20.2	19.48	20.2	5401000
09/01/2015	19.6	20.5	19.6	19.92	9076500
08/28/15	20	20.35	19.8	19.8	8941100
08/27/15	19.48	20	19.48	19.8	36473301
08/26/15	19.32	19.44	18.9	19.3	8626200
08/25/15	18.2	19.66	18.04	19.32	8435200
08/24/15	19.7	19.7	18.42	18.9	13205200
08/20/15	20.25	20.6	20	20.15	18452600
08/19/15	21.6	21.65	20.25	20.25	16051000
08/18/15	22.25	22.25	21.6	21.6	8412900
08/17/15	22.5	22.5	22.2	22.3	6606900
08/14/15	22.7	22.7	22.1	22.3	5559700
08/13/15	22.3	22.6	22.2	22.3	3886600
08/12/2015	22.1	22.45	22.1	22.3	11763100
08/11/2015	22.2	22.55	22.2	22.55	5416500
08/10/2015	22.85	22.9	22.2	22.2	3099700
08/07/2015	22.85	22.95	22.7	22.95	5830700
08/06/2015	23	23.3	22.85	22.85	11138100
08/05/2015	22.55	23.2	22.5	23.05	5334400
08/04/2015	22.5	22.6	22.35	22.55	8206500
08/03/2015	22.6	22.6	22.3	22.35	5244600
07/31/15	22.6	22.6	22.2	22.6	5653500
07/30/15	22.4	22.6	22.25	22.25	11643100
07/29/15	22	22.85	22	22.3	1936200
07/28/15	22.75	22.75	22	22	2948800
07/27/15	23.3	23.3	22.8	22.8	3573000
07/24/15	23.7	23.7	23.3	23.5	1495500
07/23/15	23.4	23.8	23.15	23.7	13672500
07/22/15	23.3	23.5	23.1	23.5	13390700
07/21/15	22.55	23.45	22.55	23.4	8541400
07/20/15	22.9	22.9	22.4	22.5	3106000
07/16/15	22.4	23.05	22.3	22.9	3466800
07/15/15	22.3	22.65	22.1	22.45	33157602
07/14/15	22	22.3	22	22.3	3311100
07/13/15	21.9	22.1	21.85	21.95	6150500
07/10/2015	22.15	22.15	21.85	22	12795100
07/09/2015	21.85	22.5	21.5	22	12521800
07/08/2015	21.8	22.15	21.75	22	15053100
07/07/2015	21.8	22.2	21.7	21.8	7249500
07/06/2015	22.05	22.05	21.75	21.8	8971300
07/03/2015	22.65	22.65	22.05	22.15	1316600
07/02/2015	22.45	22.9	22.3	22.3	7390700
07/01/2015	21.8	22.3	21.8	22.3	10546500
06/30/15	22.25	22.5	21.7	21.7	14587900
06/29/15	22.8	22.8	21.9	22.5	3407900
06/26/15	22.8	23	22.65	23	1025400
06/25/15	22.95	23	22.6	22.8	4679800
06/24/15	22.95	23.05	22.7	23	4504000
06/23/15	22.95	23.05	22.5	22.5	9136300
06/22/15	22.9	23.05	22.75	23.05	1627200
06/19/15	23.15	23.3	22.4	23.1	5142800
06/18/15	22.55	23.2	22.55	23.05	5102600
06/17/15	22.55	22.7	22.4	22.45	33315602
06/16/15	22.5	22.5	22.4	22.5	9173000
06/15/15	22.5	22.7	22.45	22.5	6922200
06/11/2015	21.9	22.5	21.9	22.45	9598900
06/10/2015	21.5	22	21.5	21.9	7137300
06/09/2015	22.2	22.55	21.5	21.55	17153000
06/08/2015	22.5	22.5	22.25	22.3	11071400
06/05/2015	22.55	22.55	22.4	22.55	4306600
06/04/2015	22.5	22.7	22.4	22.55	6193900
06/03/2015	22.5	22.8	22.5	22.55	4947500
06/02/2015	23.3	23.3	22.5	22.5	7104300
06/01/2015	23	23.4	22.7	23.35	2242800
05/29/15	23.1	23.5	22.95	22.95	10634900
05/28/15	22.7	23.3	22.5	23.3	4609600
05/27/15	22.65	22.75	22.3	22.65	29354900
05/26/15	22.8	22.8	22.35	22.6	4113900
05/25/15	22.8	23.05	22.6	22.75	4914600
05/22/15	22.85	22.95	22.65	22.7	16349300
05/21/15	24.1	24.25	22.55	22.55	41948199
05/20/15	25	25	24.15	24.3	12822300
05/19/15	24.95	25	24.7	24.8	15259400
05/18/15	24.45	24.9	24.45	24.9	13551800
05/15/15	24.2	24.6	24.2	24.4	12165300
05/14/15	24.55	24.8	24	24.05	7239800
05/13/15	25.3	25.35	24.5	24.5	4994300
05/12/2015	24.85	25.4	24.7	25.25	10382100
05/11/2015	24.7	25	24.55	24.8	8177300
05/08/2015	24.75	25	24.3	24.5	6021500
05/07/2015	24.85	25	24.45	24.5	21179500
05/06/2015	25.65	25.65	24.9	25.1	9920800
05/05/2015	25.65	25.8	25.5	25.65	13107000
05/04/2015	25.75	26	24.9	25.45	10964800
04/30/15	26.45	26.5	25.4	25.4	32030000
04/29/15	26.4	26.75	25.9	26.35	5895000
04/28/15	26.9	26.95	26.45	26.75	4496300
04/27/15	26.2	27.1	26	26.85	13792600
04/24/15	26.05	26.3	25.85	26.2	3186300
04/23/15	25.55	26.15	25.05	25.8	7767800
04/22/15	24.7	25.5	24.7	25.5	7429000
04/21/15	24.7	24.8	24.3	24.65	11181900
04/20/15	25.5	25.5	24.1	24.15	15246600
04/17/15	26.05	26.2	25.4	25.55	12306600
04/16/15	26.1	26.3	25.5	25.6	12032200
04/15/15	27.25	27.25	25.8	26	14769100
04/14/15	27	27.25	26.4	27.25	4512600
04/13/15	27.1	27.7	26.65	27	10247500
04/10/2015	26.9	27.95	26.9	27.1	12629700
04/08/2015	27	27.15	26.7	26.9	8324800
04/07/2015	27	27.6	26.9	27	11569700
04/06/2015	27	27.2	26.8	27	5824600
04/01/2015	26.7	27.15	26.4	27	11020400
03/31/15	27	27	26.2	26.5	11214300
03/30/15	27.4	27.45	26.5	26.5	6758700
03/27/15	26.9	27.3	26.8	26.95	10123700
03/26/15	26.6	27.25	26.6	27.25	5927100
03/25/15	26.8	27.4	26.3	27.3	12195300
03/24/15	26.8	26.8	26.55	26.8	14405300
03/23/15	26.9	27.1	26.8	26.9	9847100
03/20/15	27.3	27.3	26.65	26.9	10235900
03/19/15	26.7	27.4	26.65	27.25	24538400
03/18/15	26.3	26.7	26.25	26.65	12249400
03/17/15	25.95	26.45	25.9	26.3	8705400
03/16/15	26.1	26.15	25.7	25.95	5771900
03/13/15	25.75	26.15	25.7	26.1	10779200
03/12/2015	25.1	25.9	25	25.9	22566900
03/11/2015	24.7	25.2	24.4	25.2	13901500
03/10/2015	24.45	24.7	24.3	24.7	16115000
03/09/2015	23.9	24.4	23.9	24.35	7473400
03/06/2015	23.85	24	23.8	24	15822700
03/05/2015	24.35	24.4	23.85	23.85	4843800
03/04/2015	23.75	24.3	23.65	24.1	10045200
03/03/2015	23.45	23.75	23.45	23.65	8550600
03/02/2015	24	24	23.15	23.3	11669400
02/27/15	24.35	24.5	23.75	23.8	5190800
02/26/15	24.65	24.65	24.2	24.35	12256600
02/25/15	24.45	25	24.45	24.65	2323900
02/24/15	24.9	24.95	24.5	24.7	8315400
02/23/15	24.85	24.95	24.65	24.85	3918200
02/20/15	25.15	25.2	24.95	25.2	4858600
02/18/15	24.45	25.2	24.45	25.05	10024700
02/17/15	24	24.45	23.9	24.4	4326500
02/16/15	24	24.15	23.9	24	4835800
02/13/15	23.7	24.05	23.65	23.75	11836900
02/12/2015	23.95	24.5	23.6	23.6	9739400
02/11/2015	24.3	24.4	23.85	23.85	10554800
02/10/2015	24.5	24.5	23.95	24	6930000
02/09/2015	24.75	24.75	23.8	23.95	11273700
02/06/2015	25.05	25.4	24.7	24.7	6530000
02/05/2015	25.15	25.15	24.9	25	4233800
02/04/2015	25.5	25.6	24.95	25.15	6607900
02/03/2015	25.55	25.8	25	25.5	13555000
02/02/2015	25.05	25.8	25.05	25.5	10958200
01/30/15	24.45	25.1	24.4	25.05	12318500
01/29/15	25.05	25.3	24.5	24.5	9216600
01/28/15	25.5	25.55	25.15	25.2	4679500
01/27/15	25.3	25.7	25.25	25.6	9562400
01/26/15	24.4	25.3	24.2	25.3	10989600
01/23/15	23.95	24.4	23.85	24.4	6478800
01/22/15	23.4	23.8	23.3	23.7	12033200
01/21/15	23.5	23.5	22.85	23.2	5763600
01/20/15	24.25	24.25	23.05	23.45	9778100
01/19/15	24.25	24.25	23.85	24	4109400
01/14/15	24	24.25	23.8	23.8	5505000
01/13/15	24.1	24.3	23.95	23.95	3894700
01/12/2015	23.9	24.15	23.65	24.1	10575600
01/09/2015	24.25	24.25	23.6	23.8	5436800
01/08/2015	24.5	24.55	24	24.1	10609400
01/07/2015	23.8	24.55	23.75	24.3	9724900
01/06/2015	23	23.9	22.75	23.9	10445300
01/05/2015	22.55	23.3	22.55	23.3	10444700
