ALI 1216

12/27/19	46.3	46.55	45.5	45.5	10432800
12/26/19	46.5	47	46.2	46.4	3843700
12/23/19	45.1	47.25	45.1	47.25	9842900
12/20/19	45.4	46	43.7	46	17863301
12/19/19	46.6	46.6	45	45.4	8737300
12/18/19	46.5	46.5	45.6	45.75	10987000
12/17/19	46.4	47	45.25	45.75	17599500
12/16/19	47	47.9	45.75	45.75	11468500
12/13/19	45.8	47	45	46.9	8712500
12/12/2019	45	45.5	44.55	45	5887500
12/11/2019	44.8	45.9	44.65	45.45	5165800
12/10/2019	44.8	45.4	44.3	45.25	6292400
12/09/2019	45.5	45.7	44.7	44.7	11827800
12/06/2019	45.4	45.7	45	45.5	5186200
12/05/2019	45.45	45.75	45.45	45.5	19353699
12/04/2019	46.3	46.45	45.95	46	13214100
12/03/2019	46.75	47.25	46	47.25	11096000
12/02/2019	45.45	47	45.1	47	5839400
11/29/19	44.7	45.5	44.7	45.5	7226900
11/28/19	44.05	44.7	44.05	44.7	9193300
11/27/19	43.4	44.65	43.1	44.5	15035300
11/26/19	43.95	44.2	42.55	42.55	37427398
11/25/19	44.5	44.9	43.75	43.9	14704200
11/22/19	44.65	44.8	43.85	44.5	13217800
11/21/19	45.7	45.7	44.15	45.2	13189200
11/20/19	45	45.7	44.65	45.7	11103300
11/19/19	44.9	45.5	44.8	45	10232500
11/18/19	45.95	46	44.8	44.9	9939500
11/15/19	46.8	46.8	45.95	45.95	6893400
11/14/19	46.2	47	45.9	47	5224700
11/13/19	46.5	46.95	46	46.95	6290200
11/12/2019	46.8	46.85	46.25	46.5	4686800
11/11/2019	47.5	47.5	46.5	46.8	7175500
11/08/2019	47.05	47.1	46.35	47	7780900
11/07/2019	47.55	47.55	46.9	47	8608800
11/06/2019	49	49	46.75	47	13879600
11/05/2019	48.9	49.65	48.7	49	10078500
11/04/2019	49.4	49.9	48.9	49	8138000
10/31/19	49.5	49.5	48.55	48.55	5560800
10/30/19	49	49.55	48.8	49.55	5324000
10/29/19	48.8	49	48.5	49	5701900
10/28/19	48.5	48.8	48.1	48.8	5076900
10/25/19	49.2	49.2	48.5	48.5	2815900
10/24/19	48.65	49.05	48.65	48.95	6667200
10/23/19	48.65	49	48.65	49	4139400
10/22/19	48.8	49	48.65	48.8	8801700
10/21/19	48.65	49.05	48.6	48.85	4310600
10/18/19	49.2	49.2	48.9	49	4277500
10/17/19	49.1	49.2	48.5	49.2	4017900
10/16/19	48.05	49.2	48	49.1	6759600
10/15/19	48.05	48.15	47.9	48	5128100
10/14/19	47.9	48.2	47.75	48	3923000
10/11/2019	46.9	47.95	46.7	47.95	2754900
10/10/2019	46.95	47.2	46.55	46.8	3506700
10/09/2019	46.35	46.6	46	46.5	2011000
10/08/2019	46.5	46.9	46.2	46.5	7806600
10/07/2019	46.25	46.55	46	46.5	5971300
10/04/2019	45.65	46.35	45.3	46.2	4536400
10/03/2019	46.55	46.55	45	45	15387000
10/02/2019	48.15	48.15	47	47	9208500
10/01/2019	49.7	49.7	48.15	48.15	6863500
09/30/19	49.65	49.7	49.1	49.45	12910500
09/27/19	49.6	49.65	49.2	49.3	12529100
09/26/19	49.2	49.65	49.05	49.35	10941400
09/25/19	48.7	49.2	48	49.2	7921900
09/24/19	48.4	48.95	47.25	48.95	3952600
09/23/19	47.95	48.65	47.8	48.65	2947500
09/20/19	48.6	48.8	47.9	47.9	16266000
09/19/19	48.1	49	48.1	49	8494900
09/18/19	48.8	49.1	48.05	48.05	8554600
09/17/19	49.3	49.4	48.8	48.8	14082600
09/16/19	49.9	49.9	48.85	49.9	7923900
09/13/19	49.4	49.9	48.85	49.9	4671900
09/12/2019	49.5	49.5	49.05	49.3	6708360
09/11/2019	49	50	48.7	50	7999700
09/10/2019	49.1	49.2	48.4	49	7122300
09/09/2019	49.5	49.7	49	49.6	8360200
09/06/2019	48.8	49.6	48.7	49.5	12984700
09/05/2019	47.95	48.5	47.3	48.5	5748900
09/04/2019	47.7	47.8	47.05	47.4	9375400
09/03/2019	47.5	47.8	47.1	47.3	10370000
09/02/2019	47.35	47.8	47.35	47.4	6942800
08/30/19	48.05	48.2	47.3	47.3	25166000
08/29/19	48	48	47.4	47.7	12162700
08/28/19	47.75	48	47.25	47.75	11207300
08/27/19	48.05	48.3	47.25	47.25	30254801
08/23/19	48.45	49	47.75	48.9	12861400
08/22/19	49	49.15	48.35	49.15	15526900
08/20/19	48.6	49.5	48.5	49.5	7877600
08/19/19	48.5	49.4	48.2	49.4	12304900
08/16/19	48.5	49.25	48.45	49.25	17231900
08/15/19	47.4	49	47	48.85	17971500
08/14/19	47.4	49.2	47.4	48.9	18209600
08/13/19	48.4	48.4	46.3	47.25	25680900
08/09/2019	48.55	49.05	48.55	48.65	9555100
08/08/2019	49	49.4	48.7	48.9	8562600
08/07/2019	48.15	48.85	48.15	48.5	14069000
08/06/2019	48.4	48.4	47.55	48.05	22532500
08/05/2019	50.05	50.7	49.15	49.15	6635510
08/02/2019	50	51	49.45	51	5717040
08/01/2019	49.75	50.05	49.4	50.05	8275400
07/31/19	50.8	51	49.75	49.8	11400370
07/30/19	51.55	51.55	50.95	51.1	3898780
07/29/19	51.4	51.65	50.95	51.3	2742030
07/26/19	51.65	51.95	51.35	51.35	4935900
07/25/19	51.55	52.55	51.5	52.55	3269150
07/24/19	52.1	52.15	51.4	52	9303770
07/23/19	52	52.45	51.9	52.1	5278510
07/22/19	51.4	52.2	51.4	51.95	4289060
07/19/19	52.5	52.85	52	52	8880370
07/18/19	52.2	52.5	52.1	52.35	10337980
07/17/19	52	52.75	52	52.2	10579870
07/16/19	53.5	53.85	51.8	51.8	15736830
07/15/19	53	53.6	52.8	53.5	9744540
07/12/2019	52.6	53	52.3	53	11368580
07/11/2019	51.8	53	51.55	53	10327970
07/10/2019	51.55	51.6	51	51.25	6420600
07/09/2019	52.05	52.4	51.25	51.45	8054490
07/08/2019	51.85	52.65	51.8	52.1	18957551
07/05/2019	51.5	52.45	51.5	52.2	12579070
07/04/2019	51.55	51.95	51.4	51.4	6029720
07/03/2019	51.75	52.35	51.55	51.75	8364750
07/02/2019	51.55	51.7	51.05	51.45	9924340
07/01/2019	50.95	51.7	50.7	51.7	5484330
06/28/19	50.7	50.8	50.4	50.8	10811670
06/27/19	50.65	50.9	50.45	50.6	10739880
06/26/19	50.6	51	50.4	51	10266840
06/25/19	51.8	51.9	50.5	50.55	9625940
06/24/19	50.5	52	50.5	51.8	11312640
06/21/19	50.7	51.2	50.55	50.75	15389290
06/20/19	50.4	50.8	50.35	50.55	9349280
06/19/19	50.5	51	50.4	51	6188500
06/18/19	50.05	50.85	49.9	49.9	9667740
06/17/19	50.55	50.95	50	50.5	6289810
06/14/19	51.15	51.15	50.05	50.5	14160300
06/13/19	51.15	51.5	49.75	51.5	15622940
06/11/2019	50.65	51.35	50.45	51	9236680
06/10/2019	49.85	50.7	49.7	50.65	13988300
06/07/2019	50.1	50.75	49.7	49.8	8418480
06/06/2019	51	51.25	50	50	22628230
06/04/2019	51.7	51.95	50.2	50.5	13833060
06/03/2019	49.75	52.5	49.65	52.45	26167400
05/31/19	48.6	49.6	48.5	49.5	27118400
05/30/19	48.5	49.45	48.2	48.2	11443900
05/29/19	48.6	48.7	48.4	48.5	8398400
05/28/19	48.1	48.65	47.4	48.65	27116699
05/27/19	47.15	48.3	47.15	48.1	13000200
05/24/19	48.45	48.45	47.4	47.7	8521800
05/23/19	48	48.5	48	48.5	10520300
05/22/19	47.75	48.3	47.6	48	9664900
05/21/19	47.5	48	46.8	47.9	9615700
05/20/19	46.75	47.6	46.75	47.5	4448100
05/17/19	46.3	47.8	46.3	46.75	10989800
05/16/19	47	47.85	46.4	46.6	12575700
05/15/19	47.95	47.95	47	47	10143000
05/14/19	47.2	48.3	47	47.95	20830600
05/10/2019	47	47.5	46.1	47	11832700
05/09/2019	46	46.95	46	46.8	12875700
05/08/2019	46.9	47	45.95	47	21210699
05/07/2019	46.3	47.5	46.3	46.95	9516200
05/06/2019	47.4	47.4	46.3	46.8	21637100
05/03/2019	48	48.05	47.4	47.4	12052600
05/02/2019	49.1	49.4	48	48	16279800
04/30/19	48.5	48.95	48.4	48.95	10638500
04/29/19	48.15	48.8	48	48.5	23440400
04/26/19	49.5	49.6	48	48.5	20647000
04/25/19	48	49.5	47.95	49.5	18473500
04/24/19	47.4	48.1	47.1	48	19145699
04/23/19	46.95	47	46.35	47	13110000
04/22/19	46.6	47.1	46.6	47	14978400
04/17/19	46.95	47.2	46.8	47	19386600
04/16/19	46.7	47.45	46.7	47.3	24760301
04/15/19	46.4	46.9	46.4	46.8	25336301
04/12/2019	46.7	46.75	46.4	46.6	14220900
04/11/2019	45.5	46.95	45.5	46.7	22570301
04/10/2019	45.1	45.5	44.95	45.35	41430398
04/08/2019	45	45	44.85	45	9190300
04/05/2019	44.5	45.1	44.5	45	7025000
04/04/2019	44.6	44.75	44.4	44.5	11193000
04/03/2019	44.6	44.85	44.5	44.6	4761300
04/02/2019	45	45	44.8	44.95	11397100
04/01/2019	44.85	45.15	44.7	45	17106900
03/29/19	44.4	44.9	44	44.9	14318300
03/28/19	44.55	44.6	43.7	44	15297400
03/27/19	44.8	44.9	43.55	43.55	11748200
03/26/19	44.4	44.95	44	44.5	12287800
03/25/19	44.85	44.85	43.6	43.85	6083600
03/22/19	44.7	45.75	44.7	45	18796301
03/21/19	44	44.7	43.85	44.7	13282700
03/20/19	43.25	43.7	43.25	43.7	12432300
03/19/19	43.1	43.45	43	43.25	12974100
03/18/19	43.1	43.45	43.1	43.45	8801200
03/15/19	42.8	43.15	42.6	43.1	13077100
03/14/19	42.85	43.45	42.65	42.8	9923800
03/13/19	42.8	43	42.6	42.85	8636800
03/12/2019	43.15	43.55	42.8	42.9	6182100
03/11/2019	43.6	43.8	42.9	43.15	5778100
03/08/2019	43.1	43.85	43	43	7222600
03/07/2019	43.65	43.85	43.3	43.4	8307500
03/06/2019	43.3	44.4	43.25	44.25	8415100
03/05/2019	43	43.55	43	43.25	19086400
03/04/2019	43.2	43.65	42.8	42.9	7216400
03/01/2019	43.8	44.1	43	43.2	9124800
02/28/19	44.65	44.9	44	44	14014800
02/27/19	44.65	44.9	44.15	44.65	8828100
02/26/19	44	45	44	44.95	17597900
02/22/19	44	44.5	43.9	44.5	7967400
02/21/19	43.9	44.05	43.6	44	17149000
02/20/19	43.1	43.9	43.1	43.9	12209300
02/19/19	44.65	44.9	42.5	43	17025600
02/18/19	44.6	44.95	44.4	44.65	8435200
02/15/19	44.95	44.95	44.2	44.5	6612900
02/14/19	44.5	45	44.45	45	6798400
02/13/19	44.85	44.9	43.9	44.4	13515400
02/12/2019	44.9	45	44.45	44.8	6118700
02/11/2019	45	45.2	44.8	44.9	5238400
02/08/2019	45.2	45.25	44.85	45	10289800
02/07/2019	45	45.25	44.85	45.25	12189700
02/06/2019	44.9	45.15	44.75	45	10605900
02/04/2019	44.55	44.95	44.55	44.85	2473700
02/01/2019	44.7	45.25	44.5	44.95	22515801
01/31/19	43.75	44.75	43.75	44.4	20312100
01/30/19	43.1	44.2	43.1	43.75	17467400
01/29/19	44.2	44.45	42.85	43.1	25127000
01/28/19	44.6	44.8	43.85	44.2	15793200
01/25/19	44.35	44.9	44.2	44.6	8118100
01/24/19	44.1	44.95	44.1	44.35	7146700
01/23/19	44.05	44.5	43.85	44.1	11115000
01/22/19	45.25	45.25	44.4	44.7	10702600
01/21/19	44.6	45.75	44.15	45.3	7445000
01/18/19	44.65	45.15	44.2	45	11539200
01/17/19	43.3	45	43.25	45	25486100
01/16/19	44.75	44.75	43.1	43.1	11804800
01/15/19	44	45.1	43.95	45	14994800
01/14/19	44	44.55	42.7	44.55	12455600
01/11/2019	45	45.05	44.2	44.35	16485000
01/10/2019	44.8	45.25	43.7	45	22832199
01/09/2019	43.9	45	43.9	45	20331600
01/08/2019	44.8	44.8	43.5	43.9	11078100
01/07/2019	43.8	45	43.8	44.8	16911801
01/04/2019	42.35	44.35	42.35	43.7	27004801
01/03/2019	41.25	42.5	40.75	42.45	14316500
01/02/2019	40.6	41.95	40.6	41.3	4850600
12/28/18	41.1	42	40.6	40.6	11717100
12/27/18	41.2	42.1	40.6	40.6	8096700
12/26/18	40.9	41.25	40.7	41.25	4393400
12/21/18	42.05	42.7	41.1	41.3	14895700
12/20/18	42.5	42.9	41.75	42.05	9558300
12/19/18	42.45	43.2	42.15	43.2	8144400
12/18/18	41.9	42.5	41.55	42.5	4487500
12/17/18	42	42.6	41.8	42.5	7611500
12/14/18	42.3	42.5	41.6	42.3	7179500
12/13/18	42	42.35	41.9	42.35	11485100
12/12/2018	41.9	42.2	41.35	41.8	14689900
12/11/2018	40.55	42	40.55	42	6822000
12/10/2018	40.75	41.2	40.1	40.3	7844400
12/07/2018	41.55	41.95	40.15	40.75	10825500
12/06/2018	42.45	42.45	41.55	41.9	8969300
12/05/2018	42.1	42.5	41	42.5	11548500
12/04/2018	41.8	42.65	41.15	42.65	21121301
12/03/2018	42.2	42.85	41.3	41.9	15998700
11/29/18	41	41.75	40.7	41.65	27201699
11/28/18	40.9	40.9	40.25	40.25	5826700
11/27/18	41.45	41.5	40.5	40.9	10360500
11/26/18	41.5	42	41.2	41.5	10524300
11/23/18	40	41.5	39.9	41.5	11888600
11/22/18	39.9	40.1	39.65	40	3159400
11/21/18	40.05	40.05	39.5	40	7884800
11/20/18	39.8	40.25	38.65	40.1	11868800
11/19/18	39.35	39.9	39.3	39.9	12157000
11/16/18	39	39.7	39	39.35	16213200
11/15/18	38.8	39.25	38.3	38.5	9783500
11/14/18	38.55	39.3	38.55	38.8	6012600
11/13/18	38.55	38.95	38.05	38.5	9065100
11/12/2018	38	39	38	38.6	28139199
11/09/2018	38.5	38.6	38	38	7158200
11/08/2018	38.1	39.2	38.05	38.5	15168200
11/07/2018	38.35	38.85	38	38	15290300
11/06/2018	40	40.1	38	38	14767300
11/05/2018	39.8	40	39	40	14154500
10/31/18	38.25	39.65	38.25	39.65	14799300
10/30/18	38.35	39	38.3	38.3	7908500
10/29/18	38.75	38.9	38.2	38.7	5718300
10/26/18	38.3	38.85	38.3	38.75	6384500
10/25/18	39	39.05	38	38	17933500
10/24/18	40.05	40.2	39.1	39.1	9440400
10/23/18	41.15	41.35	40	40.6	6853900
10/22/18	40.9	41.4	40.8	41.15	9223600
10/19/18	40.1	40.95	39.8	40.9	4918700
10/18/18	40.95	40.95	40.2	40.6	4918100
10/17/18	40.4	41	40.4	40.8	5888500
10/16/18	39.4	40.2	39.2	40.2	7399000
10/15/18	40	40.35	39.2	39.2	10730800
10/12/2018	38.1	39.5	38	39.3	10216900
10/11/2018	38.8	38.9	38.1	38.5	10250600
10/10/2018	39.7	39.7	38.45	39.5	6192700
10/09/2018	39.45	39.7	39	39.7	3197800
10/08/2018	39	39.5	39	39	9817000
10/05/2018	38.9	39.3	38.75	39	8894300
10/04/2018	40	40.1	38.6	38.6	8641500
10/03/2018	39.15	40.5	39	40.5	4483800
10/02/2018	40.6	40.6	39	39.3	11436200
10/01/2018	39.95	40.6	39.4	40.6	3343900
09/28/18	40.65	41.25	40	40.05	9919200
09/27/18	40.05	41.3	39.95	41.3	3588400
09/26/18	40	40.45	40	40.45	4521200
09/25/18	41	41.2	39.85	39.85	8418600
09/24/18	41.15	41.85	40.6	40.9	4448800
09/21/18	39.9	41.75	39.9	41.75	11311800
09/20/18	40.5	40.65	39.8	39.8	9641700
09/19/18	40.5	41.2	39.9	40	7033900
09/18/18	41.4	41.55	40.05	40.5	11743000
09/17/18	41	41.95	41	41.6	3996500
09/14/18	42	42	41	41	7868000
09/13/18	41.65	42	41	42	5948200
09/12/2018	41.6	42	41.6	41.75	6741000
09/11/2018	41.9	42.1	41.7	41.85	7072700
09/10/2018	42.1	42.8	41.5	42	12866000
09/07/2018	42.4	43.4	41	42.2	12822100
09/06/2018	43.4	43.4	42.35	43.1	9504000
09/05/2018	44.2	44.2	43.15	43.4	11636800
09/04/2018	43.9	44.4	43.75	44.2	8746500
09/03/2018	44.5	44.5	43.45	43.95	2772800
08/31/18	44.05	44.5	43.9	44.5	12338700
08/30/18	44.1	45	44.1	44.7	10569700
08/29/18	43.75	44.8	43.7	44.8	18582801
08/28/18	43.9	44.5	43.55	44	16531900
08/24/18	43.8	44.05	43.6	43.9	13727700
08/23/18	43.2	44.45	43.1	44.3	23261801
08/22/18	42.2	43.15	42.2	43.1	15136500
08/20/18	42.5	43	42	42.2	5692700
08/17/18	41.15	42.5	41.15	42.5	6720900
08/16/18	41.1	41.4	40.6	41.4	2435700
08/15/18	40.5	41.35	40.5	41.1	5649600
08/14/18	41	41.1	40.35	40.45	9994300
08/13/18	42.35	42.35	41.05	41.25	10319700
08/10/2018	42.2	42.75	42.2	42.6	7886200
08/09/2018	42.95	43.2	41.6	42.9	11417400
08/08/2018	42.2	42.8	42	42.65	17054199
08/07/2018	41.9	42	41.6	42	27877500
08/06/2018	40.65	41.95	40.6	41.95	9404400
08/03/2018	40.85	41.25	40.4	40.5	9024200
08/02/2018	41.8	41.85	41	41.25	7692000
08/01/2018	40.8	41.95	40.75	41.95	13680700
07/31/18	41.75	42.2	40.55	40.85	21267400
07/30/18	41.2	42.2	40.9	42.2	9884400
07/27/18	40.9	41.35	40.55	41.35	10536100
07/26/18	40.6	41.2	40.4	40.85	21502699
07/25/18	39.1	41	39.1	40.5	21175500
07/24/18	38.75	39.1	38.6	39.1	7716100
07/23/18	38.8	38.9	38.3	38.8	8337000
07/20/18	38.7	38.9	38.1	38.9	4324300
07/19/18	38.5	38.75	38.2	38.5	4808300
07/18/18	37.7	38.5	37.5	38.5	7790700
07/17/18	37.25	37.65	37.1	37.4	7792500
07/16/18	37.2	37.5	36.95	37.1	4100100
07/13/18	38	38.05	37.45	37.65	7883100
07/12/2018	37.05	38.25	37.05	37.5	7831000
07/11/2018	36.75	37.4	36.75	37.3	11230800
07/10/2018	37	37.15	36.55	36.55	12823100
07/09/2018	37	37.65	36.8	37	5250500
07/06/2018	37.4	37.4	36.7	36.7	10950300
07/05/2018	38.2	38.2	37.5	37.6	15923200
07/04/2018	38	38.4	37.7	38.2	6245900
07/03/2018	38.4	38.4	37.65	38	7991300
07/02/2018	37.9	38.75	37.85	38	14869000
06/29/18	37	38	37	37.9	16840400
06/28/18	37.4	37.45	36.9	37	9486600
06/27/18	36.7	37.95	36.7	37.6	20511900
06/26/18	36.3	36.85	36.25	36.6	12469000
06/25/18	38	38	36.3	36.3	19976400
06/22/18	37.05	38	36.05	37.55	16253800
06/21/18	38.25	38.25	37	37.05	20689301
06/20/18	38.45	38.75	38.15	38.25	14257400
06/19/18	38.4	38.65	38	38.4	10940300
06/18/18	39.05	39.1	38.3	38.6	12295700
06/14/18	40.2	40.25	39.15	39.15	28545301
06/13/18	40.6	40.8	40.15	40.15	9966100
06/11/2018	41	41.15	40.55	40.8	4461800
06/08/2018	41.6	41.65	40.8	40.8	5100200
06/07/2018	41.1	42	41.05	41.8	7595700
06/06/2018	40.4	41.4	40.4	40.9	13565200
06/05/2018	41	41	40	40.3	9805100
06/04/2018	40.65	41.15	40.2	41	5681600
06/01/2018	40	41.2	40	40.55	6500000
05/31/18	40.6	41	39.8	39.8	28431500
05/30/18	40.8	41.05	40.15	40.2	10633900
05/29/18	41.2	41.5	41	41	7711100
05/28/18	41.25	41.35	41	41.2	7396900
05/25/18	42	42	41	41.3	4470700
05/24/18	41.5	42	41.45	41.9	3834500
05/23/18	41.9	42	41.1	41.5	6213100
05/22/18	42	42	41.1	41.95	4611200
05/21/18	42	42.35	41.9	41.9	3199600
05/18/18	41.7	42.35	41.2	42	3545100
05/17/18	42.9	43.1	41.7	41.7	10874100
05/16/18	42.3	43.35	41.75	43.3	12606900
05/15/18	41	42.3	40.55	42.25	17944600
05/11/2018	40.2	41	40.05	41	10095800
05/10/2018	40	40.5	39.95	39.95	6240500
05/09/2018	40.35	40.5	39.95	39.95	4370500
05/08/2018	40	41.05	40	40.1	9231700
05/07/2018	40.15	40.45	39.85	40	5362700
05/04/2018	40.75	40.8	40.05	40.15	5848200
05/03/2018	41.5	41.5	40.6	40.75	8901800
05/02/2018	41	41.55	40.8	40.85	11760500
04/30/18	41.15	41.2	40.7	40.8	12208800
04/27/18	40.8	41.2	40.6	41	9084900
04/26/18	39.7	41	39.6	41	7088100
04/25/18	40.1	40.4	39.7	39.8	8932500
04/24/18	41.25	41.35	40.05	40.05	7793600
04/23/18	41.35	41.35	40.6	41.25	6528700
04/20/18	40.4	41.4	40.2	41.1	12296700
04/19/18	40.5	40.95	39.5	40.1	24761600
04/18/18	39.8	41	39.8	41	12264100
04/17/18	40.15	40.15	39	39.75	10755700
04/16/18	40.05	40.3	39.9	40	5661700
04/13/18	40.65	40.85	39.8	39.9	14171300
04/12/2018	40.5	40.9	40.25	40.8	7016400
04/11/2018	41.25	41.55	40.3	40.5	10064600
04/10/2018	41.1	41.45	40	41.25	13894900
04/06/2018	41.65	41.75	40.45	41	5370200
04/05/2018	41.75	41.75	41.25	41.75	3838000
04/04/2018	41.75	41.85	41.2	41.6	10820700
04/03/2018	40.3	41.8	40.3	41.6	8699200
04/02/2018	41	41.15	40.25	41	5811400
03/28/18	40.95	41.1	40.5	41.1	17430301
03/27/18	40.3	41.15	40.3	41.1	13615400
03/26/18	39.9	40.35	39.8	40.1	12468900
03/23/18	40.5	41	40	40.35	20754199
03/22/18	39.8	41.95	39.75	41.95	17057500
03/21/18	41.3	41.3	39.75	39.75	20396000
03/20/18	41.2	41.2	40.2	41	24845500
03/19/18	41	41.5	40.85	41.5	14074200
03/16/18	40.4	41.35	40.4	41	41936898
03/15/18	41.55	41.55	40.3	40.3	15248700
03/14/18	41.95	41.95	40.8	41.45	8404100
03/13/18	42	42.2	41.55	41.55	6625600
03/12/2018	42	42.75	41.5	42	11630200
03/09/2018	41.5	41.9	41.5	41.75	9678300
03/08/2018	41.95	41.95	41.3	41.5	7557800
03/07/2018	41.5	41.55	41.35	41.45	18266100
03/06/2018	41.7	42.3	41.15	41.2	20631500
03/05/2018	41.45	41.85	41.3	41.65	11685900
03/02/2018	42	42.05	41.2	41.5	12627100
03/01/2018	41.4	42.85	41.4	42.2	17922000
02/28/18	42.5	42.6	41.1	41.1	24035000
02/27/18	42.65	42.9	42.45	42.5	23537699
02/26/18	43.25	43.5	42.5	42.5	22452801
02/23/18	44.25	44.3	43.7	43.9	11734800
02/22/18	44.95	44.95	43.75	44.25	13163700
02/21/18	45.8	45.8	44.7	45	11385100
02/20/18	45.55	46	44.9	46	9788400
02/19/18	44.5	45.6	44	45.6	6557400
02/15/18	45.6	45.7	43.5	44.6	5949500
02/14/18	43.7	45.2	43.1	45.1	12596600
02/13/18	44	44.1	43.1	43.7	7501200
02/12/2018	44	44.45	43.55	43.55	8219600
02/09/2018	44.5	44.5	43.75	43.95	11284100
02/08/2018	45.3	45.4	44.7	45.2	8698200
02/07/2018	44.2	45.2	44.15	45.2	14773700
02/06/2018	44.4	44.45	43.5	44	22597900
02/05/2018	45	45.25	44.5	44.8	13541500
02/02/2018	45.5	45.85	45	45.85	9582700
02/01/2018	44.25	45.5	44.25	45.35	12665400
01/31/18	44.8	45.4	44.25	44.25	22132500
01/30/18	46.5	46.5	44.9	45.6	18764000
01/29/18	47.5	47.5	46.15	46.5	12918900
01/26/18	47	47.5	46.95	47.5	8978000
01/25/18	46.25	47.3	46.25	47	16623301
01/24/18	45.6	46.3	45.4	46.25	13342800
01/23/18	45.3	45.9	45.2	45.6	14236500
01/22/18	44.9	45.5	44.9	45.2	6698800
01/19/18	44.9	44.95	44.45	44.9	9958900
01/18/18	44.5	45.2	44.45	45	11166800
01/17/18	45.25	45.25	44.4	44.6	12363800
01/16/18	44.8	45.5	44.8	45.05	9383000
01/15/18	44.35	45.5	44.3	44.8	4998200
01/12/2018	44.35	44.65	44.1	44.35	12227500
01/11/2018	45.4	45.4	44	44.35	23354699
01/10/2018	46.35	46.35	45.4	45.65	10036600
01/09/2018	45.2	46.4	45.2	46.4	14713900
01/08/2018	45.55	45.7	45.2	45.2	8511000
01/05/2018	44.4	45.6	44.4	45.5	11091100
01/04/2018	45.5	45.55	44.1	44.25	9590900
01/03/2018	44.7	45.5	44.6	45.5	10030500
12/29/17	44.6	44.65	44	44.6	8039500
12/28/17	43.8	44.8	43.8	44.65	14305700
12/27/17	43.2	43.8	42.95	43.8	3929400
12/22/17	43	43.25	42.85	43.25	6973700
12/21/17	43.4	43.4	42.55	43	5558900
12/20/17	43.6	43.65	43.05	43.3	2476800
12/19/17	43.4	43.85	43.1	43.6	8946700
12/18/17	42.85	43.3	42.5	43.3	7139600
12/15/17	43.3	43.3	42.25	42.4	23136400
12/14/17	43.9	43.9	43.05	43.3	10947300
12/13/17	44	44.15	43.7	43.95	7221000
12/12/2017	43.25	44.35	43.25	44.15	13310700
12/11/2017	43	43.5	43	43.5	4521300
12/08/2017	42.4	43.05	42.3	43	7597800
12/07/2017	42.6	42.65	42.1	42.1	5628000
12/06/2017	42.65	43.15	42.5	42.6	7957300
12/05/2017	41.9	42.55	41.7	42.5	4444100
12/04/2017	42.1	42.3	41.7	41.75	10401800
12/01/2017	42.75	43.1	42.1	42.2	15202300
11/29/17	43.95	43.95	42.8	42.8	23322100
11/28/17	44	44	43.1	44	3600100
11/27/17	44.5	44.55	43.65	44	6873900
11/24/17	42.8	44.7	42.75	44.5	13550000
11/23/17	42.7	43	42.65	42.9	3585500
11/22/17	42.75	43.3	42.65	42.7	10400200
11/21/17	42.9	42.9	41.9	42.05	7141900
11/20/17	42.8	42.95	42.6	42.8	4637600
11/17/17	41.9	42.75	41.9	42.75	7393300
11/16/17	42.05	42.95	41.55	41.55	11441600
11/15/17	42.6	43	42.15	42.2	6777100
11/14/17	42.6	43	41.9	42.5	14194900
11/13/17	43.85	44.5	42.5	42.5	14615800
11/10/2017	44.5	44.7	43.8	43.8	6282400
11/09/2017	44.45	45	44.3	44.4	5925200
11/08/2017	46	46	44.3	44.3	8485900
11/07/2017	45	45.8	44.7	45.6	8278800
11/06/2017	44.15	45	44.15	45	7484200
11/03/2017	44.45	45.2	43.9	44	16327600
11/02/2017	43.2	44.2	43.15	44	13770400
10/30/17	43.75	43.75	43	43.2	5253900
10/27/17	42.45	43.35	42	43.35	8532700
10/26/17	43	43.3	42.4	42.8	7460300
10/25/17	44	44	42.65	43.3	8650300
10/24/17	44.05	44.45	43.9	44	7604500
10/23/17	43.15	44.05	43.05	43.9	17393100
10/20/17	43.35	43.35	42.7	43.15	8833500
10/19/17	42.3	43.45	41.65	43.35	10952400
10/18/17	43.2	43.2	41	42.45	21481000
10/17/17	43.9	44	42.5	42.5	24146000
10/13/17	42.85	43.6	42.85	43.35	15029700
10/12/2017	42.5	43.15	42.35	42.8	12152800
10/11/2017	43.45	43.45	42.3	42.5	30088900
10/10/2017	43.3	43.5	42.85	43.3	14737400
10/09/2017	42.9	43.45	42.9	43.3	10814700
10/06/2017	43.55	43.55	42.9	42.9	18604900
10/05/2017	43.9	43.9	43.15	43.15	13420700
10/04/2017	44.25	44.45	43.95	43.95	7775700
10/03/2017	43.4	44.4	43.4	43.8	9441300
10/02/2017	43.7	43.85	43.35	43.4	9823400
09/29/17	43.6	43.8	43.35	43.5	16578801
09/28/17	43.65	44.05	43.2	43.2	17768301
09/27/17	43.5	43.9	43.1	43.6	15296600
09/26/17	44.5	44.5	43.3	43.45	15811400
09/25/17	45.05	45.05	44.25	44.5	9110700
09/22/17	45.5	45.55	45.05	45.15	6417600
09/21/17	45.5	46	45.4	45.5	16527199
09/20/17	45.5	45.7	45.2	45.5	8414900
09/19/17	46	46.05	45.05	45.05	9421500
09/18/17	45	46.1	44.75	46	12354100
09/15/17	44.25	45	44.1	45	21489600
09/14/17	43.7	44.75	43.7	44.15	22951699
09/13/17	43.7	43.8	43.45	43.65	12732700
09/11/2017	43.2	43.3	43	43.2	6378200
09/08/2017	42.9	43.5	42.9	43.2	10405000
09/07/2017	42.7	42.9	42.5	42.9	7140200
09/06/2017	42.8	42.9	42.6	42.75	9608000
09/05/2017	42.6	42.8	42.5	42.8	5814200
09/04/2017	42.8	42.95	42.65	42.8	10809700
08/31/17	42.4	42.9	42	42	9539600
08/30/17	42.45	42.45	41.85	42	5754100
08/29/17	42.85	42.85	41.85	42	8519600
08/25/17	42.6	42.8	42.3	42.6	4569600
08/24/17	42.5	42.6	42	42.6	4048700
08/23/17	42.95	42.95	42.2	42.2	4004400
08/22/17	43.4	43.4	42.1	42.6	7727000
08/18/17	42.9	43	42.6	42.95	2646400
08/17/17	42.95	43.35	42.4	43.25	7189500
08/16/17	42.4	43.25	42.1	42.5	11215400
08/15/17	42.3	42.45	41.8	42.4	5675600
08/14/17	41.95	42.3	41.95	42.2	4525000
08/11/2017	42.45	42.45	41.6	41.95	6117000
08/10/2017	42.95	42.95	42.1	42.5	2792800
08/09/2017	43	43.2	42.3	42.6	2590500
08/08/2017	42.25	43.4	42.2	43	16068300
08/07/2017	41.9	42.1	41.6	41.85	5681500
08/04/2017	42	42.15	41.7	41.9	8121000
08/03/2017	41.9	42.25	41.55	41.85	5505000
08/02/2017	41	42.2	40.95	41.9	7309300
08/01/2017	42	42	41	41	17967000
07/31/17	42.85	43	41.8	42	12685700
07/28/17	43.7	43.9	42.85	43	9408000
07/27/17	44.4	44.6	43.3	43.3	9426600
07/26/17	43.5	44	43.4	43.95	9531200
07/25/17	43	43.3	42.85	43.2	8869900
07/24/17	42.3	43	41.95	42.65	16882100
07/21/17	41.95	42.15	41.8	42.15	13779500
07/20/17	42	42	41.8	41.9	5984800
07/19/17	41.9	42	41.55	41.7	7306300
07/18/17	41.45	41.75	41.45	41.75	8692600
07/17/17	41.2	41.6	41.2	41.45	5659900
07/14/17	41.55	41.85	40.95	41.2	6753000
07/13/17	42	42	41.05	41.55	11415900
07/12/2017	40.7	41.9	40.7	41.55	12411900
07/11/2017	40	40.6	39.95	40.4	8906400
07/10/2017	39.85	40.15	39.8	39.9	6289000
07/07/2017	40	40.05	39.8	40	9750900
07/06/2017	39.7	40.15	39.7	39.95	7228300
07/05/2017	39.95	40.1	39.6	39.9	5902300
07/04/2017	40.15	40.15	39.75	39.95	3895800
07/03/2017	39.6	40.4	39.1	40.4	5476700
06/30/17	39	39.75	38.45	39.75	11355200
06/29/17	40	40.05	38.85	39	10385400
06/28/17	40.05	40.4	39.8	39.9	9315900
06/27/17	39.5	40.15	39.5	40.05	10153500
06/23/17	39.85	39.95	39.2	39.45	6720700
06/22/17	40.5	40.5	39.65	40	11787800
06/21/17	41.1	41.1	40.2	40.5	9394700
06/20/17	41.5	41.5	41.05	41.1	11038000
06/19/17	40.7	41.5	40.5	41.5	9958600
06/16/17	40.9	41.15	40.3	41.15	185756609
06/15/17	40.45	41.45	40.45	40.95	16356100
06/14/17	41	41.2	40.1	40.45	20821199
06/13/17	41.9	41.9	40.55	40.85	20088801
06/09/2017	41.9	42.15	41.3	41.9	15304000
06/08/2017	41.9	42.4	41.45	41.9	17371199
06/07/2017	41	41.95	40.95	41.95	15505600
06/06/2017	41	41.3	40.1	40.7	14462900
06/05/2017	41	41.2	40.85	40.9	13319500
06/02/2017	40.6	41.4	40.55	41.3	25367600
06/01/2017	39.5	40.7	39.5	40.55	21266801
05/31/17	40	40	39.2	39.4	19201500
05/30/17	40.4	40.45	40.05	40.15	8675900
05/29/17	40.05	40.95	40.05	40.6	11417600
05/26/17	39.9	40.15	39.8	40	16864500
05/25/17	38.8	39.9	38.65	39.9	12025600
05/24/17	37.85	38.95	37.6	38.95	7538600
05/23/17	38.5	38.5	37.85	38.1	7757200
05/22/17	37.55	38.25	37.55	38.1	13565700
05/19/17	37.6	37.75	37.3	37.4	11699600
05/18/17	38.3	38.3	37.5	37.55	17303500
05/17/17	39	39	38.45	38.6	9451000
05/16/17	38.2	39	38.05	38.9	11907200
05/15/17	39	39.75	37.45	37.45	13964100
05/12/2017	39	39	38.45	39	18858801
05/11/2017	38.6	39.9	38.35	39.4	24586801
05/10/2017	38.35	38.75	38.25	38.6	20662801
05/09/2017	38.45	38.85	38.05	38.4	23907400
05/08/2017	36.4	38.45	36.4	38.4	23702500
05/05/2017	35.95	37	35.9	36.7	23233199
05/04/2017	36	36.1	35.5	35.9	18460301
05/03/2017	35.5	35.65	35.4	35.5	20158500
05/02/2017	35.3	35.65	35.25	35.4	8897200
04/27/17	35.75	35.75	35.3	35.3	12417100
04/26/17	35.55	36.2	35.55	35.8	12238700
04/25/17	35.2	35.65	35.2	35.55	13094700
04/24/17	35.6	35.6	35.1	35.2	4189500
04/21/17	35.3	35.65	35.3	35.6	6704800
04/20/17	34.85	35.3	34.8	35.2	4725000
04/19/17	35	35.15	34.8	35	4622300
04/18/17	34.85	35.45	34.85	35.3	3316500
04/17/17	35	35.25	34.85	34.85	2906300
04/12/2017	35.4	35.4	34.85	35	7267700
04/11/2017	35.5	35.6	35.25	35.4	6340100
04/10/2017	35.4	35.9	35.35	35.6	5061300
04/07/2017	35.1	35.7	34.6	35.4	7417500
04/06/2017	35.7	35.7	34.95	35	9341000
04/05/2017	34.3	35.95	34.25	35.95	14179000
04/04/2017	33.55	34.25	33.35	34	7575600
04/03/2017	33.6	33.75	33.15	33.15	4329200
03/31/17	33.8	33.8	33.05	33.05	12644500
03/30/17	33.9	34.2	33.4	33.85	11427400
03/29/17	34.05	34.3	33.5	33.8	6498800
03/28/17	34	34.8	33.9	34	7111600
03/27/17	34.7	34.8	33.9	34	28484199
03/24/17	35.55	35.55	34.5	34.5	5197200
03/23/17	35.7	35.75	35.3	35.55	7162800
03/22/17	35.85	35.95	34.65	35.55	16857500
03/21/17	35.95	36.4	35.85	36	6755600
03/20/17	36.45	36.45	35.95	35.95	4283600
03/17/17	36.3	36.6	35.85	36.55	44118898
03/16/17	36	36.45	35.85	35.9	3589500
03/15/17	36.05	36.3	35.4	35.7	7415300
03/14/17	36.2	36.35	35.8	36	4527900
03/13/17	35.65	36.2	35.5	36.2	5194100
03/10/2017	35.95	36.1	35.5	35.5	5354000
03/09/2017	36	36.25	35.8	35.85	2017800
03/08/2017	36.15	36.25	35.6	36	2375400
03/07/2017	36	36.35	35.6	35.9	27342100
03/06/2017	35.8	36.15	35.75	36	34765301
03/03/2017	36.1	36.1	35.3	35.8	11757400
03/02/2017	35.6	36.15	35.5	36.15	11473200
03/01/2017	35.1	35.75	35.1	35.55	3518100
02/28/17	36	36.15	35	35.3	10065000
02/27/17	36.05	36.4	35.8	36	6915000
02/24/17	36.8	36.85	36.05	36.05	7782400
02/23/17	37.45	37.95	36.85	36.95	16121300
02/22/17	36.2	37.6	36.1	37.6	16481400
02/21/17	36.3	36.45	35.9	36.35	13675300
02/20/17	36.25	36.4	36.05	36.2	11723500
02/17/17	36.45	36.75	36.2	36.25	13813900
02/16/17	36	36.55	36	36.4	17341400
02/15/17	35.8	36.2	35.8	36	13163300
02/14/17	36.15	36.3	35.5	35.6	11148700
02/13/17	36.2	36.4	36	36.2	13475400
02/10/2017	35.75	36.3	35.05	36.3	5128900
02/09/2017	35.25	35.8	35.1	35.75	7791900
02/08/2017	35.85	35.95	35.25	35.25	6726200
02/07/2017	35.6	36	35.35	35.85	7543900
02/06/2017	35.2	35.7	35.2	35.7	11116400
02/03/2017	35.3	35.4	34.9	35.15	5586400
02/02/2017	35.15	35.55	35.15	35.3	8065100
02/01/2017	35.5	35.5	34.8	35.05	7690900
01/31/17	35.85	35.85	35.55	35.55	8208000
01/30/17	35.4	35.95	35.4	35.85	6298200
01/27/17	35.9	35.95	35.35	35.35	6298400
01/26/17	35.9	36.1	35.6	35.9	7321900
01/25/17	36	36.25	35.9	35.9	5537800
01/24/17	36.1	36.2	35.3	35.95	10006500
01/23/17	35.2	36.5	35	36.5	8211900
01/20/17	34.8	35.2	34.35	35.2	12258100
01/19/17	33.95	34.9	33.75	34.9	9213600
01/18/17	33.75	34	33.65	33.9	4805300
01/17/17	34.4	34.5	33.7	33.8	7713200
01/16/17	34	34.6	33.8	34.3	5560900
01/13/17	33.9	34	33.6	34	3922900
01/12/2017	34.2	34.4	33.75	34	4538100
01/11/2017	34.4	35.3	34	34.2	9239800
01/10/2017	34	34.5	33.95	34.4	8183600
01/09/2017	34.4	34.45	33.95	33.95	9267900
01/06/2017	34.3	34.8	34	34.5	15326500
01/05/2017	33.3	34.85	32.95	34.15	17414301
01/04/2017	32.15	33.3	32.1	33.3	7582000
01/03/2017	32	32	31.25	32	2362200
12/29/16	31.65	32	31.3	32	10400700
12/28/16	30.8	31.7	30.3	31.7	8059700
12/27/16	30.2	30.7	30.15	30.15	3845100
12/23/16	30.2	30.5	30.05	30.05	5647700
12/22/16	31.45	31.45	30.1	30.2	9598100
12/21/16	31.35	31.75	30.75	31	7499500
12/20/16	31.2	31.4	30.3	31.3	11242100
12/19/16	31.8	32	30.8	31.2	11127500
12/16/16	31.85	32.25	31.55	31.55	41287898
12/15/16	32.05	32.05	31.6	31.75	9495300
12/14/16	32.6	32.85	32	32.35	12241200
12/13/16	33.2	33.25	32.25	32.5	20688199
12/12/2016	34.8	34.8	32.95	33	19240400
12/09/2016	34.45	34.95	34.25	34.95	11954100
12/08/2016	32.95	34.45	32.95	34.45	13936800
12/07/2016	32.6	32.9	32.45	32.8	12359700
12/06/2016	32.1	32.9	31.6	32.9	7564600
12/05/2016	33	33.4	31.8	31.8	12414700
12/02/2016	33.35	33.35	32.4	33	10553700
12/01/2016	33	33.7	32.9	33.4	26799699
11/29/16	32.6	32.9	31.85	32.9	18119000
11/28/16	32.5	33.15	32	32.6	19758699
11/25/16	31.25	32.4	31.25	32.35	19236301
11/24/16	30.65	31.15	30.65	31	26866100
11/23/16	31.75	31.75	30.2	30.6	22973000
11/22/16	33	33	31.6	31.6	15945300
11/21/16	34	34	32.35	33	12026100
11/18/16	33.95	34.2	33.4	34	8982500
11/17/16	33.1	33.95	33.1	33.95	14481800
11/16/16	31.75	33.2	31.75	33	10400800
11/15/16	32.15	32.75	31.15	31.5	16348400
11/14/16	32.6	32.65	31.9	31.95	13867100
11/11/2016	34	34	32.6	32.8	25718199
11/10/2016	34.6	35	33.8	33.85	15647300
11/09/2016	35.8	35.95	33.75	34	22660801
11/08/2016	35.8	36	35.4	35.7	8067500
11/07/2016	34.85	35.75	34.85	35.3	11357300
11/04/2016	34.9	35.3	34.7	34.8	16729301
11/03/2016	35.95	36.05	34.9	34.9	19982000
11/02/2016	36	36.25	35.6	35.9	14886700
10/28/16	37	37.1	36	36.25	18053000
10/27/16	37	37	36.75	37	10340800
10/26/16	37.6	37.6	36.8	37	17463301
10/25/16	37.7	38.1	37.15	37.6	12626500
10/24/16	37.7	38.1	37.35	37.7	9040500
10/21/16	38.1	38.1	37.65	37.75	6830800
10/20/16	37.95	38.25	37.65	38.15	9687100
10/19/16	37.4	38.1	37.35	38.1	24229400
10/18/16	36.2	37.35	36.15	37.25	15122200
10/17/16	36.8	36.85	36.1	36.2	28734699
10/14/16	36.45	37.1	36.45	36.85	23825900
10/13/16	37.3	37.45	36.4	36.4	26663801
10/12/2016	37.9	38	37.25	38	25061100
10/11/2016	38.2	38.45	38.15	38.3	8930800
10/10/2016	38.2	38.3	38	38.2	9883000
10/07/2016	38.7	38.7	38	38.1	13612600
10/06/2016	39.1	39.35	38.55	38.75	19399400
10/05/2016	39.5	39.75	39.1	39.75	12872200
10/04/2016	39.15	39.5	39.05	39.5	6106000
10/03/2016	39.3	39.4	39.05	39.4	1453900
09/30/16	39.85	39.85	38.85	39.25	9398700
09/29/16	38.85	39.8	38.75	39.8	11299100
09/28/16	38.25	38.8	38.2	38.7	2809200
09/27/16	38.15	38.4	37.85	38.25	6579900
09/26/16	38.65	38.8	37.9	38.25	14379100
09/23/16	39.05	39.1	38.2	39	12427300
09/22/16	38.9	39.3	38.75	39	9472000
09/21/16	38	38.85	37.9	38.75	10709600
09/20/16	37.8	38	37.75	38	9319600
09/19/16	37.4	37.75	37.05	37.75	8736600
09/16/16	37.8	37.95	36.65	37.05	80398094
09/15/16	37.15	38	37	38	20957699
09/14/16	37.6	37.65	37.1	37.15	26867199
09/13/16	38	39	37.8	37.8	20968500
09/09/2016	38.6	38.95	38	38	13384600
09/08/2016	38.2	38.95	37.65	38.6	14233600
09/07/2016	39.05	39.2	38.25	38.35	10985100
09/06/2016	39.5	39.5	38.75	39.25	10239500
09/05/2016	39.1	39.65	38.6	39.5	5485000
09/02/2016	38.4	39.65	38.4	39.5	6891800
09/01/2016	38.85	39	38	38.4	14071900
08/31/16	38.6	39.2	38.3	38.5	16172700
08/30/16	38.95	38.95	38.2	38.5	16854000
08/26/16	39	39.1	38.55	38.7	13760200
08/25/16	39.8	39.85	39.25	39.3	11206300
08/24/16	41	41.1	39.5	40	16153900
08/23/16	41.1	41.15	40.55	40.8	5114100
08/22/16	41	41.2	40.85	41.2	4295700
08/19/16	41.2	41.2	41	41.1	6278900
08/18/16	41.2	41.85	41.05	41.2	4879300
08/17/16	42	42.15	41.2	41.2	7174500
08/16/16	41.9	41.9	41.5	41.6	8312900
08/15/16	41.2	42	41.1	42	8919200
08/12/2016	41.2	41.25	40.85	41.2	8370900
08/11/2016	41.2	41.2	40.9	41.05	7974400
08/10/2016	40.95	41.25	40.55	41.15	6109500
08/09/2016	40.2	41.3	40.2	41.05	23431000
08/08/2016	40.5	40.5	39.55	40.2	5161300
08/05/2016	40.7	40.7	40.35	40.5	4604600
08/04/2016	40	40.6	39.9	40.6	7983400
08/03/2016	40.4	40.4	39.6	39.85	12072100
08/02/2016	40	40.2	39.75	40.15	5603100
08/01/2016	39.55	40.1	39.5	40	6001100
07/29/16	39.95	40.65	39.5	39.5	11642800
07/28/16	40.95	40.95	39.85	40	9779800
07/27/16	40.2	41	40.15	41	11022500
07/26/16	40.05	40.4	39.9	40.2	8534600
07/25/16	40	40.05	39.8	39.95	18026400
07/22/16	40	40.4	39.8	39.8	7214800
07/21/16	40.05	40.1	39.7	40	17016301
07/20/16	40	40.1	39.85	40.05	18162400
07/19/16	40.1	40.2	39.9	40.05	12608100
07/18/16	40.5	40.6	40.1	40.25	16230900
07/15/16	40.05	40.8	40	40.7	30442100
07/14/16	40.1	40.1	39.7	40	16794600
07/13/16	39.7	40.25	39.7	40	28023000
07/12/2016	39.15	39.7	39.15	39.7	15195900
07/11/2016	38.9	39.2	38.9	39.1	11443800
07/08/2016	37.85	38.35	37.6	38.2	29325500
07/07/2016	38.85	38.95	37.9	37.9	14986000
07/05/2016	39.1	39.35	38.95	39	5956900
07/04/2016	39.15	39.5	38.9	38.95	9396400
07/01/2016	38.8	39.65	38.8	39	4506100
06/30/16	39	40.6	38.8	38.8	22861600
06/29/16	39.1	39.35	38.7	38.7	6775000
06/28/16	39.35	39.35	38.6	38.8	9665400
06/27/16	38.15	39.4	37.65	39.4	7998300
06/24/16	39.65	39.65	37.6	38.2	23581500
06/23/16	39.5	39.55	38.8	38.95	8545900
06/22/16	39.6	39.7	39.35	39.6	9549500
06/21/16	39.55	40.3	39.5	39.6	15632300
06/20/16	38.35	40.1	38.35	39.55	19404400
06/17/16	38	38.6	37.55	38.35	23707000
06/16/16	37.8	38.05	37.55	37.85	9002500
06/15/16	37.05	37.95	37	37.95	7527700
06/14/16	37	37.1	36.5	37.1	7829700
06/13/16	37.3	37.3	36.4	37	10640500
06/10/2016	37.5	38	37.1	37.1	13074100
06/09/2016	38.3	38.5	37.05	37.05	8143800
06/08/2016	39	39.3	38.05	38.05	12791900
06/07/2016	37.95	39.3	37.9	38.95	16991400
06/06/2016	36.5	37.9	36.5	37.9	10324400
06/03/2016	36.9	37.15	36.5	36.5	8478900
06/02/2016	36.5	37.4	36.45	36.9	5842900
06/01/2016	36.1	37.5	36.1	36.7	8604100
05/31/16	37	37.05	35.7	35.7	31437699
05/30/16	36.8	37.1	36.65	36.8	6766900
05/27/16	36.9	37.05	36.5	36.85	11239300
05/26/16	37.5	37.8	36.5	36.9	14135000
05/25/16	36.1	37.2	36.05	37.2	20330100
05/24/16	34.9	36.15	34.9	35.8	12497300
05/23/16	35.1	35.5	34.8	35	15771000
05/20/16	35.3	35.9	34.85	34.9	12668800
05/19/16	36.7	36.7	35.35	36	14857000
05/18/16	36.5	36.7	36.1	36.3	21259400
05/17/16	36	36.8	36	36.5	23552000
05/16/16	35.3	36.45	35.1	35.85	13228800
05/13/16	35.25	36.8	35.15	35.5	22126301
05/12/2016	35.25	35.4	34.8	35.25	13353600
05/11/2016	35	35.55	35	35.25	20752801
05/10/2016	33.85	34.4	33.85	34.35	24180100
05/06/2016	33.75	33.95	33.75	33.85	17950500
05/05/2016	33.7	34	33.65	33.8	11833600
05/04/2016	33.75	33.85	33.6	33.75	13643100
05/03/2016	33.85	34	33.75	33.75	8397900
05/02/2016	34.1	34.15	33.55	33.8	11577600
04/29/16	34.25	34.65	34.1	34.65	9887000
04/28/16	34.4	34.95	34.2	34.25	6407800
04/27/16	34.3	34.35	34.1	34.2	10203300
04/26/16	34.1	34.4	34.05	34.2	6463700
04/25/16	34.65	34.7	34.1	34.15	10545200
04/22/16	34.9	34.9	34.6	34.7	5904100
04/21/16	34	35	34	35	7580900
04/20/16	34.45	34.5	33.8	34	10473900
04/19/16	34.9	35.05	34.25	34.45	17981000
04/18/16	35.55	35.55	34.75	34.95	8832500
04/15/16	35.85	35.85	35.3	35.5	16247000
04/14/16	35.75	35.95	35.65	35.95	10854100
04/13/16	35.8	36	35.6	35.7	10470400
04/12/2016	36.2	36.25	35.5	35.75	8594600
04/11/2016	36	36.5	35.95	36.15	14061800
04/08/2016	35.6	36	35.35	36	16912699
04/07/2016	35.1	35.85	35.1	35.85	3352100
04/06/2016	35	35.15	34.8	35	8516200
04/05/2016	35.4	35.45	34.9	35	6532000
04/04/2016	35.5	35.75	35.15	35.4	6317500
04/01/2016	35.5	35.7	34.65	35.4	5863800
03/31/16	35.5	35.8	34.85	35.25	15675800
03/30/16	34.8	35.7	34.8	35.2	14490800
03/29/16	35.1	35.1	34.65	34.75	10741000
03/28/16	36	36	34.95	35	12798200
03/23/16	36	36.05	35.65	35.85	6727600
03/22/16	36.8	36.85	35.65	36.2	11795800
03/21/16	37.6	37.85	36.85	36.95	16132800
03/18/16	35.15	36.8	35.15	36.6	26961199
03/17/16	34.2	35.15	34.2	34.85	14927300
03/16/16	35.1	35.1	34	34	9834100
03/15/16	35.8	35.8	35.05	35.25	10959800
03/14/16	35.95	36	35.65	35.65	9179500
03/11/2016	35.05	36	34.9	35.3	11236800
03/10/2016	33.8	35	33.75	34.95	6607400
03/09/2016	33.9	34.35	33.65	34.2	12983600
03/08/2016	33.95	34.05	33.3	33.7	6399100
03/07/2016	34.1	34.2	33.95	34.2	7149200
03/04/2016	33.7	34.15	33.7	34	12165400
03/03/2016	33.9	34.4	33.8	34	14130100
03/02/2016	32.85	33.85	32.8	33.8	15912700
03/01/2016	32.4	32.8	32.4	32.7	6872400
02/29/16	32.25	32.8	32.1	32.8	11283000
02/26/16	32	32.4	31.9	32.05	15295800
02/24/16	32.85	32.85	32.2	32.5	6006000
02/23/16	32.1	33.1	32.05	33	9341500
02/22/16	31.55	32.05	31.5	31.9	8580100
02/19/16	31.9	31.9	31.15	31.35	7551100
02/18/16	31.95	32.05	31.5	32	8579200
02/17/16	32	32.1	31.2	31.45	10360700
02/16/16	31.4	32.2	31.4	31.75	8176400
02/15/16	31.15	31.4	31	31.15	2807300
02/12/2016	30.85	31.45	30.8	31	5536900
02/11/2016	31.6	31.6	30.85	31	4218600
02/10/2016	31.1	31.5	31	31.5	1818700
02/09/2016	31.95	31.95	31	31	7281900
02/05/2016	32.2	32.4	32.05	32.15	7718700
02/04/2016	31.35	32.15	31.35	32	20308801
02/03/2016	31.4	31.5	31.1	31.25	9676600
02/02/2016	31.45	32	31.4	31.9	12156200
02/01/2016	31.6	31.9	31.15	31.4	15044200
01/29/16	30.9	31.4	30.75	31.4	18207900
01/28/16	30.3	30.85	30.05	30.5	9506400
01/27/16	30.6	30.7	30.25	30.3	13603900
01/26/16	30.35	30.85	29.55	30.2	15274200
01/25/16	29.2	30.75	29.15	30.75	23656801
01/22/16	27.5	29	27.2	28.6	13035200
01/21/16	28.45	28.65	27.2	27.2	25974301
01/20/16	29.9	29.9	28.45	28.5	15135700
01/19/16	29.9	30.3	29.9	29.95	8195700
01/18/16	29.95	30	29.45	29.9	13539900
01/15/16	30.85	31.2	30.6	30.75	8953100
01/14/16	30	30.5	30	30.3	15821500
01/13/16	30.65	31.1	30.25	30.6	19714000
01/12/2016	30.5	31.2	30	30	14117500
01/11/2016	31.4	31.4	30	30	23486000
01/08/2016	32.15	32.55	31.65	31.75	19741699
01/07/2016	33.05	33.1	31.6	32.25	24189100
01/06/2016	33.85	34.1	33.1	33.1	14576500
01/05/2016	34	34.35	33.8	33.95	5335000
01/04/2016	34.5	34.55	33.95	34.1	4823200
12/29/15	34.55	34.8	34.2	34.45	4251700
12/28/15	34.85	35.6	34.5	34.55	5106400
12/23/15	35.85	35.9	35.15	35.7	6318900
12/22/15	35.4	35.9	35.05	35.8	5096900
12/21/15	34.45	35.6	34.1	35.6	5132800
12/18/15	34.8	34.95	33.85	34.55	15329900
12/17/15	36	36.2	34.9	34.9	17814500
12/16/15	35.1	36	35.1	35.9	14415800
12/15/15	34.05	35.45	34.05	34.85	5314400
12/14/15	34.7	34.85	33.8	34.35	7633200
12/11/2015	34.65	35.5	34.25	35.5	19140500
12/10/2015	33.8	34.8	33.8	34.6	21705400
12/09/2015	33.6	34	33.6	33.8	7178200
12/08/2015	33.95	33.95	33.6	33.85	5632800
12/07/2015	34.1	34.5	33.8	33.95	6000100
12/04/2015	34.5	34.7	33.9	34.1	4196700
12/03/2015	34.5	34.65	34.1	34.65	5022800
12/02/2015	34.7	35.05	34.35	34.8	32910398
12/01/2015	33.2	34.7	33.1	34.7	17090400
11/27/15	34.65	34.65	33.7	33.85	26958801
11/26/15	35	35.15	34.5	34.65	5337800
11/25/15	35	35.1	34.6	35	7033900
11/24/15	35.2	35.2	34.65	35	4522600
11/23/15	35	35.25	34.8	35.1	4175400
11/20/15	34.25	35.2	34.2	35.2	5101100
11/17/15	33.8	34.6	33.8	33.95	6638700
11/16/15	33.35	34.25	32.8	33.6	6643300
11/13/15	34	34.2	33.3	33.4	8337300
11/12/2015	35.4	35.5	33.85	33.85	4099000
11/11/2015	35	35.1	34.7	34.8	22711801
11/10/2015	35.55	35.55	35.05	35.15	13427000
11/09/2015	36.6	36.6	35.55	35.85	2942500
11/06/2015	36.5	36.9	36.25	36.65	7311800
11/05/2015	36.5	37	36.05	36.5	7599600
11/04/2015	36.5	36.55	35.85	36.55	8164100
11/03/2015	35.95	36.5	35.9	36.5	10404400
11/02/2015	35.9	36.1	35.65	35.95	8318000
10/30/15	35.8	36.15	35.35	35.85	9122100
10/29/15	36.55	36.8	35.55	35.7	10227500
10/28/15	37.15	37.15	36.15	36.6	17063801
10/27/15	36.5	37.25	35.8	37.25	7110800
10/26/15	36	36.9	36	36.55	14197000
10/23/15	35.2	35.5	35	35.3	31276000
10/22/15	35.15	35.15	34.85	35	7686400
10/21/15	34.8	35.3	34.8	35.15	5582000
10/20/15	35.45	35.75	34.85	34.85	8410900
10/19/15	35.7	35.75	35.35	35.4	5303100
10/16/15	36	36.15	35.15	35.7	10181500
10/15/15	35.75	35.95	35.1	35.95	4997700
10/14/15	36.2	36.2	35	35	4742500
10/13/15	36.65	36.8	35.9	36.2	15316300
10/12/2015	37.55	37.55	36.4	36.8	6192100
10/09/2015	36.45	37.6	36.4	37.6	15520600
10/08/2015	36	36.5	35.55	36.35	9616600
10/07/2015	35.2	35.95	35	35.95	9707400
10/06/2015	34.9	35	34.5	35	11142200
10/05/2015	33.5	34.8	33.2	34.1	15180300
10/02/2015	34.05	34.05	33.4	33.7	5400300
10/01/2015	33.95	34.3	33.7	34.05	6138000
09/30/15	33.25	34	33	34	16427100
09/29/15	33.1	33.7	32.4	33.6	10633500
09/28/15	34	34.65	33.15	33.15	7425900
09/24/15	33.8	34	33.75	34	8618100
09/23/15	34	34.15	33.8	34	15422800
09/22/15	34.3	34.3	33.8	34.15	7688700
09/21/15	35	35	33.95	34.25	13661300
09/18/15	35	35.3	34.85	35.05	22691500
09/17/15	35.4	35.4	34.25	34.5	15215300
09/16/15	36	36.5	34.9	35.2	16607100
09/15/15	35.85	36.15	35.45	35.9	7065800
09/14/15	34.6	35.95	34.15	35.95	8648000
09/11/2015	33.8	34.5	33.8	34.3	4952600
09/10/2015	34.2	34.2	33.2	33.65	15143300
09/09/2015	34.75	35.05	34	34.2	14542200
09/08/2015	34.75	34.85	34.05	34.35	7584800
09/07/2015	35.5	35.55	34.4	34.65	5588800
09/04/2015	36	36.1	35	35.8	11307600
09/03/2015	36.4	36.8	35.85	36	4828500
09/02/2015	35.9	36.6	35.1	36.4	12726800
09/01/2015	36	36.95	36	36.65	20553900
08/28/15	35.4	36.25	35.4	35.95	17835600
08/27/15	35.2	35.7	34.6	34.8	28771900
08/26/15	33.8	34.95	33.5	34.4	25731500
08/25/15	33.5	35.2	33.2	33.5	26389600
08/24/15	36	36	32.5	33.75	34368000
08/20/15	37.8	37.8	37.1	37.1	15253800
08/19/15	37.85	37.85	37.55	37.8	6804500
08/18/15	37.65	38.1	37.55	38	5555200
08/17/15	37.5	38	37.4	37.65	4730300
08/14/15	38	38.05	37.5	37.5	9127200
08/13/15	38.5	38.55	37.6	38	10846500
08/12/2015	39	39	38.3	38.3	8534800
08/11/2015	38.3	39.3	38.2	39	12440000
08/10/2015	38.5	38.65	38.15	38.15	3158800
08/07/2015	38.1	38.7	37.5	38.7	7633300
08/06/2015	38	38.65	37.95	38.15	9224700
08/05/2015	36.8	38.25	36.75	37.9	10623800
08/04/2015	37.05	37.2	36.75	36.85	16223100
08/03/2015	37.55	37.55	36.9	37.05	13085700
07/31/15	37.5	37.5	36.8	37.4	14248600
07/30/15	37.3	37.8	37.05	37.2	7583400
07/29/15	37.5	38	37	37	6825300
07/28/15	37.75	37.85	37.3	37.45	8263900
07/27/15	38.9	38.9	37.8	37.8	7025600
07/24/15	38.5	39.05	38.1	38.9	5009900
07/23/15	38.05	38.9	38.05	38.5	5876700
07/22/15	38.5	39	38.35	38.9	4798700
07/21/15	38	38.5	37.8	38.5	11788800
07/20/15	38.2	38.3	37.85	38	3347000
07/16/15	38.3	38.35	38	38.3	9208200
07/15/15	38.5	38.5	37.95	38.3	5564800
07/14/15	38.2	38.5	38	38.3	7187800
07/13/15	36.85	38.15	36.4	38.15	6659000
07/10/2015	36.9	37.05	36.6	36.85	4118900
07/09/2015	36	36.8	35.7	36.55	17596500
07/08/2015	36.3	36.4	36	36.4	13350000
07/07/2015	36.3	36.8	36.3	36.4	7229400
07/06/2015	36.8	36.9	36.2	36.3	9955900
07/03/2015	37.6	37.7	36.8	36.8	12070200
07/02/2015	37.2	38.3	37.2	37.65	14527100
07/01/2015	37.2	37.3	37	37.1	8862100
06/30/15	37.3	37.8	37.2	37.3	13358200
06/29/15	37.75	37.9	37.45	37.65	5361500
06/26/15	37.9	38.1	37.8	37.95	5108700
06/25/15	38	38	37.7	37.9	7621600
06/24/15	37.85	38.05	37.7	38	12121100
06/23/15	38.1	38.6	37.85	37.85	7178500
06/22/15	38.25	38.5	37.8	38	12522100
06/19/15	39.1	39.2	38.25	38.25	10176200
06/18/15	38.95	39.05	38.85	38.9	3757800
06/17/15	38.9	38.95	38.05	38.6	10006800
06/16/15	38.8	38.9	38.5	38.85	6598900
06/15/15	38.95	39.2	38.65	38.95	6970100
06/11/2015	37.6	39	37.6	39	8349200
06/10/2015	36.9	37.75	36.8	37.5	9193400
06/09/2015	38.65	38.65	36.5	37	18582000
06/08/2015	38.75	39.05	38.7	38.75	7722300
06/05/2015	38.9	39.1	38.8	38.8	10332300
06/04/2015	39.05	39.4	38.9	39.2	13883400
06/03/2015	39	39.5	39	39.35	5317300
06/02/2015	39.9	39.9	39.2	39.5	14622400
06/01/2015	40	40.5	39.35	40.3	6323800
05/29/15	38.75	40.2	38.55	40.05	16184800
05/28/15	39.25	39.3	38	38.7	14817300
05/27/15	39.9	39.9	38.6	39.25	13237300
05/26/15	39.65	40.3	39.2	40.3	3917500
05/25/15	40	40	39.4	39.65	5554100
05/22/15	40.8	40.85	39.65	40	6941900
05/21/15	40.95	41.1	40.05	40.2	9098800
05/20/15	40.5	41.2	40.4	40.95	3549200
05/19/15	41	41	40.2	40.65	5406600
05/18/15	40.8	41.4	40.8	41	5913500
05/15/15	40.5	40.8	40.2	40.7	6424200
05/14/15	40.1	40.45	39.95	40.2	7167200
05/13/15	39.7	40.15	39.7	40.05	7374000
05/12/2015	39.65	40.5	39.65	40.35	2968400
05/11/2015	40	40.4	39.65	40.35	2933900
05/08/2015	40.4	40.4	39.55	39.8	5640000
05/07/2015	39.55	40.55	39.35	40.4	4591600
05/06/2015	40.3	40.3	39.8	40	4883800
05/05/2015	40	40.65	39.5	40.45	7730100
05/04/2015	38.75	40.05	38.55	40	14065800
04/30/15	39.75	39.9	38.3	38.65	29616301
04/29/15	39.55	39.75	39	39.7	10298600
04/28/15	39.7	39.75	39.1	39.5	7862300
04/27/15	39.5	39.9	39.45	39.7	9047400
04/24/15	39.6	39.8	39.5	39.6	27481801
04/23/15	39.6	39.7	39.5	39.7	4660100
04/22/15	39.9	39.95	39.3	39.5	11790200
04/21/15	39.7	40	39.55	39.9	5755000
04/20/15	39.8	40.05	39.05	39.65	9764700
04/17/15	40.25	40.25	39.75	40	4450300
04/16/15	39.55	40.35	38.5	40.35	11450400
04/15/15	40.7	40.7	39	39.45	16944801
04/14/15	41.05	41.2	40.45	40.6	11979800
04/13/15	40.8	41.4	40.1	40.6	8456400
04/10/2015	40	41.05	40	40.75	17755301
04/08/2015	39.9	40.1	39.4	40	12877400
04/07/2015	40.1	40.15	39.6	40	16597600
04/06/2015	39.7	40.2	39	39.65	4875700
04/01/2015	38.9	40	38.75	40	16007200
03/31/15	38.35	38.85	37.8	38.5	19586699
03/30/15	37.85	38.8	37.6	37.6	12711100
03/27/15	37.2	37.8	37.2	37.6	7873400
03/26/15	36.95	37.7	36.75	37.6	6841100
03/25/15	37.15	37.25	36.65	36.95	14214600
03/24/15	37.55	37.55	37.05	37.15	19535900
03/23/15	37.85	37.95	37.5	37.6	3502800
03/20/15	37.85	37.9	37.25	37.85	17985100
03/19/15	37.6	38.1	37.6	38.1	21895301
03/18/15	37.7	37.95	37.25	37.4	14523100
03/17/15	37.1	37.95	37.1	37.95	9451000
03/16/15	37.4	37.7	36.85	37	12456100
03/13/15	38.6	38.6	37.45	37.45	15923200
03/12/2015	37.65	38.75	37.55	38.6	11422400
03/11/2015	37.2	37.75	37.2	37.75	11479300
03/10/2015	37.5	37.7	37.4	37.55	5372700
03/09/2015	38	38.05	37.3	37.5	7609000
03/06/2015	37.6	38.5	37.6	38.25	5819300
03/05/2015	38	38.05	37	37.7	4735100
03/04/2015	36.7	38.8	36.7	38.15	16940900
03/03/2015	37	37	36.65	36.7	4936800
03/02/2015	36.25	37	36.2	37	7739700
02/27/15	37.1	37.1	36.1	36.25	17596301
02/26/15	37.45	37.5	36.8	36.9	6757900
02/25/15	37.1	37.7	37.1	37.65	15770700
02/24/15	36.5	37	36.5	37	11778500
02/23/15	36.1	36.95	35.95	36.5	23246900
02/20/15	36	36	35.8	35.95	7307800
02/18/15	35.55	35.9	35.55	35.6	28301000
02/17/15	35.5	35.9	35.4	35.55	6197400
02/16/15	35.3	35.65	35.1	35.35	6412400
02/13/15	35.4	35.65	35.2	35.3	8024200
02/12/2015	35.95	35.95	35.35	35.4	14288300
02/11/2015	36	36.1	35.55	35.7	8318800
02/10/2015	36.4	36.4	35.45	35.5	4819300
02/09/2015	36	36.25	35.95	36.05	5529800
02/06/2015	35.7	36	35.65	36	9422900
02/05/2015	36	36.05	35.25	35.7	12667400
02/04/2015	35.9	36.35	35.9	36	19711301
02/03/2015	35.5	35.75	35.2	35.4	7938400
02/02/2015	36.1	36.1	35.15	35.95	6126200
01/30/15	35.3	36.1	35.2	36.1	20657600
01/29/15	35.1	36.5	35.1	35.2	12593600
01/28/15	35.6	35.7	34.9	35.7	10592800
01/27/15	35	35.6	34.8	35.5	12316700
01/26/15	35.6	35.6	34.65	35	13168600
01/23/15	35.1	35.65	35.1	35.65	17545100
01/22/15	34.7	34.95	34.7	34.85	16437801
01/21/15	34.6	35.15	34.6	34.95	10705900
01/20/15	34.55	34.7	34.5	34.55	20547000
01/19/15	35.05	35.2	34.25	34.5	16071700
01/14/15	34.05	35.4	34	34.9	21095199
01/13/15	34.1	34.2	33.75	34.15	24090900
01/12/2015	33.7	34.3	33.55	34	47085500
01/09/2015	35.25	35.65	35	35	9225200
01/08/2015	34	35.3	34	35.25	22669400
01/07/2015	33.5	34.1	33.5	33.75	7744600
01/06/2015	34	34	33.5	33.5	11225100
01/05/2015	34	34.15	33.7	34	20650400
