BDO 1216

12/27/19	131.167	131.667	129.417	131.667	2694984.066
12/26/19	127.75	131.167	127.75	131.167	431112.0105
12/23/19	131.5	133.167	127.583	130.833	2249568.055
12/20/19	129.25	130.667	124.333	129.5	5489280.134
12/19/19	133.25	133.25	125.833	129	2491296.061
12/18/19	133.333	133.333	130.833	131.667	3496428.085
12/17/19	130.167	134.167	128.833	134.167	1903476.046
12/16/19	132.917	133.083	130.833	130.833	2111556.052
12/13/19	131.417	134.833	130.917	133.417	2991324.073
12/12/2019	131.583	133.25	130.417	132.333	2072904.051
12/11/2019	133.25	133.25	130.833	131.583	1245084.03
12/10/2019	133.333	133.333	132.333	133.25	1316136.032
12/09/2019	131.583	133.333	131.5	133.333	3113988.076
12/06/2019	131.25	131.833	130.417	130.417	1896924.046
12/05/2019	132.5	132.5	130.833	131.667	2515800.061
12/04/2019	132.083	132.75	130.917	132.083	1751532.043
12/03/2019	132.75	132.75	129.5	132.083	1836708.045
12/02/2019	127.5	131.667	126.5	131.667	1469556.036
11/29/19	129	129	125.917	126.5	1298316.032
11/28/19	128.5	130.833	128.333	128.333	1732344.042
11/27/19	125.167	131.667	125.167	130.833	3085128.075
11/26/19	125	128.333	124.25	125	12937164.32
11/25/19	126.75	127.417	124.25	125	2986368.073
11/22/19	128.333	128.333	126.083	126.667	3858912.094
11/21/19	131.5	131.5	128.583	128.583	2193204.054
11/20/19	130	131.5	129.417	131.5	1138920.028
11/19/19	129.167	131.167	128.917	131.167	1159884.028
11/18/19	129.333	129.917	128.583	129.167	1045236.026
11/15/19	130	130.833	129.333	130	822612.0201
11/14/19	129.417	130	128.333	130	893484.0218
11/13/19	129.167	130	128.75	129.417	1652700.04
11/12/2019	129.167	130.333	127.5	130.333	2608392.064
11/11/2019	132.917	132.917	128.5	129.167	2834604.069
11/08/2019	129.917	132.917	129.917	132.917	1126644.027
11/07/2019	131.667	132.917	128.75	132.917	966108.0236
11/06/2019	133.333	133.333	130.417	131.667	816648.0199
11/05/2019	130.833	133.333	130.167	133.333	2841264.069
11/04/2019	128.417	133.25	128.417	133.25	2537268.062
10/31/19	129.167	129.333	128.417	129.083	2643024.064
10/30/19	128.167	130	125.917	129.75	2489136.061
10/29/19	126.667	127.5	125.75	126.75	2395032.058
10/28/19	124.417	126.667	123.667	126.667	3939408.096
10/25/19	124.333	124.333	122.583	123.167	1465008.036
10/24/19	122.333	124.417	121.833	124.417	1425468.035
10/23/19	122.917	122.917	120.833	122.333	1335996.033
10/22/19	122.917	124	122.333	123.667	1535304.037
10/21/19	121.583	124.083	121.5	124.083	746376.0182
10/18/19	124.583	124.583	121.333	121.333	767568.0187
10/17/19	123.75	124.583	122.75	124.583	853416.0208
10/16/19	123.667	124.167	121.667	124.167	1516920.037
10/15/19	122.75	123.75	121.667	123.75	589344.0144
10/14/19	122.5	123.5	122.5	122.75	701592.0171
10/11/2019	120.833	122.5	119.75	122.5	1446120.035
10/10/2019	119.5	120.833	119.5	120.833	712656.0174
10/09/2019	119.083	119.667	118.333	119.5	766308.0187
10/08/2019	118.333	121.167	116.917	119.167	2343120.057
10/07/2019	119.167	119.667	116.667	116.667	895356.0218
10/04/2019	115	119.583	115	119.583	1304052.032
10/03/2019	114.583	116.167	114.333	115	1728060.042
10/02/2019	119.75	119.75	114.167	114.167	2378316.058
10/01/2019	119.167	120	117.5	119.583	1250412.031
09/30/19	120.833	120.833	117.917	119.167	1887732.046
09/27/19	121.667	121.667	117.583	120.833	1579632.039
09/26/19	119.167	121.75	118.333	121.667	1749420.043
09/25/19	118.75	119	116.833	119	1607160.039
09/24/19	118.333	119.167	118.083	118.833	1284156.031
09/23/19	117.5	118.833	116.667	117.917	1086768.027
09/20/19	116.833	117.5	116.667	117	6931296.169
09/19/19	116.417	117.25	116.333	116.833	784416.0191
09/18/19	115.417	116.5	115.417	116.417	1796460.044
09/17/19	118.333	118.667	114.5	114.5	3477240.085
09/16/19	118.75	118.917	117.75	118.667	1389360.034
09/13/19	118.417	119.583	117.75	118.833	2717244.066
09/12/2019	119.167	119.667	118.167	118.167	1383324.034
09/11/2019	120	120	118	119.167	2876472.07
09/10/2019	118.75	119.417	118.5	119.167	1639320.04
09/09/2019	119.583	120	118.75	118.75	1867284.046
09/06/2019	120.833	120.833	118.75	118.75	1815528.044
09/05/2019	120.917	122.083	120.167	120.833	2681928.065
09/04/2019	119.5	121.583	119.417	120.833	1901724.046
09/03/2019	121.667	122.417	118.333	118.333	1756752.043
09/02/2019	123.333	123.333	120.833	120.833	664356.0162
08/30/19	122.333	124.583	121.333	124.167	2999880.073
08/29/19	120.833	122.5	118.75	122.5	2203872.054
08/28/19	120.667	122	120.5	120.833	2198892.054
08/27/19	123.667	123.667	120	121.25	6074628.148
08/23/19	122.5	123.5	120.25	123.5	2783688.068
08/22/19	120.833	122.5	119.417	122.5	2794428.068
08/20/19	122.5	122.5	120.083	120.833	1265772.031
08/19/19	119.167	123.75	118.5	122.333	2307468.056
08/16/19	120	122.083	118.333	118.333	1841820.045
08/15/19	119.25	121.667	117.083	120.833	2579868.063
08/14/19	118.333	123.75	118.333	123.75	2180772.053
08/13/19	121.833	121.917	117.5	120.167	2363232.058
08/09/2019	121.667	123.25	121.667	122.083	2436876.059
08/08/2019	124.833	124.833	121.667	121.667	2085996.051
08/07/2019	120.167	124.833	120.167	124.833	2001528.049
08/06/2019	120.833	121.833	116.917	120	2733420.067
08/05/2019	124.167	124.417	121.333	121.667	2823648.069
08/02/2019	124.833	125	123.333	125	2699376.066
08/01/2019	122.083	125.333	121.667	125	2632632.064
07/31/19	123.333	124.917	122.083	122.5	2540952.062
07/30/19	124.167	124.167	122.833	123.667	1668504.041
07/29/19	123.75	124.75	122.5	123.75	1556100.038
07/26/19	125	127.083	122.667	123.5	2390844.058
07/25/19	122.75	126.583	121.167	126.583	2695284.066
07/24/19	125	125.75	122.5	122.917	1584096.039
07/23/19	124.167	126.667	121.833	125.833	2510904.061
07/22/19	121.5	124.5	121.333	124.5	1982760.048
07/19/19	123.25	124.583	122.583	123.333	1508844.037
07/18/19	123.25	125	123.083	123.167	1336644.033
07/17/19	122.75	123.583	122.667	122.667	1391328.034
07/16/19	128.333	128.333	121.667	121.833	4670916.114
07/15/19	123.5	128.333	123.417	128.333	4225620.103
07/12/2019	120.917	124.25	120.917	123.5	2603340.064
07/11/2019	118.417	120.833	117.583	120.833	3026832.074
07/10/2019	118.75	119.083	117.917	118.583	1845132.045
07/09/2019	117.583	119.167	117.583	118.75	968160.0236
07/08/2019	119.167	119.167	117.583	117.583	881232.0215
07/05/2019	115.833	119.167	115.833	119.167	2979768.073
07/04/2019	116.167	118.25	116.167	117.833	2793048.068
07/03/2019	115.833	116.667	115.667	116.167	4880460.119
07/02/2019	116.25	116.667	115.333	116.25	2951400.072
07/01/2019	116.667	117.333	115.833	116.25	2700408.066
06/28/19	117.917	117.917	115.75	116.667	10965744.27
06/27/19	118.333	119	118	118.75	2670000.065
06/26/19	117.5	118.5	117.5	118.333	3893016.095
06/25/19	118.167	119.333	115.333	117.5	2990172.073
06/24/19	117.75	119.5	116.75	117.917	3522972.086
06/21/19	116.833	117.75	115.917	117.75	4400412.107
06/20/19	116	116.667	115	116.667	1715292.042
06/19/19	115.167	116.583	115.167	116.333	1901976.046
06/18/19	115	115.583	114.5	115.167	2875392.07
06/17/19	116.667	116.667	114.583	114.917	2274312.055
06/14/19	116.667	116.667	115.083	116.667	2226036.054
06/13/19	116.417	117.25	116.417	116.667	4238604.103
06/11/2019	116.25	116.833	116.25	116.583	4083444.1
06/10/2019	116.5	117.167	115.833	116.25	5576280.136
06/07/2019	115.833	116.5	115.167	116.5	1612332.039
06/06/2019	114.583	116	112.917	115	2703348.066
06/04/2019	115	116.5	112.917	114.583	1707060.042
06/03/2019	114.167	115.833	112.583	114.583	3550536.087
05/31/19	113.333	115.333	113	115	6138828.15
05/30/19	112.5	115.25	111.5	113.917	3228624.079
05/29/19	110.5	111.667	110.5	111.25	2631060.064
05/28/19	109.667	112.5	109.25	110	9503556.232
05/27/19	111.417	111.667	109.25	110	1481940.036
05/24/19	111	113.167	109.167	111.417	3257820.079
05/23/19	111.75	112.083	110.583	112.083	1177620.029
05/22/19	110.833	112.083	110	112.083	1197744.029
05/21/19	108.75	111.083	108.333	110.833	1150212.028
05/20/19	108.417	109.5	106.667	109.083	1117140.027
05/17/19	108.417	110.333	108.417	109.083	7878948.192
05/16/19	108.333	108.417	105.083	107.083	4496892.11
05/15/19	108.583	110.417	108.583	109.583	2245716.055
05/14/19	110.417	110.833	107.083	108.5	5977128.146
05/10/2019	111.833	113.333	110.833	113.167	1786836.044
05/09/2019	114.167	115.75	111.583	111.667	8589996.21
05/08/2019	112.417	116.583	109.917	116.583	3380820.082
05/07/2019	114.083	114.167	112.417	113.25	2187192.053
05/06/2019	115.583	115.583	112.5	112.5	1230204.03
05/03/2019	113.833	117.917	113.75	115.833	3920280.096
05/02/2019	111.667	113.75	111.333	113.25	3066360.075
04/30/19	111.5	111.667	111	111.667	1604748.039
04/29/19	111.5	111.75	110.833	111.5	966024.0236
04/26/19	111.667	111.667	110	111.667	2427168.059
04/25/19	111.667	111.833	111.5	111.667	2470116.06
04/24/19	111.333	111.5	111.167	111.333	2911524.071
04/23/19	111.583	111.667	110.5	111.333	2270100.055
04/22/19	109.75	111.667	109.583	110.833	1966440.048
04/17/19	108.333	110.917	108.333	110	1680348.041
04/16/19	110.167	110.167	108.333	108.333	1625136.04
04/15/19	110.25	111.167	109.75	110.167	1829664.045
04/12/2019	110.333	110.333	109.333	110	624636.0152
04/11/2019	109.583	110	109.333	109.667	1541472.038
04/10/2019	109.917	109.917	108.333	109.083	3229524.079
04/08/2019	109.167	110	108.333	108.75	1409112.034
04/05/2019	108.75	110.083	108.75	109.417	2534496.062
04/04/2019	110.167	110.167	108.167	108.75	1640304.04
04/03/2019	109.917	110.167	109.417	109.75	1955580.048
04/02/2019	109.083	110.667	108.667	109.583	1621848.04
04/01/2019	111.667	111.667	108.333	108.333	2648088.065
03/29/19	110.25	111.583	110.25	111.5	2597016.063
03/28/19	110.833	110.833	110.167	110.5	1540692.038
03/27/19	110	110.833	109.333	110	1998288.049
03/26/19	110.333	110.833	109.667	110	1743360.043
03/25/19	111.5	111.5	107.917	110.333	1853184.045
03/22/19	110.833	111.667	110.417	111.583	3271812.08
03/21/19	110.667	110.833	109.667	110.833	2430876.059
03/20/19	109.167	110.417	109.167	110	3232044.079
03/19/19	109.167	110.417	108.833	109.583	2893044.071
03/18/19	110	110.833	108.667	110	4318284.105
03/15/19	109.833	110	108.75	110	5686932.139
03/14/19	110.333	110.667	109.333	110	1363500.033
03/13/19	110.833	110.833	110	110.667	1703916.042
03/12/2019	109.75	111.667	108.417	111.667	1523688.037
03/11/2019	110.833	110.833	108.333	109.75	2256780.055
03/08/2019	111.5	111.5	109.583	110.833	1003032.024
03/07/2019	108.417	111.25	106.75	111.25	1952076.048
03/06/2019	106.25	108.417	105.833	108.417	1993248.049
03/05/2019	104.75	106.667	104.667	106.25	1711056.042
03/04/2019	103.333	104.667	103.167	104.667	2640804.064
03/01/2019	107.5	108.083	101.25	103.083	6601608.161
02/28/19	111.667	111.667	106.333	106.333	4010436.098
02/27/19	110.25	112.25	109.167	111.25	6904524.168
02/26/19	108.833	109.417	108.167	109.167	8956692.219
02/22/19	107.417	107.667	107.083	107.5	2310408.056
02/21/19	108.167	108.75	107.5	107.5	2802000.068
02/20/19	107.083	108.5	106.917	107.917	5150700.126
02/19/19	111.083	111.083	107.083	107.667	5525844.135
02/18/19	111.417	111.75	111	111.25	3603276.088
02/15/19	113.333	115.667	111.083	111.333	10190856.25
02/14/19	114.583	117.833	114.417	117.167	3776568.092
02/13/19	115.833	116.167	113.667	114.583	3277428.08
02/12/2019	114.833	115.833	113.333	115.833	1844652.045
02/11/2019	116.583	117.083	115	115	4255068.104
02/08/2019	116.583	116.667	115	116	3153888.077
02/07/2019	116.667	118.167	116.417	116.833	2765124.067
02/06/2019	116.917	118.917	116.5	116.5	2570088.063
02/04/2019	115.833	117.083	115.083	115.417	1681464.041
02/01/2019	114.333	116.667	114.25	116.667	4081872.1
01/31/19	113.417	116.667	112.5	112.5	6652560.162
01/30/19	115.333	116	112.25	113.333	6203676.151
01/29/19	115	116.5	114.583	116.167	3454056.084
01/28/19	113.75	116.083	113.5	115	4487184.109
01/25/19	112.667	114.917	112.583	113.75	3947520.096
01/24/19	109.833	112.833	109.833	112.5	4530012.111
01/23/19	109.333	110.75	108.25	110.75	1171464.029
01/22/19	109.75	109.833	108.333	109.833	2118384.052
01/21/19	110.417	110.667	108	108.333	1429476.035
01/18/19	109.583	112.5	109.5	110	8444700.206
01/17/19	107.667	109.167	106.75	109.167	2702016.066
01/16/19	109.083	109.583	107.917	107.917	1299936.032
01/15/19	109.667	109.667	107.583	109.083	3191016.078
01/14/19	106.917	110	106.917	109.667	2490732.061
01/11/2019	108.75	109.417	106.5	109.417	3689484.09
01/10/2019	109.75	110.417	109	109.417	4822152.118
01/09/2019	108.75	109.833	108.417	108.583	5596236.137
01/08/2019	108.333	109.167	107.5	107.5	1578504.039
01/07/2019	110.833	111.083	107.917	107.917	1823940.045
01/04/2019	107.833	110.667	106.75	110.667	2191164.053
01/03/2019	106.667	107.917	105.667	107.917	3558084.087
01/02/2019	108.833	110.833	105.833	105.833	1347096.033
12/28/18	108.083	110.333	107.917	109	4870248.119
12/27/18	105.833	108.333	105.833	108.083	1759392.043
12/26/18	105	106.333	101.667	105.833	3136176.077
12/21/18	107.917	107.917	106.5	107.5	5955120.145
12/20/18	106.75	107.75	105.917	107.75	1700976.042
12/19/18	104.667	108.75	104.667	108.75	2338152.057
12/18/18	106.917	107.167	104.583	104.583	3364644.082
12/17/18	108.083	109.167	106.5	108.167	2582076.063
12/14/18	107.5	108.75	105.917	108.083	1485708.036
12/13/18	107.5	109.167	105.917	108.75	3394008.083
12/12/2018	108.417	109.333	105.417	105.583	3160608.077
12/11/2018	107.917	108.917	107.917	108.333	1196160.029
12/10/2018	110.833	110.833	106.667	106.667	1507152.037
12/07/2018	110.833	111.417	109.333	111	3609924.088
12/06/2018	112.25	112.25	109.167	111.5	2172816.053
12/05/2018	112.5	112.917	111.667	112.333	2918064.071
12/04/2018	111	113.667	111	113.333	4635456.113
12/03/2018	111.25	112.417	110.833	111	4842888.118
11/29/18	107	108.75	107	108.5	11316060.28
11/28/18	108.5	108.667	106.25	107.583	2067984.05
11/27/18	106.667	108.5	105.417	108.5	3370860.082
11/26/18	107.5	108	104.583	106.667	2039904.05
11/23/18	105	107.917	104.833	106.667	2709192.066
11/22/18	104.917	106.333	103.167	105.833	1722636.042
11/21/18	105.5	107.417	105	105.833	1888608.046
11/20/18	106.833	108.333	105.083	107.75	3047568.074
11/19/18	102.917	108.083	102.75	108.083	3276792.08
11/16/18	98.333	103.333	98.333	103.333	3489264.085
11/15/18	95.833	99.167	95.833	98.333	1001664.024
11/14/18	95	96.167	94.75	95.5	1352412.033
11/13/18	96.667	97.083	94.917	94.917	2056368.05
11/12/2018	98.333	99	96.667	96.667	577776.0141
11/09/2018	99.167	99.167	97.583	98.333	1177908.029
11/08/2018	98.75	100.167	95.833	99.167	2018556.049
11/07/2018	100.833	100.833	98.75	99.167	964368.0235
11/06/2018	101.917	103.333	100.417	101.333	1404660.034
11/05/2018	103.333	104.083	101.833	101.833	10725084.26
10/31/18	101.667	102.5	100.25	102	3709752.091
10/30/18	97.583	102.5	97.583	102.5	1912872.047
10/29/18	96.833	99.833	96.75	98.583	1140516.028
10/26/18	95.917	97.333	95.667	96.667	787032.0192
10/25/18	98.333	98.333	94.25	95.833	2852688.07
10/24/18	101.667	102.083	99.417	99.417	852720.0208
10/23/18	102.417	102.5	100.917	102.25	2107104.051
10/22/18	100	102.583	98.75	102.417	2220960.054
10/19/18	98.583	100.833	97.833	99.833	2208768.054
10/18/18	97.333	98.667	95.917	98.667	867864.0212
10/17/18	94.167	97.333	94.167	96.75	2020236.049
10/16/18	91.75	93.667	91.167	93.333	2504100.061
10/15/18	92.5	94.5	91.583	91.583	2624352.064
10/12/2018	90.75	91.917	89.5	91.667	2170764.053
10/11/2018	91.667	93.667	88.833	90.75	6876960.168
10/10/2018	94.583	95.833	91.333	91.667	5077248.124
10/09/2018	95	95.833	93.917	94.167	1658796.04
10/08/2018	96.167	97.5	95	95	1725696.042
10/05/2018	97.5	97.5	95.833	96	1265292.031
10/04/2018	100	100	96.75	97.5	1531416.037
10/03/2018	99.583	100.833	98.75	100	1028268.025
10/02/2018	100.667	100.833	98.5	99.583	2984148.073
10/01/2018	99.083	100.25	97.917	100	1471272.036
09/28/18	96.667	99.833	96.667	99.833	2802324.068
09/27/18	96.75	97.333	95	96.417	1258416.031
09/26/18	97.75	98.333	95	95	2350656.057
09/25/18	100.833	100.833	97.917	99.167	552552.0135
09/24/18	100.5	100.833	97.917	100.833	2172372.053
09/21/18	93.417	100.5	93.417	100.5	4703340.115
09/20/18	93.333	94.167	92.083	93.417	1630284.04
09/19/18	93.5	94.833	93.167	93.333	1530348.037
09/18/18	95.833	95.917	93.167	93.333	4195344.102
09/17/18	97.5	97.667	94.167	95.833	2400648.059
09/14/18	98.667	98.833	96.667	97.5	2592012.063
09/13/18	95.167	97.5	95.167	97.5	4510284.11
09/12/2018	98.333	98.917	95	95	3163476.077
09/11/2018	99.167	99.167	97.167	98.333	2162688.053
09/10/2018	100.167	100.167	97.167	99.417	2717052.066
09/07/2018	100.417	101.25	98.75	100.167	2613780.064
09/06/2018	103	103.333	98.333	100.25	6224448.152
09/05/2018	108.333	108.333	102.5	102.75	4330824.106
09/04/2018	108.167	108.583	108	108.25	6397188.156
09/03/2018	109.167	109.25	107.917	108.167	3130020.076
08/31/18	108.75	108.75	106.917	108.417	3637908.089
08/30/18	108.333	109.75	107.583	108.333	4646544.113
08/29/18	108.333	108.75	107.5	107.917	2213856.054
08/28/18	106.75	109	106.667	109	2916432.071
08/24/18	106.667	107.5	105.417	106.667	983076.024
08/23/18	105.5	107.25	104.75	106.5	3469632.085
08/22/18	108.25	108.25	104.167	105.417	2295876.056
08/20/18	108.083	109.5	105.083	105.417	1087632.027
08/17/18	109.5	109.917	106.75	106.75	1646700.04
08/16/18	107.25	109.583	107.25	109.333	1913652.047
08/15/18	106	107.5	105.833	107.25	1088688.027
08/14/18	106.5	106.75	105.083	105.833	981288.0239
08/13/18	107.917	107.917	106.333	106.417	1134360.028
08/10/2018	108.417	109	106.5	107.917	2287992.056
08/09/2018	108.667	108.75	107.083	108.167	1717608.042
08/08/2018	108.083	109.75	107.5	108.667	2999088.073
08/07/2018	112.5	112.5	107.917	107.917	2177220.053
08/06/2018	114	114	112.5	112.5	1889724.046
08/03/2018	113.083	114	110.333	114	1954116.048
08/02/2018	113.75	113.75	112.417	112.917	1935132.047
08/01/2018	110	114	110	114	3251424.079
07/31/18	112.25	112.333	107.917	110	5687952.139
07/30/18	114	114	111.667	111.667	4150164.101
07/27/18	114.583	114.583	110.5	114.167	2668476.065
07/26/18	112.5	115	112.5	114.583	3871164.094
07/25/18	108.167	114	108.167	112.5	3582636.087
07/24/18	109.083	109.083	107	107.5	1344168.033
07/23/18	109.583	109.75	108.5	109.083	1478160.036
07/20/18	109	110	107.333	110	906204.0221
07/19/18	109.167	109.167	107.167	108	756120.0184
07/18/18	107.583	108.333	106.667	108.333	1011804.025
07/17/18	106.583	109.583	106.083	107.5	1304556.032
07/16/18	107.417	107.5	106.5	106.583	857652.0209
07/13/18	107.5	108.083	106.917	107.417	2079576.051
07/12/2018	108.333	108.583	106.667	107.5	1125972.027
07/11/2018	109.167	110.167	107.917	107.917	1318596.032
07/10/2018	108.417	109.333	108	109.167	3052596.074
07/09/2018	107.083	107.917	106.667	107.917	915804.0223
07/06/2018	106.667	107.083	105.833	107.083	2612388.064
07/05/2018	106.667	106.667	105.75	106.667	3783552.092
07/04/2018	105.583	107.167	104.167	107.167	2582256.063
07/03/2018	105	108.167	105	105	1160820.028
07/02/2018	104.583	105.833	104.083	105	1619124.04
06/29/18	103.5	105	103.25	104.583	4214904.103
06/28/18	103	104.417	102.583	104.167	2403480.059
06/27/18	102.75	104.417	102.417	103.333	4319508.105
06/26/18	103.917	105	103	103.333	5451396.133
06/25/18	107.5	107.5	103.5	104.167	3694752.09
06/22/18	104.917	106.667	104.167	104.583	4705656.115
06/21/18	106.917	107.5	105	105	4316028.105
06/20/18	108.333	109.583	106.667	107.5	2191356.053
06/19/18	110	110.083	108.333	108.75	6828300.167
06/18/18	109.167	111.667	105.833	111.667	4164156.102
06/14/18	111.667	114.833	110.833	113.333	5914512.144
06/13/18	114.583	114.583	110	113.333	3355512.082
06/11/2018	113.333	114.583	112.5	114.583	913032.0223
06/08/2018	113.75	114.25	111.833	114.25	1845048.045
06/07/2018	108.917	114.167	108.917	114.167	2845848.069
06/06/2018	108.333	109.75	107.667	108.917	3045252.074
06/05/2018	106.917	108.083	106.667	107.5	2251428.055
06/04/2018	109.083	110	105.833	106.667	2214468.054
06/01/2018	108.333	111.667	106.667	109.167	1922292.047
05/31/18	107.667	108.75	105.833	108.75	7919880.193
05/30/18	108.167	108.167	104.167	106.667	4211004.103
05/29/18	109	109	107.5	108.25	1421580.035
05/28/18	108.667	109	105.5	109	852588.0208
05/25/18	107.5	108.5	106.25	108.167	1383888.034
05/24/18	105.083	107.25	105	107.083	1279500.031
05/23/18	106.667	106.667	105	105	1762680.043
05/22/18	108.333	108.833	106.333	106.333	1480788.036
05/21/18	110	110	107.833	107.833	1318128.032
05/18/18	110.75	110.75	108.333	110.25	1121484.027
05/17/18	112.917	113.75	109.583	109.583	2453280.06
05/16/18	111.917	114.083	111	114.083	1705116.042
05/15/18	110.833	115	110.417	111.583	3859248.094
05/11/2018	108.25	112.5	108.25	110.833	2511348.061
05/10/2018	105	108.083	105	107.25	1949652.048
05/09/2018	105.833	105.833	103.917	105.083	1965840.048
05/08/2018	106.833	108.083	105.417	106.25	3827940.093
05/07/2018	108.333	108.333	106.75	107.083	3331476.081
05/04/2018	105.833	106.667	105.583	106.667	3606192.088
05/03/2018	110.167	110.167	105.667	105.667	2608680.064
05/02/2018	109.75	111.167	109	110.25	3741792.091
04/30/18	108.75	110.333	108.75	109.75	3151140.077
04/27/18	107.5	110.083	107.25	108.333	2262972.055
04/26/18	108.333	109.167	107	107.5	1851888.045
04/25/18	108.75	110.333	106.75	108.333	2453844.06
04/24/18	109.083	109.667	108.333	109	4130244.101
04/23/18	111.667	111.833	108.333	109.083	7591236.185
04/20/18	111.333	114.333	109.917	111.667	6034164.147
04/19/18	110.833	114.333	109.167	111.333	5422020.132
04/18/18	111	114.167	111	114.167	2116608.052
04/17/18	114.75	114.75	110.25	110.833	2116152.052
04/16/18	115.833	115.833	114.417	114.917	1370952.033
04/13/18	115.833	116.583	115.083	115.25	1503276.037
04/12/2018	115	115.833	114.5	115.833	1927080.047
04/11/2018	114.083	115.833	112.5	114.417	4918932.12
04/10/2018	111.667	115.417	111.583	113.917	3241872.079
04/06/2018	116.25	116.583	111.583	112.167	2092464.051
04/05/2018	115.833	117	115	115.667	999444.0244
04/04/2018	117.167	117.5	115.5	115.75	2134032.052
04/03/2018	115	117.75	115	117.083	2286096.056
04/02/2018	114.167	116.833	113.5	116.833	1748592.043
03/28/18	116.5	116.583	115	115.833	2929440.071
03/27/18	115.417	117.5	115.417	116.667	2932236.072
03/26/18	116.333	116.5	114.333	115	4675848.114
03/23/18	118.333	118.333	115.417	116.667	6119952.149
03/22/18	119.833	121	118.25	119.583	2695788.066
03/21/18	120.083	120.25	115.417	118.333	4939356.121
03/20/18	124	124	120	120.833	4659516.114
03/19/18	123.333	125	121.667	124.167	1556316.038
03/16/18	121.583	123.333	118.583	122.167	6046440.148
03/15/18	123.333	124.917	119.833	121.167	3657012.089
03/14/18	124.583	125	122.75	125	1924752.047
03/13/18	127.083	127.083	124.25	124.583	2456436.06
03/12/2018	126.583	127.75	124.167	127.75	1774896.043
03/09/2018	127.333	127.333	124.167	124.167	1120092.027
03/08/2018	128.333	128.333	124.917	125	1561896.038
03/07/2018	125	129	124.583	129	1746072.043
03/06/2018	125.167	127.5	124.583	125	1918632.047
03/05/2018	129.167	129.167	125.75	125.833	1533396.037
03/02/2018	127.5	129.167	125.167	129.167	1692276.041
03/01/2018	129.583	129.583	126.917	127.667	773544.0189
02/28/18	130	130	127.583	129.833	2954052.072
02/27/18	125.833	130.833	125.833	130.833	3279468.08
02/26/18	123.75	125	122.5	125	2706456.066
02/23/18	125.833	127.417	122.5	122.5	2768436.068
02/22/18	125	125.417	123.75	125	3705636.09
02/21/18	126.667	126.75	125	125	3199116.078
02/20/18	129.833	129.833	126.333	127.25	2417604.059
02/19/18	125	131.667	125	130	4384032.107
02/15/18	127.5	127.5	125.083	125.25	1275564.031
02/14/18	125	127.5	123.667	127.5	915708.0223
02/13/18	125	127	124.25	125	1449492.035
02/12/2018	129	129	123.667	125	1277640.031
02/09/2018	125.833	127.25	124.167	125	2035116.05
02/08/2018	127.5	128.75	126.917	128.083	2185092.053
02/07/2018	125.417	127.5	124.917	127.5	3865740.094
02/06/2018	123.333	125	121.75	125	5273256.129
02/05/2018	126.833	126.833	124.917	125.417	6059436.148
02/02/2018	127.083	129.167	127.083	127.917	2658060.065
02/01/2018	126.25	128.5	125.417	127.083	3115320.076
01/31/18	129.5	129.5	126.333	127.5	5826696.142
01/30/18	130	130	128.75	129.583	4468212.109
01/29/18	131.25	132.083	129.5	130.417	5257140.128
01/26/18	131.25	131.75	130.333	131.25	3335988.081
01/25/18	131.583	131.667	130.417	130.833	3279144.08
01/24/18	132.917	132.917	130.75	131.583	4021356.098
01/23/18	132.5	133.333	131.833	132.917	3842568.094
01/22/18	132.917	133.5	131.667	132.5	2567784.063
01/19/18	131.833	135	131.667	132.917	3802608.093
01/18/18	133.167	133.167	130.75	130.833	6556344.16
01/17/18	134.25	135.083	132.083	133.333	4242828.104
01/16/18	137.5	137.5	134.167	134.167	2810028.069
01/15/18	138.333	138.75	135.833	135.833	1948416.048
01/12/2018	137.917	139.75	136.667	137.417	3774432.092
01/11/2018	137.667	138.25	136.5	137.5	4200288.102
01/10/2018	137.167	137.75	136.167	137.333	1653204.04
01/09/2018	131.667	137.167	131.25	137.167	2001744.049
01/08/2018	133.417	133.417	129.333	130.25	4066020.099
01/05/2018	133.333	133.917	133	133.333	5425404.132
01/04/2018	134.167	134.333	132.583	133.333	4099632.1
01/03/2018	136.25	136.5	133.417	134.167	4783104.117
12/29/17	131.833	138.75	131.667	136.667	5449272.133
12/28/17	130	132.083	129.333	131.833	3669708.09
12/27/17	127.917	129.917	127.5	129.833	2155044.053
12/22/17	125.083	128	125.083	128	870240.0212
12/21/17	126.25	126.667	124.667	125.083	2231376.054
12/20/17	125.333	127.333	125.333	126.167	2523276.062
12/19/17	128.25	128.333	125.25	125.25	4359528.106
12/18/17	130.833	130.833	128.75	129	1953480.048
12/15/17	129.167	130.833	128.917	130.833	2999856.073
12/14/17	127.917	129.167	126.667	129.167	2072496.051
12/13/17	127.5	127.917	125.417	127.917	2471160.06
12/12/2017	127.5	127.5	124.583	127.5	2045604.05
12/11/2017	122.5	127.5	121.667	127.5	2949672.072
12/08/2017	120	123.333	120	123.333	1955868.048
12/07/2017	121.25	121.667	119.583	121.667	1321992.032
12/06/2017	121.083	122.5	120.917	121.25	2116656.052
12/05/2017	120.917	122.417	119	122.083	2958900.072
12/04/2017	121.667	121.667	118.833	121.5	4587900.112
12/01/2017	123.167	125.333	122	122.5	4402320.107
11/29/17	120.667	122	119.167	121.667	6396420.156
11/28/17	119.167	120.833	119.167	120.75	1577100.038
11/27/17	120.917	121.25	119.917	120.583	1429056.035
11/24/17	121.667	121.75	120.833	120.917	1034316.025
11/23/17	122.083	122.083	121.083	121.583	1278684.031
11/22/17	124.167	124.583	120.417	120.417	1024896.025
11/21/17	124.167	124.583	122.083	124.167	1000080.024
11/20/17	122.083	124.25	122.083	123.917	1796184.044
11/17/17	122.083	122.5	121.167	121.833	3771492.092
11/16/17	117.5	123.417	117.5	121.75	4164120.102
11/15/17	118.333	119.917	117.083	117.5	2334864.057
11/14/17	120.75	120.833	118.167	118.833	1827264.045
11/13/17	122.917	122.917	120.25	120.833	1825836.045
11/10/2017	122.5	123.833	122.083	123	3389040.083
11/09/2017	121.667	122.417	120.083	120.833	1581144.039
11/08/2017	119.75	121.667	119.75	121.667	1643292.04
11/07/2017	121	121.417	117.5	120.833	1811856.044
11/06/2017	120	122.25	119.25	120.417	3208848.078
11/03/2017	120	123.417	119.833	120	3810792.093
11/02/2017	115	122.333	114.583	120	5038428.123
10/30/17	115	115	112.167	114.583	2732664.067
10/27/17	112.583	115	111.333	115	1710156.042
10/26/17	111.75	112.5	110.083	112.5	2509560.061
10/25/17	113.333	115	110.833	111.667	4916640.12
10/24/17	117.417	117.417	113.333	113.333	5670996.138
10/23/17	118.833	118.833	115.917	117.417	1265268.031
10/20/17	121	121.667	118.333	119.167	3940416.096
10/19/17	118.917	123.25	118.833	122.5	1811688.044
10/18/17	119.667	120.833	118.083	120.667	3611688.088
10/17/17	120.083	124.167	119.583	119.583	7661220.187
10/13/17	115.833	119.417	115.583	119.417	3544644.086
10/12/2017	116.167	116.25	114.667	115.583	2281836.056
10/11/2017	114.167	116.583	113.75	116.583	3122460.076
10/10/2017	112	113.75	111.667	113.75	1608528.039
10/09/2017	111.667	112.5	111.25	112	1351212.033
10/06/2017	112.5	112.917	111.083	111.083	2256840.055
10/05/2017	112.5	112.583	111.667	112	4123824.101
10/04/2017	110.5	112.917	110.5	112.5	4590636.112
10/03/2017	108.333	111.667	108.333	110.167	4978668.121
10/02/2017	109.167	109.583	108.333	108.333	1526076.037
09/29/17	108.583	109.5	108.333	108.917	2124456.052
09/28/17	108.333	110	108.167	108.333	4573548.112
09/27/17	107.917	108.417	107.5	108.083	3758100.092
09/26/17	107.917	107.917	107.5	107.917	3195804.078
09/25/17	107.75	107.917	107.417	107.833	905700.0221
09/22/17	108.167	108.167	107.417	107.75	2125692.052
09/21/17	108.25	108.333	107.667	108.167	2317512.057
09/20/17	108.333	108.583	108.083	108.25	4264032.104
09/19/17	108.583	108.583	107.833	108.167	4592340.112
09/18/17	107.417	108.833	107.417	108.417	3612312.088
09/15/17	108.167	108.167	107.083	107.417	5454912.133
09/14/17	107.417	108.333	107.167	108.167	2984124.073
09/13/17	106.917	107.5	106.833	107.333	6284436.153
09/11/2017	106.583	107	106.417	106.667	2686908.066
09/08/2017	106.667	106.667	106.25	106.417	2452572.06
09/07/2017	106.667	106.75	106.25	106.583	2794116.068
09/06/2017	106.667	106.833	105.833	106.25	5092044.124
09/05/2017	106.667	107.083	106.667	107.083	2930424.072
09/04/2017	106.667	107.667	105.917	107.083	3501192.085
08/31/17	106.667	106.75	105.833	105.917	2882556.07
08/30/17	106.667	107	106.167	106.667	2562528.063
08/29/17	106.667	107.167	106.25	106.5	2472780.06
08/25/17	106.167	106.167	105.583	105.917	4338888.106
08/24/17	106.5	106.833	105.583	106.25	1635948.04
08/23/17	107.167	107.833	106.583	106.583	1965756.048
08/22/17	108.5	108.5	107.167	107.167	2403636.059
08/18/17	108.333	108.75	107.917	108.5	1619652.04
08/17/17	107.417	109.25	107.333	108.833	4318380.105
08/16/17	107.333	108.5	107.083	107.333	2783652.068
08/15/17	107.917	108.333	107.167	107.333	1441344.035
08/14/17	107.75	108.75	107.5	107.5	977100.0238
08/11/2017	108.25	108.25	107.583	107.75	1676640.041
08/10/2017	108.333	109.167	107.583	108.333	1515108.037
08/09/2017	108.333	108.667	106.583	108.333	1542972.038
08/08/2017	108.333	110.083	108.25	109.167	7304148.178
08/07/2017	106.667	108.167	106.25	107.5	5133468.125
08/04/2017	106.333	107.5	105.833	106.25	1821624.044
08/03/2017	105.833	107.583	105.75	105.833	3182136.078
08/02/2017	104.167	109.75	104.167	105	5760312.141
08/01/2017	104.583	104.583	103.5	103.75	2801352.068
07/31/17	104.25	104.917	103.167	104.917	2354208.057
07/28/17	102.417	104.167	102.333	104.167	3223500.079
07/27/17	102.917	103.583	102.167	102.417	2643216.064
07/26/17	101.833	103.083	101.75	102.75	1848768.045
07/25/17	102.917	102.917	101.667	101.833	777468.019
07/24/17	102.5	103.167	101.667	102.917	715716.0175
07/21/17	101.75	103.25	100	103.25	3447288.084
07/20/17	102	102.5	101.25	101.25	8023476.196
07/19/17	101.75	102	101.583	101.833	3953928.096
07/18/17	102.5	102.667	101.417	101.75	2584248.063
07/17/17	103.333	103.333	101.833	102.333	2005392.049
07/14/17	103.75	103.75	102.5	102.917	7855860.192
07/13/17	103.75	104.167	102.833	103.75	2334024.057
07/12/2017	103.583	103.667	103	103.5	3098748.076
07/11/2017	103.25	103.667	103	103.667	1540452.038
07/10/2017	103.25	104.083	103.25	103.25	1486884.036
07/07/2017	103	103.333	102.917	103.167	1559880.038
07/06/2017	102.583	103.25	102.25	103	1385736.034
07/05/2017	103.167	103.167	101.75	102.583	805284.0196
07/04/2017	103.333	103.5	102.5	102.5	1227756.03
07/03/2017	102.917	103.333	101.667	103.333	1247160.03
06/30/17	100.833	103.333	100.167	103.333	2887596.07
06/29/17	101.667	101.833	99.75	100.833	1226892.03
06/28/17	101.667	102.083	101.417	101.75	1880508.046
06/27/17	100.5	101.917	100.5	101.917	1658496.04
06/23/17	100.917	101	100.333	100.5	2626884.064
06/22/17	100.333	100.833	100.25	100.833	3065004.075
06/21/17	100.583	100.833	99	100.333	2531700.062
06/20/17	101.25	101.5	100.417	100.833	2041368.05
06/19/17	101.833	101.833	100.75	101.083	3186456.078
06/16/17	102.917	103	101.667	101.667	7766628.19
06/15/17	102.667	104.167	102.667	103.083	1527804.037
06/14/17	102.833	103.5	102.667	103.167	1654056.04
06/13/17	103.167	103.167	102	102.833	3678312.09
06/09/2017	102.917	103.667	102.75	103.167	1657536.04
06/08/2017	103.75	104	102.5	102.917	1973064.048
06/07/2017	103.583	104	103.417	103.75	1676664.041
06/06/2017	103.75	103.833	103.083	103.583	1439052.035
06/05/2017	103.25	104.167	103.25	103.833	2690292.066
06/02/2017	102.5	103.75	102.5	103.25	2418516.059
06/01/2017	102.083	102.75	102	102.5	3618660.088
05/31/17	101.667	102.167	101.667	102.083	5085612.124
05/30/17	101.667	101.917	101.417	101.667	1083888.026
05/29/17	100.667	101.833	100.583	101.833	1955124.048
05/26/17	100.333	101	100.333	100.75	1834260.045
05/25/17	100.917	101	100.417	100.417	1658088.04
05/24/17	100	101.167	100	100.833	1662576.041
05/23/17	101.167	101.417	100	100.667	1620588.04
05/22/17	101.25	101.75	100.833	101.167	1264800.031
05/19/17	100.083	101.25	100.083	101	1774524.043
05/18/17	101.583	101.583	100	100.667	2542860.062
05/17/17	101.667	102.25	101.333	102.083	2168556.053
05/16/17	101.75	101.75	101.5	101.5	2102124.051
05/15/17	101.833	102.167	101.083	101.5	2305764.056
05/12/2017	101.417	101.917	101.25	101.833	1809120.044
05/11/2017	100	101.5	100	101.417	2394588.058
05/10/2017	102.333	102.917	99.583	99.583	3022356.074
05/09/2017	103.25	104	101.833	102.417	3073320.075
05/08/2017	102.5	103.25	102.5	103.25	3718200.091
05/05/2017	100.917	102.75	100.917	102.5	4841520.118
05/04/2017	100.833	101.5	100.667	100.917	3313584.081
05/03/2017	100.667	101.333	100.417	100.667	1465872.036
05/02/2017	99.917	101.667	99	100.833	4879800.119
04/27/17	100.5	100.583	99.667	99.917	2120052.052
04/26/17	100.25	100.833	100.083	100.5	3052320.074
04/25/17	99.083	100.583	98.833	100.25	4558356.111
04/24/17	98.833	99.167	98.417	99.167	1607124.039
04/21/17	99.167	99.25	98.167	98.75	4751448.116
04/20/17	99.167	99.167	97.667	99	6558276.16
04/19/17	99	99.917	97.583	99.917	6324156.154
04/18/17	99.833	100.25	99.167	99.167	2755800.067
04/17/17	100	100.167	99.583	99.917	1319856.032
04/12/2017	100.417	100.833	100.167	100.833	2754504.067
04/11/2017	100.833	101.5	100.167	100.417	1762248.043
04/10/2017	100.5	101.167	100.5	100.917	4781208.117
04/07/2017	100.833	102.083	100.5	100.5	5025384.123
04/06/2017	102.5	102.5	100.833	101.667	3073248.075
04/05/2017	100	102.917	99.917	102.5	6464016.158
04/04/2017	97.333	100.333	96.667	100	6163800.15
04/03/2017	97.5	98	96.75	97.333	2523036.062
03/31/17	98.75	98.833	98	98	5030136.123
03/30/17	99.75	99.75	98.583	98.75	2709516.066
03/29/17	101.25	101.667	99.167	99.833	4532532.111
03/28/17	101.5	102.083	100.75	101.25	2193384.054
03/27/17	100.417	101	99.667	100	2228856.054
03/24/17	101.917	103.333	100	100	2463780.06
03/23/17	102.583	102.583	102	102.083	1754400.043
03/22/17	103.75	103.75	101.667	102.083	3012336.074
03/21/17	103.417	105.083	103.417	104.167	3340668.082
03/20/17	104	104.25	101.667	103.333	2368980.058
03/17/17	102.75	106.25	102.5	104.167	10736208.26
03/16/17	101.833	102.833	101.833	102.333	5305140.129
03/15/17	101.917	101.917	100.833	101.667	2468244.06
03/14/17	100.833	102.583	100.833	101.917	2126892.052
03/13/17	100	101.583	99.75	101.583	2655936.065
03/10/2017	102.333	102.583	99.833	100.333	3751056.092
03/09/2017	102.333	103.417	102.25	102.5	3004428.073
03/08/2017	101.25	103.083	101.25	102.5	2708592.066
03/07/2017	99.167	103.333	98.75	101.333	4863504.119
03/06/2017	98	100	97.667	99.583	3289080.08
03/03/2017	97.917	98.25	97.5	98	4130028.101
03/02/2017	96.833	98.667	96.833	97.917	3705828.09
03/01/2017	95.917	97.833	95.917	96.667	1182216.029
02/28/17	97.917	98.333	95.5	96.25	3037248.074
02/27/17	98.333	99.167	97.333	98.333	1015272.025
02/24/17	99.167	99.333	98	98.333	2252868.055
02/23/17	96.667	99.25	95.667	99.25	5139324.125
02/22/17	96.167	96.667	94.583	96.5	2064048.05
02/21/17	97	97	95	96.083	3251076.079
02/20/17	96.917	97.583	96.833	97	2170188.053
02/17/17	95.583	97.833	95.417	96.833	3844476.094
02/16/17	94.167	96.167	94.167	95.833	2842080.069
02/15/17	94.5	94.5	94	94.167	1682076.041
02/14/17	95	95.167	93.667	94.333	2874876.07
02/13/17	95.167	95.833	94.833	95.333	2233368.054
02/10/2017	95.667	96.333	95.417	95.5	2297808.056
02/09/2017	94	95.667	93.917	95.667	1706376.042
02/08/2017	94.5	95.25	94	94.667	3685656.09
02/07/2017	94.333	95.417	94.167	95.25	2263308.055
02/06/2017	95.417	95.417	94.583	95	1961892.048
02/03/2017	92.5	95.417	92.5	95.417	2329644.057
02/02/2017	91.917	94.167	91.917	93.333	3821568.093
02/01/2017	93.75	94.167	90.417	92.083	4007604.098
01/31/17	94.167	95.25	93.333	93.833	3380988.082
01/30/17	95.333	96.25	95.25	95.667	1304952.032
01/27/17	95.25	96	95.25	95.417	619572.0151
01/26/17	93.833	95.833	93.333	95.833	3401472.083
01/25/17	94.167	94.333	93.333	93.333	2099160.051
01/24/17	95.417	95.417	93.75	94.167	2250888.055
01/23/17	92.083	95	91.667	95	3272400.08
01/20/17	92.333	92.917	92	92.5	2600076.063
01/19/17	92.333	92.75	92.167	92.333	3320544.081
01/18/17	93	93	92.083	92.333	1996704.049
01/17/17	92.917	93.417	92.833	92.917	2104872.051
01/16/17	93.25	93.833	92.333	93.083	1836084.045
01/13/17	93.333	93.917	93.25	93.75	853380.0208
01/12/2017	93.333	94	93.083	94	2527176.062
01/11/2017	94.833	95.833	93.333	94.167	1935708.047
01/10/2017	95.417	96.25	94.583	94.833	3303312.081
01/09/2017	94.75	95.667	94.167	95.667	2011152.049
01/06/2017	93.667	95.833	93.333	94.75	3670668.09
01/05/2017	92.083	93.333	90.833	93.333	5889684.144
01/04/2017	89.261	92.526	88.386	91.491	9400243.285
01/03/2017	89.899	89.978	87.589	89.182	1109691.116
12/29/16	89.182	89.261	88.386	89.261	1342314.202
12/28/16	85.439	89.182	85.439	89.182	1491736.514
12/27/16	85.201	85.758	84.404	85.439	2367347.744
12/23/16	82.493	83.767	82.493	83.608	5497191.342
12/22/16	83.847	84.245	82.334	83.528	4687990.028
12/21/16	83.767	85.599	83.688	85.201	2422203.742
12/20/16	85.201	85.997	83.528	83.688	5018494.901
12/19/16	88.386	88.624	85.201	85.997	4352926.38
12/16/16	88.704	89.58	87.828	88.386	4392975.779
12/15/16	90.376	90.456	88.386	88.704	7079048.423
12/14/16	90.774	90.774	88.465	90.695	1280136.536
12/13/16	88.943	90.774	87.589	90.774	1541104.4
12/12/2016	91.411	91.411	89.023	89.182	4682790.764
12/09/2016	91.571	91.73	90.137	91.411	3225615.538
12/08/2016	91.571	91.571	90.615	91.571	3162646.68
12/07/2016	90.058	91.411	89.182	91.411	2386587.531
12/06/2016	90.774	91.093	89.341	89.978	2021182.288
12/05/2016	91.969	91.969	90.297	90.774	1349974.952
12/02/2016	90.774	91.73	90.615	91.73	6180015.389
12/01/2016	91.173	91.173	89.341	90.695	2277704.404
11/29/16	90.058	91.013	89.182	89.182	6604220.033
11/28/16	89.182	89.261	88.704	89.182	976105.2078
11/25/16	89.182	89.421	88.306	89.182	697806.466
11/24/16	89.023	89.261	88.704	89.182	1950339.183
11/23/16	88.306	88.943	87.987	88.465	2861164.749
11/22/16	88.386	88.863	87.589	88.306	3021626.077
11/21/16	88.704	89.182	88.147	89.023	2420947.881
11/18/16	88.784	89.023	88.624	88.704	941719.7405
11/17/16	88.784	90.058	88.306	88.784	4031400.911
11/16/16	87.51	89.261	87.51	88.784	1998137.243
11/15/16	86.156	89.102	86.156	88.147	3230475.719
11/14/16	85.997	87.987	85.997	87.51	4618000.908
11/11/2016	86.793	87.987	86.634	87.987	4737282.562
11/10/2016	88.784	89.899	87.749	87.828	3108531.641
11/09/2016	88.863	89.182	86.236	87.669	3249966.678
11/08/2016	88.624	89.261	87.987	89.182	2373061.911
11/07/2016	88.147	89.182	86.315	88.147	3403809.62
11/04/2016	88.784	88.784	87.589	88.147	3415577.035
11/03/2016	86.793	88.226	84.643	87.987	6327089.241
11/02/2016	87.589	88.306	87.51	87.749	4242774.834
10/28/16	89.819	89.819	87.589	89.819	2027662.529
10/27/16	89.102	90.695	88.226	89.819	1587935.447
10/26/16	89.58	90.695	87.669	89.102	2794026.434
10/25/16	88.784	91.81	88.784	91.491	4213890.037
10/24/16	89.182	89.978	88.863	89.182	1401239.188
10/21/16	91.65	91.65	89.182	89.182	2561214.968
10/20/16	90.297	92.208	89.66	91.65	3292691.061
10/19/16	87.669	90.854	87.589	90.774	6971860.708
10/18/16	85.599	87.589	85.439	87.589	4988592.856
10/17/16	85.599	85.997	85.041	85.599	4062357.879
10/14/16	85.997	86.395	85.439	85.599	2470604.615
10/13/16	85.599	85.838	84.006	84.404	2091334.669
10/12/2016	87.032	87.032	85.201	85.599	1542347.702
10/11/2016	86.873	87.669	86.873	87.271	10291841.62
10/10/2016	86.952	87.669	86.713	86.873	1340179.239
10/07/2016	87.589	87.749	85.519	86.793	3159255.856
10/06/2016	87.669	87.669	87.43	87.589	1194863.591
10/05/2016	87.987	87.987	87.112	87.669	1543050.984
10/04/2016	87.828	87.987	87.589	87.987	3061713.152
10/03/2016	87.589	87.749	87.35	87.669	2983962.813
09/30/16	86.236	87.43	85.758	87.43	6031786.145
09/29/16	85.121	86.315	83.847	85.997	3577105.844
09/28/16	82.812	83.847	82.812	83.608	7146048.594
09/27/16	85.121	85.121	82.254	82.414	3838563.493
09/26/16	88.386	88.386	84.484	85.201	3149874.576
09/23/16	88.386	89.023	87.828	88.465	1875904.317
09/22/16	87.987	88.704	87.987	88.067	1134419.014
09/21/16	88.624	88.624	87.589	87.987	1242699.327
09/20/16	88.147	89.182	88.067	88.784	797546.9266
09/19/16	88.386	88.545	87.749	87.987	1585549.312
09/16/16	88.624	89.023	86.395	88.386	3093599.456
09/15/16	87.191	89.978	85.519	89.978	3825992.327
09/14/16	87.112	87.828	86.554	86.793	2657916.246
09/13/16	88.704	89.5	87.112	87.112	4235792.248
09/09/2016	88.624	89.899	88.226	88.784	1998488.884
09/08/2016	87.828	89.58	87.032	88.624	2599568.955
09/07/2016	89.023	89.102	87.191	87.828	3614128.619
09/06/2016	89.102	89.102	87.51	89.023	3681342.286
09/05/2016	89.421	89.5	88.624	89.182	2644830.177
09/02/2016	89.819	89.899	88.863	89.421	2389626.714
09/01/2016	89.978	90.774	88.147	90.774	2578307.233
08/31/16	89.182	91.013	88.306	91.013	3006229.224
08/30/16	90.615	90.615	88.704	89.182	3816071.027
08/26/16	89.978	90.934	89.66	90.615	1733163.184
08/25/16	91.013	91.013	89.261	89.978	2501360.645
08/24/16	91.571	91.571	89.66	91.013	1838052.674
08/23/16	91.252	91.571	90.456	91.571	1595533.405
08/22/16	90.217	91.571	90.217	91.332	1008029.188
08/19/16	90.695	90.695	88.624	90.137	2872856.813
08/18/16	90.536	91.571	90.536	90.695	1254516.977
08/17/16	90.774	90.934	90.137	90.774	2081011.494
08/16/16	90.774	91.571	90.615	91.571	1788546.643
08/15/16	92.447	92.447	89.899	90.774	3590769.609
08/12/2016	94.756	94.756	92.367	92.845	1687964.756
08/11/2016	95.154	95.154	93.88	94.198	3317067.318
08/10/2016	93.163	95.154	92.367	95.154	3023811.275
08/09/2016	92.765	93.561	92.208	92.924	2029697.024
08/08/2016	91.571	93.004	91.491	91.969	1891263.493
08/05/2016	91.411	91.81	91.332	91.571	1343230.98
08/04/2016	90.854	92.367	90.854	91.411	1533757.614
08/03/2016	93.163	93.163	90.376	90.774	3620822.357
08/02/2016	91.571	93.482	91.491	93.163	4018942.773
08/01/2016	91.889	91.889	90.376	91.332	2748124.723
07/29/16	91.173	91.889	90.137	90.137	2710486.577
07/28/16	90.774	91.013	90.376	91.013	2177951.385
07/27/16	91.173	91.332	90.854	91.013	1053503.906
07/26/16	91.093	91.491	90.456	91.173	5237542.132
07/25/16	90.934	91.969	90.774	91.093	1942402.143
07/22/16	91.491	92.128	90.774	90.934	2736708.949
07/21/16	92.208	92.208	91.252	91.571	2510553.546
07/20/16	91.81	92.208	91.571	92.208	1836018.179
07/19/16	91.013	91.969	90.774	91.81	1698300.49
07/18/16	90.774	91.173	90.376	91.093	1368863.098
07/15/16	89.978	91.491	89.899	90.774	2281760.834
07/14/16	90.297	90.774	89.739	89.978	2404395.636
07/13/16	91.969	92.048	90.217	90.297	3816410.11
07/12/2016	91.73	91.969	91.173	91.411	2049363.803
07/11/2016	90.456	91.81	90.456	91.73	2740790.496
07/08/2016	89.819	90.376	89.66	89.819	1299778.198
07/07/2016	89.978	90.217	89.023	89.819	3156417.611
07/05/2016	91.173	91.571	89.102	89.182	2422065.597
07/04/2016	90.774	91.173	90.137	91.173	2544085.027
07/01/2016	89.819	91.73	89.819	90.774	2284699.549
06/30/16	88.226	92.845	88.226	89.182	8069256.947
06/29/16	86.793	88.226	86.793	88.067	2905484.075
06/28/16	87.589	87.669	85.917	86.554	1106375.643
06/27/16	84.802	87.589	83.289	87.589	1514844.351
06/24/16	87.589	87.987	84.245	85.201	2358556.719
06/23/16	87.191	87.271	86.952	87.191	1786901.465
06/22/16	87.589	87.589	86.793	87.191	2090593.711
06/21/16	86.793	87.669	86.554	87.589	4473124.812
06/20/16	86.554	86.713	85.838	86.475	2304052.363
06/17/16	85.678	86.713	84.802	86.554	2605609.646
06/16/16	82.812	85.041	82.732	84.484	1846052.507
06/15/16	81.936	83.21	81.936	82.812	2280806.38
06/14/16	82.812	83.051	81.856	81.936	1981949.198
06/13/16	82.414	82.812	80.503	82.812	3373756.872
06/10/2016	85.201	85.519	82.015	82.414	1988982.018
06/09/2016	86.793	87.032	83.528	83.528	2468946.879
06/08/2016	86.793	87.589	86.634	86.793	4629127.834
06/07/2016	84.484	86.793	84.404	85.997	6407125.247
06/06/2016	83.608	84.404	83.051	84.165	3583159.093
06/03/2016	82.812	83.21	82.175	82.812	2699912.229
06/02/2016	82.732	83.847	81.617	81.617	2498007.497
06/01/2016	81.06	82.971	81.06	82.732	1748597.712
05/31/16	82.015	83.13	79.627	80.423	10304224.41
05/30/16	82.812	82.971	80.184	81.777	2048070.266
05/27/16	82.732	83.051	82.334	82.812	2183414.379
05/26/16	82.812	82.812	81.299	82.732	1167460.71
05/25/16	82.015	83.051	82.015	82.732	2469172.934
05/24/16	81.617	82.175	81.538	82.015	1744365.462
05/23/16	81.299	82.015	80.184	81.617	1247898.591
05/20/16	82.015	82.971	81.14	81.219	2561240.085
05/19/16	83.608	84.006	83.369	83.608	2018733.359
05/18/16	82.812	83.927	82.812	83.608	6543298.228
05/17/16	82.493	83.051	82.095	82.812	3140543.531
05/16/16	82.015	82.891	81.219	82.573	1386156.301
05/13/16	82.015	83.369	81.936	82.812	4919281.902
05/12/2016	82.095	82.095	80.821	81.538	1284331.111
05/11/2016	79.308	82.812	79.268	82.015	4475134.189
05/10/2016	79.069	79.229	78.432	79.229	6242419.11
05/06/2016	78.83	79.627	78.432	79.229	4664204.025
05/05/2016	78.552	79.866	78.472	79.866	2435691.686
05/04/2016	79.348	79.627	78.034	79.627	4204709.695
05/03/2016	79.587	79.627	78.83	79.348	2957388.8
05/02/2016	78.83	79.587	77.238	79.587	1433828.775
04/29/16	79.149	79.627	78.671	79.627	3601645.363
04/28/16	79.229	79.587	78.83	79.229	4353855.717
04/27/16	78.83	79.229	78.392	79.229	3626084.414
04/26/16	80.423	80.423	78.432	79.229	7023037.034
04/25/16	82.493	82.493	80.741	80.821	3408544.215
04/22/16	82.812	83.21	82.015	82.573	1922094.875
04/21/16	82.095	82.812	81.617	82.812	2462918.747
04/20/16	82.015	82.812	81.856	82.095	996236.6556
04/19/16	81.538	82.015	81.458	81.936	1589153.632
04/18/16	82.015	82.414	81.219	81.538	1131944.968
04/15/16	83.13	83.13	82.414	82.414	534268.2794
04/14/16	83.21	83.608	82.971	83.13	1990451.375
04/13/16	82.414	83.608	81.936	83.608	3176209.976
04/12/2016	81.617	82.254	81.458	82.015	2537140.118
04/11/2016	81.378	81.936	81.378	81.617	1403788.586
04/08/2016	81.14	81.617	80.343	81.219	2786240.097
04/07/2016	80.503	81.856	80.503	81.219	2709984.232
04/06/2016	80.821	80.98	79.786	80.503	2130718.462
04/05/2016	81.219	81.378	80.582	80.821	2442649.155
04/04/2016	81.299	81.378	80.582	80.98	3552453.298
04/01/2016	82.015	82.175	80.343	81.219	2266175.603
03/31/16	84.245	84.245	81.378	81.458	3185189.381
03/30/16	83.608	84.404	83.289	83.369	3497308.452
03/29/16	83.608	83.608	82.971	83.051	2736922.445
03/28/16	84.643	84.643	83.608	83.608	2049690.327
03/23/16	83.528	85.201	83.369	84.643	3811060.143
03/22/16	83.528	84.245	83.21	83.608	3044834.384
03/21/16	84.245	84.404	83.528	83.528	3537960.665
03/18/16	83.21	84.006	82.414	82.812	7104027.493
03/17/16	82.812	84.325	82.732	83.051	2991924.97
03/16/16	82.812	84.006	82.414	82.812	1012901.928
03/15/16	82.812	84.006	82.493	82.812	2715660.723
03/14/16	83.608	84.643	83.051	83.051	3102428.157
03/11/2016	81.617	83.608	80.423	83.608	4947752.265
03/10/2016	80.741	82.015	80.741	81.617	5015430.6
03/09/2016	80.025	81.458	80.025	80.423	3907472.573
03/08/2016	80.184	80.184	79.627	80.025	1749162.85
03/07/2016	79.627	80.184	79.388	80.184	5347894.616
03/04/2016	78.472	79.348	78.472	78.83	3528516.592
03/03/2016	79.786	79.786	78.432	78.432	3234494.474
03/02/2016	80.025	80.821	79.467	79.547	5590752.968
03/01/2016	79.229	79.587	78.751	79.189	2583192.531
02/29/16	78.631	79.547	78.512	78.83	3583397.707
02/26/16	78.671	78.83	77.278	78.83	3142063.123
02/24/16	79.627	79.627	77.835	78.791	858443.6143
02/23/16	79.627	79.786	78.87	79.627	2198070.274
02/22/16	80.343	80.343	79.229	79.627	956802.6281
02/19/16	81.219	81.219	79.587	80.423	2797316.789
02/18/16	79.786	80.821	79.348	80.821	2967711.975
02/17/16	79.069	79.467	78.592	79.229	3223744.306
02/16/16	78.83	79.229	78.512	78.87	3023635.454
02/15/16	79.348	79.627	78.034	78.193	3083188.371
02/12/2016	79.189	79.786	78.273	79.229	4364618.444
02/11/2016	79.627	79.627	78.751	79.229	842582.0931
02/10/2016	77.158	79.627	77.158	79.229	3721931.706
02/09/2016	80.343	80.343	76.601	76.601	430546.7402
02/05/2016	80.741	80.741	78.91	80.423	3943553.452
02/04/2016	78.034	79.547	77.755	78.83	4634666.18
02/03/2016	79.189	79.348	77.596	77.636	3587943.923
02/02/2016	80.901	80.901	79.149	79.627	3786935.058
02/01/2016	81.219	82.015	80.184	81.697	3388889.994
01/29/16	79.627	81.219	79.507	81.219	6557841.095
01/28/16	78.91	79.507	78.034	79.229	3460888.491
01/27/16	76.043	79.069	76.043	78.95	2354073.296
01/26/16	77.915	78.592	75.964	76.043	2842351.955
01/25/16	76.521	78.99	76.521	78.99	1029102.531
01/22/16	75.247	77.397	75.247	76.84	1932983.188
01/21/16	74.451	75.168	74.093	75.168	3484448.438
01/20/16	76.243	76.442	74.769	76.043	3111395.003
01/19/16	76.362	77.079	75.645	76.282	1097760.438
01/18/16	77.278	77.278	75.247	76.362	1902453.213
01/15/16	78.114	78.273	77.875	78.034	3553357.518
01/14/16	77.238	78.114	75.725	78.034	2818804.566
01/13/16	76.601	78.751	76.442	78.034	2426925.778
01/12/2016	75.685	78.353	75.685	76.362	914367.0934
01/11/2016	79.229	79.229	75.247	75.645	4214944.96
01/08/2016	81.06	81.06	79.229	79.229	3008113.015
01/07/2016	82.652	82.652	81.219	81.219	1674037.26
01/06/2016	82.652	82.732	81.299	82.334	2036453.555
01/05/2016	81.14	82.493	80.343	82.414	2045571.104
01/04/2016	84.404	84.404	81.14	81.14	691979.2721
12/29/15	82.812	83.608	81.697	83.608	3194997.653
12/28/15	80.264	83.528	80.264	83.528	1700247.074
12/23/15	83.608	84.006	83.449	83.608	1805299.825
12/22/15	82.414	83.449	82.175	83.449	1842988.206
12/21/15	82.015	82.971	81.777	82.414	1120868.276
12/18/15	83.21	83.21	80.901	82.015	3636244.327
12/17/15	80.343	83.21	80.343	83.21	2365941.18
12/16/15	79.627	80.184	79.467	79.627	1294139.384
12/15/15	79.388	80.343	78.273	79.627	2294495.262
12/14/15	79.786	79.786	77.955	78.034	4252382.169
12/11/2015	80.423	80.423	78.91	79.786	3110541.018
12/10/2015	80.184	80.423	79.547	80.184	1628637.894
12/09/2015	79.467	80.423	79.467	80.025	833213.3719
12/08/2015	80.025	80.025	78.91	78.91	1877009.474
12/07/2015	81.219	81.936	79.945	80.741	937638.1931
12/04/2015	81.219	82.095	80.264	80.821	2193184.976
12/03/2015	81.856	81.856	80.582	81.219	2239538.796
12/02/2015	83.608	84.165	82.095	82.095	1994671.067
12/01/2015	83.608	84.564	81.856	84.006	4681346.524
11/27/15	82.812	82.812	80.184	80.423	6226469.678
11/26/15	82.812	83.369	82.015	82.971	3248648.024
11/25/15	81.219	82.812	80.98	82.812	1661340.508
11/24/15	79.308	81.06	79.308	80.821	2005006.801
11/23/15	79.029	79.547	78.99	79.069	3498174.996
11/20/15	80.423	80.423	79.029	79.029	3008540.008
11/17/15	80.025	80.741	78.99	79.229	3203236.1
11/16/15	79.627	79.945	78.83	78.95	3255517.583
11/13/15	79.627	80.821	79.189	80.821	3774690.416
11/12/2015	80.582	81.219	79.627	79.627	2536574.98
11/11/2015	80.025	80.423	79.229	80.025	3821559.139
11/10/2015	80.503	80.582	79.786	80.025	3399150.376
11/09/2015	81.617	81.617	80.423	81.219	1738123.834
11/06/2015	80.264	82.095	80.184	81.219	2960980.561
11/05/2015	80.901	80.98	79.308	79.786	9513258.194
11/04/2015	81.697	81.697	79.467	80.741	5735578.829
11/03/2015	82.015	82.414	81.617	82.015	2461725.68
11/02/2015	80.98	82.015	80.98	82.015	3195022.77
10/30/15	81.219	81.617	80.264	80.98	4406652.103
10/29/15	82.812	83.608	80.821	81.14	4377001.231
10/28/15	82.812	83.21	82.175	82.812	3653562.647
10/27/15	82.652	84.404	82.095	82.812	3561269.44
10/26/15	86.634	86.793	82.414	82.652	3666309.633
10/23/15	84.006	86.395	83.608	85.599	3523279.653
10/22/15	82.015	83.051	81.617	82.812	2864090.905
10/21/15	81.777	82.334	81.617	81.856	3562424.832
10/20/15	81.856	82.334	81.378	81.777	2805605.47
10/19/15	82.812	83.289	82.095	82.573	3037135.957
10/16/15	84.006	84.245	81.299	82.095	3119532.981
10/15/15	82.414	84.006	82.015	83.449	2093356.605
10/14/15	82.095	83.369	81.856	82.015	1317058.842
10/13/15	84.802	84.802	82.015	82.015	3116380.77
10/12/2015	86.475	86.793	84.245	84.802	2109356.271
10/09/2015	86.793	86.793	85.201	86.395	841803.4594
10/08/2015	86.793	86.793	85.917	86.793	1125238.672
10/07/2015	84.962	86.793	84.404	86.793	2900824.832
10/06/2015	84.802	86.713	84.723	86.713	3695320.017
10/05/2015	83.528	84.882	82.812	84.404	4292042.251
10/02/2015	83.608	84.325	82.812	83.608	4021291.232
10/01/2015	82.414	83.608	81.936	83.608	3532585.581
09/30/15	81.856	82.414	80.741	82.414	4006070.2
09/29/15	79.627	81.219	78.034	81.219	4877499.414
09/28/15	82.175	82.254	80.423	81.219	3540949.613
09/24/15	82.095	82.493	79.587	82.015	3086880.601
09/23/15	81.219	82.414	80.423	81.219	5636742.588
09/22/15	82.175	83.369	82.175	82.493	3669147.879
09/21/15	82.175	82.175	81.299	82.015	10866435.59
09/18/15	81.219	82.334	81.06	82.015	3103169.115
09/17/15	79.786	80.901	79.507	80.901	3962592.301
09/16/15	79.189	80.025	79.149	79.507	3142276.619
09/15/15	78.034	79.029	77.477	78.432	4912914.688
09/14/15	76.641	77.955	76.641	77.397	3238010.884
09/11/2015	77.198	77.198	76.123	76.521	1735913.519
09/10/2015	76.282	77.198	75.287	77.198	3778282.178
09/09/2015	75.645	76.083	74.73	75.367	2714995.117
09/08/2015	74.451	74.849	72.062	74.451	3633795.399
09/07/2015	75.168	75.168	74.053	74.451	3725824.874
09/04/2015	77.198	77.317	74.969	75.168	3256057.603
09/03/2015	78.353	78.472	76.442	77.238	3957845.147
09/02/2015	77.238	78.114	75.645	78.034	3200460.647
09/01/2015	77.238	78.392	76.919	77.755	6247769.077
08/28/15	77.636	78.751	77.437	78.432	5767666.071
08/27/15	74.451	77.238	74.451	77.238	12706635.79
08/26/15	73.655	74.172	72.978	74.053	8432426.758
08/25/15	72.46	75.645	72.46	74.929	8015393.079
08/24/15	77.636	77.636	72.381	75.645	7978420.539
08/20/15	79.467	79.587	78.034	78.791	3320998.162
08/19/15	79.388	80.343	79.229	79.627	3411583.398
08/18/15	79.547	80.423	79.388	80.423	2726310.422
08/17/15	82.015	82.015	79.149	79.547	3909532.184
08/14/15	80.423	82.175	79.627	82.015	2290727.68
08/13/15	82.015	82.015	79.229	82.015	6973932.878
08/12/2015	82.732	82.732	80.503	81.219	5103642.259
08/11/2015	81.219	82.812	81.219	82.812	4616544.11
08/10/2015	81.219	82.891	81.219	82.493	3019855.313
08/07/2015	82.493	82.732	80.423	81.219	1205350.029
08/06/2015	82.812	82.971	81.219	82.493	3655810.637
08/05/2015	81.617	83.528	81.617	82.812	5751377.557
08/04/2015	80.104	82.732	79.786	81.617	2169411.532
08/03/2015	80.343	81.378	79.786	80.104	1950841.527
07/31/15	79.587	79.945	79.189	79.945	4149891.373
07/30/15	79.627	79.786	79.229	79.229	1627344.357
07/29/15	78.751	79.229	78.193	79.229	6452474.379
07/28/15	80.423	80.503	78.512	78.512	4391355.719
07/27/15	83.528	83.528	80.503	80.821	7110218.887
07/24/15	83.608	83.608	83.21	83.528	2037345.216
07/23/15	83.608	83.767	82.812	83.608	3794281.844
07/22/15	83.608	83.688	83.13	83.688	2457732.042
07/21/15	82.493	84.006	82.493	83.608	5477436.652
07/20/15	83.608	83.688	82.175	82.414	87303838.65
07/16/15	82.812	83.767	82.812	83.608	3656451.126
07/15/15	82.812	83.688	82.414	83.608	9993185.378
07/14/15	82.573	84.564	82.573	82.812	4973974.637
07/13/15	82.573	82.971	81.378	82.175	4190669.171
07/10/2015	82.812	83.528	82.095	82.095	4145834.943
07/09/2015	82.414	83.369	81.617	82.812	4659180.582
07/08/2015	84.006	84.325	82.493	83.608	4050314.174
07/07/2015	84.882	85.121	83.369	84.006	4329441.784
07/06/2015	85.997	86.395	84.484	84.802	3529207.315
07/03/2015	85.997	87.35	85.997	85.997	1665836.489
07/02/2015	86.236	87.589	86.076	86.236	2621358.139
07/01/2015	85.201	86.634	84.404	86.236	3610901.057
06/30/15	85.201	86.873	84.882	86.315	3613186.724
06/29/15	86.793	86.873	85.439	86.076	1430827.267
06/26/15	85.838	87.987	85.838	86.713	2424476.85
06/25/15	87.191	87.191	85.201	85.838	3738684.888
06/24/15	88.147	88.386	86.713	87.589	3325481.585
06/23/15	87.669	88.704	87.669	88.147	3510005.205
06/22/15	87.271	88.306	86.793	87.589	3419005.535
06/19/15	87.589	87.908	87.112	87.43	6074661.231
06/18/15	86.315	87.669	86.315	87.51	2632598.093
06/17/15	85.28	86.873	84.564	86.315	5667134.418
06/16/15	85.201	85.917	85.121	85.28	4804019.002
06/15/15	86.395	86.395	84.325	85.121	4340958.027
06/11/2015	85.997	86.873	85.997	86.395	1945102.244
06/10/2015	84.484	86.236	84.484	85.997	2090267.188
06/09/2015	84.962	85.201	84.006	84.404	4238266.294
06/08/2015	84.643	86.793	84.564	86.475	1203591.824
06/05/2015	85.439	85.599	84.802	85.201	4421320.556
06/04/2015	85.997	85.997	84.643	85.439	1514279.214
06/03/2015	85.201	85.997	84.404	85.997	2792758.014
06/02/2015	86.793	88.386	85.041	86.076	3865602.175
06/01/2015	87.589	88.386	85.201	88.386	3241276.122
05/29/15	85.201	87.669	84.723	85.997	9479450.422
05/28/15	88.863	89.182	84.086	84.404	7581631.336
05/27/15	89.978	90.376	88.545	88.863	3790313.324
05/26/15	90.854	90.854	88.863	90.695	3428198.435
05/25/15	92.765	92.765	90.695	91.013	1714526.21
05/22/15	93.084	93.163	91.73	92.287	1620185.951
05/21/15	91.571	92.606	91.491	92.367	4728554.33
05/20/15	93.084	93.163	91.571	91.571	6612383.128
05/19/15	93.004	93.561	90.774	92.924	3256497.154
05/18/15	91.571	93.084	91.332	93.004	2646286.975
05/15/15	90.774	91.889	90.137	91.571	3352721.205
05/14/15	89.66	90.774	88.863	90.774	7395374.628
05/13/15	87.749	89.899	87.749	89.66	3259900.537
05/12/2015	88.386	88.943	87.987	88.386	1449376.331
05/11/2015	88.465	89.102	88.386	88.943	2514911.382
05/08/2015	87.191	88.545	87.191	88.545	2298300.52
05/07/2015	87.589	88.067	86.475	87.749	13539371.93
05/06/2015	89.58	89.58	87.669	88.386	4578001.743
05/05/2015	88.386	89.978	87.908	89.58	5593942.854
05/04/2015	86.873	88.784	84.723	87.908	3510947.1
04/30/15	88.704	88.704	84.484	86.793	11227784.4
04/29/15	89.182	89.182	86.076	87.589	7759210.045
04/28/15	91.969	92.048	88.306	89.182	7486537.56
04/27/15	93.561	93.641	91.571	91.969	6862387.327
04/24/15	92.447	93.641	92.447	93.561	5127968.282
04/23/15	91.571	93.88	91.332	92.367	3128298.889
04/22/15	92.367	92.367	90.376	91.252	5957916.416
04/21/15	93.561	93.561	92.128	92.685	6337588.237
04/20/15	92.765	93.561	92.606	93.163	3675037.865
04/17/15	93.959	94.358	92.526	94.358	4631878.169
04/16/15	93.959	94.358	91.969	93.959	5261918.389
04/15/15	95.074	95.074	91.571	93.959	3648262.914
04/14/15	95.552	95.791	94.358	94.358	3489584.909
04/13/15	95.393	95.552	93.8	95.552	3709398.216
04/10/2015	94.358	95.632	93.721	95.393	6024313.774
04/08/2015	95.472	95.472	94.119	94.358	4850083.974
04/07/2015	96.587	97.543	94.835	95.472	2683900.005
04/06/2015	97.941	97.941	96.03	96.348	3593067.834
04/01/2015	98.737	98.737	96.906	97.941	2818138.96
03/31/15	97.941	99.056	97.702	98.498	5631455.415
03/30/15	97.543	98.339	96.906	97.224	2840367.695
03/27/15	95.313	96.746	95.313	96.746	3420864.209
03/26/15	95.95	96.109	95.154	95.472	4336009.936
03/25/15	95.552	97.941	95.552	96.746	4998803.004
03/24/15	93.561	95.552	93.561	95.552	3044193.895
03/23/15	93.561	94.278	93.163	94.278	2553717.479
03/20/15	93.163	93.8	92.685	93.322	3336357.339
03/19/15	91.81	93.959	91.81	93.561	4508452.175
03/18/15	91.571	91.889	91.173	91.571	3874958.338
03/17/15	90.058	91.252	90.058	90.934	4520244.708
03/16/15	91.173	91.969	87.749	89.819	1988215.943
03/13/15	90.774	91.571	90.615	91.173	2951649.516
03/12/2015	90.774	90.854	90.536	90.774	4189639.366
03/11/2015	90.695	90.695	90.217	90.695	3288596.955
03/10/2015	91.013	92.287	90.854	90.934	7743248.055
03/09/2015	90.934	91.491	90.217	91.013	6359289.511
03/06/2015	90.774	90.774	89.978	90.774	4737270.003
03/05/2015	90.297	91.332	90.297	90.695	6691376.769
03/04/2015	89.739	90.137	89.182	89.978	3367038.017
03/03/2015	87.669	89.5	87.669	88.943	2112634.068
03/02/2015	88.067	88.386	86.713	87.589	5897007.17
02/27/15	90.774	90.774	86.793	88.386	3263756.029
02/26/15	90.774	91.571	89.421	89.978	5184795.981
02/25/15	90.536	90.774	89.978	90.774	993235.1484
02/24/15	90.695	90.774	90.376	90.774	7411298.942
02/23/15	89.58	90.058	89.261	89.899	2312265.692
02/20/15	89.421	89.978	89.102	89.58	1986018.187
02/18/15	90.774	90.774	89.66	89.66	787073.048
02/17/15	90.536	90.774	89.5	90.774	858920.8414
02/16/15	90.376	90.774	89.819	90.376	1640556.012
02/13/15	90.695	90.774	90.058	90.774	2692289.154
02/12/2015	89.182	90.774	88.465	90.774	1789413.187
02/11/2015	90.376	90.376	88.863	88.863	1278654.621
02/10/2015	91.411	91.571	90.058	90.376	4567201.341
02/09/2015	89.421	91.571	89.421	89.899	5218930.276
02/06/2015	89.341	89.978	89.102	89.421	2255952.896
02/05/2015	89.421	90.456	89.421	90.137	2895349.279
02/04/2015	90.376	91.173	90.137	90.774	3532309.291
02/03/2015	88.943	89.182	87.589	88.784	2657828.335
02/02/2015	92.367	92.367	88.784	89.182	2738253.658
01/30/15	92.367	92.367	90.695	91.173	5063806.356
01/29/15	91.491	92.287	89.978	90.774	5349677.939
01/28/15	92.128	92.208	90.376	90.695	4152503.563
01/27/15	89.978	92.128	89.739	92.128	5209473.645
01/26/15	89.182	89.5	87.589	89.023	4546894.073
01/23/15	88.386	89.58	88.147	89.182	4983594.53
01/22/15	88.306	88.386	87.669	88.386	2041363.97
01/21/15	88.784	89.341	87.43	88.784	3813421.161
01/20/15	88.386	90.058	88.386	88.784	5428307.38
01/19/15	87.749	88.386	87.271	87.749	3272496.82
01/14/15	87.112	89.978	87.112	88.386	6054027.439
01/13/15	86.315	87.191	85.201	86.952	2025389.421
01/12/2015	84.404	84.802	83.608	84.564	3249414.099
01/09/2015	84.643	85.201	84.006	84.404	8468068.086
01/08/2015	84.404	84.802	84.006	84.245	9296258.015
01/07/2015	87.191	87.51	84.882	84.882	4582836.807
01/06/2015	85.997	86.952	85.121	86.395	3474765.752
01/05/2015	87.669	87.669	86.952	87.589	1964944.844
