BPI 1216

12/27/19	80.761	80.761	79.568	80.669	2421767.468
12/26/19	80.302	80.302	79.476	79.751	313500.1927
12/23/19	79.292	80.302	78.925	80.302	1824339.9
12/20/19	76.906	79.843	75.438	79.843	7688191.512
12/19/19	75.713	77.503	75.346	76.906	2410108.325
12/18/19	77.09	77.09	74.612	76.264	4764405.313
12/17/19	80.118	80.118	77.273	77.64	4180456.586
12/16/19	83.514	83.514	79.935	80.118	1975886.968
12/13/19	83.055	83.514	81.77	83.514	1580467.674
12/12/2019	81.678	83.376	81.678	83.055	2167347.532
12/11/2019	80.669	81.678	79.613	81.678	1079876.372
12/10/2019	81.633	81.633	79.384	79.384	1478455.62
12/09/2019	81.678	82.137	81.036	81.678	2513384.361
12/06/2019	80.898	82	80.394	81.678	6162053.265
12/05/2019	81.678	82.55	81.633	82.55	3179829.698
12/04/2019	80.577	81.678	80.394	81.678	3064916.312
12/03/2019	79.659	80.944	79.568	80.072	5192132.419
12/02/2019	79.751	79.751	77.916	79.292	3097115.16
11/29/19	80.944	81.128	78.558	78.879	2878587.95
11/28/19	81.678	81.678	79.935	80.761	4724742.434
11/27/19	80.761	81.908	80.439	81.541	7259603.591
11/26/19	82.688	83.239	79.843	79.843	10958472.19
11/25/19	83.055	83.376	81.724	82.596	2249887.727
11/22/19	83.239	84.432	81.908	82.963	5932804.002
11/21/19	84.661	85.212	83.422	83.422	2477142.95
11/20/19	85.9	85.9	84.615	85.349	2122018.527
11/19/19	87.185	87.552	85.808	86.267	1583387.908
11/18/19	87.644	88.103	86.129	87.644	725024.3587
11/15/19	87.552	89.02	85.9	88.103	3081053.874
11/14/19	86.68	88.011	86.451	86.451	808970.189
11/13/19	88.103	88.103	86.726	87.185	1568241.919
11/12/2019	89.296	89.938	88.103	88.561	1358671.545
11/11/2019	89.479	90.03	88.699	89.938	1038252.142
11/08/2019	88.424	89.938	87.368	89.479	1625829.368
11/07/2019	89.938	89.938	87.965	88.424	2447047.106
11/06/2019	91.773	91.773	88.286	88.653	2606352.407
11/05/2019	89.892	91.773	89.479	91.773	3949474.796
11/04/2019	89.525	90.58	89.02	89.296	4384055.735
10/31/19	91.59	91.682	88.745	89.02	6099573.334
10/30/19	90.856	91.682	90.397	91.682	2695604.782
10/29/19	90.81	91.177	90.397	90.902	1503789.74
10/28/19	90.856	91.131	90.397	90.856	2616965.496
10/25/19	89.479	92.232	89.479	90.856	6266266.391
10/24/19	88.837	89.571	88.286	89.158	931020.7142
10/23/19	89.571	89.571	88.057	89.02	2045318.799
10/22/19	87.598	89.754	87.139	89.571	3367705.348
10/21/19	87.277	87.644	87.139	87.644	662729.6661
10/18/19	87.277	87.368	86.818	87.277	2232464.391
10/17/19	87.185	87.46	87.001	87.185	5211201.111
10/16/19	85.441	86.267	84.661	86.267	3964762.439
10/15/19	85.716	85.716	85.028	85.441	1660915.762
10/14/19	85.303	86.084	84.982	85.716	1875825.369
10/11/2019	83.927	85.349	83.927	85.303	1156358.172
10/10/2019	83.973	85.579	83.927	85.395	3296235.89
10/09/2019	84.615	84.615	83.652	83.973	1766044.185
10/08/2019	85.349	86.267	84.156	84.615	1991447.02
10/07/2019	84.89	85.625	84.156	85.349	1217933.702
10/04/2019	82.137	85.395	82.137	85.349	2643661.665
10/03/2019	82.596	83.239	81.678	83.239	1418786.959
10/02/2019	84.432	84.753	83.56	84.064	1468736.036
10/01/2019	84.707	84.707	83.514	84.523	1875574.751
09/30/19	84.248	85.349	83.789	85.349	1675048.387
09/27/19	83.973	84.707	83.514	84.248	518265.2555
09/26/19	83.789	84.615	83.101	83.927	2103396.587
09/25/19	84.019	84.799	83.835	83.973	1578124.949
09/24/19	83.284	84.799	82.642	83.973	1633184.435
09/23/19	83.606	83.973	82.596	82.917	2067885.234
09/20/19	85.441	85.762	83.606	83.606	4245595.238
09/19/19	85.808	86.038	84.89	85.533	5391547.352
09/18/19	85.349	86.359	84.523	85.808	6465245.468
09/17/19	86.588	86.588	84.202	85.349	1954944.096
09/16/19	86.542	86.634	86.267	86.588	1798210.344
09/13/19	85.12	86.588	84.248	86.542	3687841.446
09/12/2019	85.349	85.533	84.202	85.533	3000082.759
09/11/2019	84.982	85.349	84.432	85.349	5480047.876
09/10/2019	84.845	85.12	82.642	85.12	1522967.396
09/09/2019	82.045	85.12	81.678	85.074	2021335.833
09/06/2019	81.22	82.321	81.22	81.678	1041401.2
09/05/2019	79.935	82.504	79.935	82.137	2083870.246
09/04/2019	79.568	80.531	79.568	80.531	976415.0975
09/03/2019	79.843	80.302	79.659	79.843	1567969.509
09/02/2019	80.531	80.807	79.843	79.843	1035484.457
08/30/19	80.394	81.036	79.889	80.715	3716379.105
08/29/19	79.751	80.302	79.659	80.302	2605731.312
08/28/19	79.935	80.302	79.476	79.797	2269108.969
08/27/19	82.137	82.137	79.613	79.935	4233663.685
08/23/19	81.174	82.55	80.072	82.504	1877416.242
08/22/19	81.22	81.22	80.026	81.22	1998464.299
08/20/19	82.321	82.596	80.761	80.761	1912023.194
08/19/19	81.678	82.596	80.898	82.596	1834931.197
08/16/19	82.504	83.422	80.807	81.678	2294955.219
08/15/19	81.862	82.596	79.155	82.596	2445423.543
08/14/19	82.137	84.11	82.137	82.871	1489450.083
08/13/19	86.175	86.405	81.678	84.11	4273315.668
08/09/2019	86.267	87.093	86.267	86.496	3317690.893
08/08/2019	86.175	87.093	84.615	86.405	4962447.3
08/07/2019	81.678	87.185	81.678	86.267	6462466.887
08/06/2019	82.55	82.55	80.761	81.22	4431040.992
08/05/2019	84.799	84.799	82.596	83.055	2826078.221
08/02/2019	83.973	84.799	82.229	84.799	2555400.862
08/01/2019	82.596	84.064	81.954	83.973	2773132.635
07/31/19	82.596	82.596	82.045	82.596	2895401.088
07/30/19	82.596	83.422	82.183	83.147	2846116.692
07/29/19	83.147	83.147	81.908	82.55	2028603.729
07/26/19	82.642	83.514	82.642	83.147	1198450.947
07/25/19	82.596	84.064	82.596	84.064	2064812.451
07/24/19	82.596	83.055	81.22	82.596	2306472.709
07/23/19	83.973	83.973	83.147	83.193	3190279.341
07/22/19	83.973	84.432	82.734	84.432	1729072.715
07/19/19	84.248	85.349	83.055	85.349	5243617.888
07/18/19	82.596	84.753	82.596	84.432	8788280.697
07/17/19	82.504	82.504	80.761	82.504	6048120.555
07/16/19	77.457	82.78	77.365	82.596	22404417.51
07/15/19	75.071	77.044	75.025	76.998	14961034.22
07/12/2019	73.878	75.254	73.786	74.382	5155760.251
07/11/2019	71.95	73.786	71.95	73.602	5972259.85
07/10/2019	71.629	72.501	71.629	72.042	754847.793
07/09/2019	71.629	71.95	71.446	71.859	5148263.531
07/08/2019	72.134	72.317	71.583	71.583	1299623.979
07/05/2019	72.501	72.822	72.134	72.134	1864972.559
07/04/2019	72.134	72.96	72.134	72.317	1130740.746
07/03/2019	72.593	73.235	71.767	71.767	2957445.164
07/02/2019	72.501	72.868	72.409	72.593	1502689.204
07/01/2019	72.501	72.914	71.675	72.272	1612895.347
06/28/19	72.501	72.868	71.033	72.042	2897493.196
06/27/19	72.501	73.189	72.317	72.317	2939782.107
06/26/19	73.419	73.419	72.501	72.501	1605267.87
06/25/19	73.648	74.153	73.235	73.235	2529042.481
06/24/19	73.969	74.566	73.465	73.465	948672.8748
06/21/19	73.878	74.199	73.556	73.878	2758749.393
06/20/19	73.511	74.337	73.327	74.337	2106992.397
06/19/19	73.511	74.337	73.419	73.419	1281612.237
06/18/19	74.566	74.566	73.373	73.511	1134717.93
06/17/19	75.254	75.254	73.786	74.566	1989191.467
06/14/19	74.841	75.438	74.337	75.254	1646848.515
06/13/19	74.015	75.162	74.015	75.162	1908318.42
06/11/2019	75.254	75.575	74.061	74.061	1269364.688
06/10/2019	75.254	75.484	74.979	75.117	7478054.526
06/07/2019	74.795	75.208	74.704	75.071	1812560.897
06/06/2019	74.566	75.713	74.337	74.337	3101506.408
06/04/2019	75.254	76.447	73.419	73.419	2578533.909
06/03/2019	74.337	76.126	74.291	75.117	3455998.84
05/31/19	72.914	74.245	72.914	74.153	3647873.467
05/30/19	71.583	73.556	71.537	72.685	2283089.044
05/29/19	73.419	73.878	70.895	70.941	6697327.794
05/28/19	74.337	74.337	73.235	73.235	5137018.451
05/27/19	74.337	74.795	74.199	74.337	1255776.883
05/24/19	74.382	74.612	73.419	74.337	2202880.677
05/23/19	74.337	75.117	74.337	74.382	2067819.856
05/22/19	74.337	75.575	74.337	74.337	1923856.68
05/21/19	74.566	74.795	74.107	74.153	1924935.423
05/20/19	74.199	74.979	74.153	74.337	1988929.953
05/17/19	75.162	76.356	74.337	74.337	3637990.437
05/16/19	74.291	74.749	74.061	74.245	1598435.83
05/15/19	75.254	75.484	74.245	74.245	2048108.277
05/14/19	76.585	76.585	73.878	74.612	4308728.953
05/10/2019	75.575	77.778	75.438	77.778	1662942.491
05/09/2019	77.549	77.549	75.713	75.713	1967703.775
05/08/2019	77.87	78.42	75.759	78.42	1916218.306
05/07/2019	76.631	78.191	76.631	77.87	1919323.779
05/06/2019	78.604	78.604	76.172	76.172	1799681.357
05/03/2019	78.007	79.155	77.87	78.604	4476282.826
05/02/2019	77.87	78.007	77.549	77.824	2513395.258
04/30/19	76.814	77.87	76.814	77.87	2581029.184
04/29/19	76.998	76.998	76.723	76.814	2972656.532
04/26/19	75.208	76.906	75.208	76.585	3576055.325
04/25/19	75.254	75.988	74.566	74.795	2071775.247
04/24/19	75.254	75.713	74.795	75.254	1932334.075
04/23/19	75.254	75.438	75.071	75.254	1742769.484
04/22/19	76.172	76.539	75.208	75.988	2412178.641
04/17/19	75.071	76.172	74.795	76.172	1257607.478
04/16/19	74.474	75.071	74.337	74.52	2992357.215
04/15/19	75.897	75.897	74.061	74.061	2165200.942
04/12/2019	76.631	76.677	74.795	74.795	2340273.327
04/11/2019	75.621	76.814	75.575	76.172	2893461.53
04/10/2019	75.208	76.034	74.245	75.484	2194316.11
04/08/2019	74.704	75.713	74.153	74.153	4475454.7
04/05/2019	74.795	75.988	74.337	74.382	2160384.735
04/04/2019	77.09	77.136	74.337	74.337	4166661.75
04/03/2019	77.181	78.007	77.09	77.09	574120.1785
04/02/2019	77.044	77.962	76.86	77.136	1729029.129
04/01/2019	77.411	78.191	76.539	76.631	833835.7634
03/29/19	77.319	77.824	77.273	77.273	1790364.939
03/28/19	77.181	78.007	76.952	77.273	1434336.115
03/27/19	78.466	78.512	76.906	76.998	2518156.982
03/26/19	78.283	79.201	78.007	78.053	1174184.674
03/25/19	80.761	80.761	78.099	78.099	1728309.967
03/22/19	80.944	81.724	80.761	80.761	1403815.312
03/21/19	81.174	81.403	80.348	80.852	1136984.38
03/20/19	79.751	81.174	79.751	80.669	1576752.003
03/19/19	80.898	80.898	79.843	79.843	1401875.753
03/18/19	81.403	81.403	80.394	80.852	2373932.293
03/15/19	80.164	81.587	78.925	81.587	2596883.439
03/14/19	79.017	80.256	78.053	80.256	714236.9272
03/13/19	78.099	79.981	78.099	79.522	747906.7891
03/12/2019	77.64	78.512	77.181	78.099	1127035.971
03/11/2019	79.201	79.43	77.09	77.09	1888715.804
03/08/2019	80.944	80.99	79.017	79.201	1230933.102
03/07/2019	79.246	81.495	79.246	80.944	2365563.861
03/06/2019	76.998	79.751	76.998	79.246	1118569.472
03/05/2019	78.145	79.797	76.998	76.998	1029284.408
03/04/2019	76.493	78.375	76.447	78.145	1640169.025
03/01/2019	77.273	78.879	76.447	77.09	3818718.051
02/28/19	79.843	79.843	77.09	77.09	2407885.461
02/27/19	78.053	80.026	77.824	79.384	1593183.768
02/26/19	79.751	79.751	77.686	77.916	2886269.909
02/22/19	81.678	81.724	78.65	78.971	5347722.05
02/21/19	82.367	82.367	81.403	81.633	2057729.794
02/20/19	82.183	82.55	82.183	82.367	1921982.5
02/19/19	81.862	82.596	81.862	82.183	2253211.128
02/18/19	82.183	83.514	81.862	81.862	3253467.538
02/15/19	83.422	84.432	81.862	81.862	9595932.423
02/14/19	82.55	83.101	81.495	82.688	1991392.538
02/13/19	82.596	82.734	81.22	81.311	2096204.966
02/12/2019	83.193	83.973	82.229	82.229	1984342.571
02/11/2019	84.432	85.074	83.193	83.193	1997102.25
02/08/2019	85.349	85.349	84.064	84.156	2049165.227
02/07/2019	85.349	85.716	84.982	85.349	4720917.799
02/06/2019	84.386	85.808	83.835	85.349	2695474.025
02/04/2019	83.973	84.432	83.743	83.881	1191324.704
02/01/2019	83.56	84.707	83.56	84.432	1575433.54
01/31/19	83.514	85.074	83.101	83.514	2741195.3
01/30/19	84.019	84.615	82.826	83.514	1891755.899
01/29/19	84.523	84.569	82.78	83.514	2759675.587
01/28/19	84.248	85.074	84.248	84.523	3849576.643
01/25/19	85.303	85.9	83.56	83.652	2135181.372
01/24/19	84.432	85.166	83.927	85.166	1516887.207
01/23/19	83.468	84.89	83.239	83.422	1499594.627
01/22/19	84.34	85.166	82.963	85.166	2590116.778
01/21/19	86.221	86.221	83.697	84.432	1895046.61
01/18/19	85.349	87.047	85.12	85.441	2097654.187
01/17/19	86.588	86.588	84.89	85.349	2206498.281
01/16/19	85.716	86.726	84.432	86.726	2374161.117
01/15/19	84.34	86.129	83.514	86.084	2502041.214
01/14/19	82.55	84.707	81.954	84.34	2003966.979
01/11/2019	84.89	85.349	82.321	82.596	8092480.471
01/10/2019	85.992	87.781	84.89	86.726	3892780.851
01/09/2019	84.89	85.808	84.248	85.349	2516991.068
01/08/2019	86.909	86.909	84.248	84.248	1595079.74
01/07/2019	86.267	87.827	85.349	85.349	2749585.525
01/04/2019	86.772	87.231	85.808	85.808	3179938.662
01/03/2019	86.267	87.185	84.89	87.185	2132043.211
01/02/2019	86.267	86.726	84.936	86.267	1003612.5
12/28/18	85.854	86.726	85.303	86.267	1663160.419
12/27/18	84.89	86.267	84.34	85.808	1978327.76
12/26/18	83.33	84.89	83.33	84.89	1245098.416
12/21/18	85.808	86.129	83.239	83.239	2893668.562
12/20/18	84.432	87.047	84.294	86.129	1705144.231
12/19/18	84.707	85.349	83.147	85.349	2204569.619
12/18/18	86.084	86.129	83.514	84.477	3595559.873
12/17/18	87.093	87.093	86.084	86.084	1206361.73
12/14/18	86.084	87.139	86.084	87.139	916615.6794
12/13/18	86.313	87.139	86.313	87.001	2037081.124
12/12/2018	86.084	86.726	86.084	86.451	2767575.474
12/11/2018	85.808	86.496	85.625	85.992	1691403.876
12/10/2018	86.496	86.542	85.625	85.808	3744470.013
12/07/2018	85.716	87.047	85.716	86.496	1903022.772
12/06/2018	85.808	86.221	85.349	85.533	1870529.72
12/05/2018	85.349	86.221	84.477	85.808	3120062.969
12/04/2018	84.432	86.496	84.019	86.267	5374309.254
12/03/2018	86.267	87.185	83.973	84.477	2866133.37
11/29/18	86.267	86.405	86.084	86.267	4193238.058
11/28/18	86.175	86.267	85.625	86.084	1158744.482
11/27/18	86.129	86.221	85.441	86.221	1953876.249
11/26/18	86.542	86.864	85.441	86.129	2292765.043
11/23/18	83.743	87.001	83.147	86.726	3096603.03
11/22/18	83.514	84.11	82.642	83.743	550409.622
11/21/18	83.055	83.881	80.852	83.881	1311784.356
11/20/18	80.852	84.156	79.843	83.055	1999630.213
11/19/18	81.678	81.678	80.761	81.403	2239764.976
11/16/18	78.237	81.954	78.237	81.587	5497503.901
11/15/18	75.805	78.742	75.254	77.549	5659969.157
11/14/18	73.419	75.805	73.235	75.805	1710134.78
11/13/18	73.373	73.419	72.547	73.235	1375353.927
11/12/2018	73.878	73.878	73.281	73.419	1630656.472
11/09/2018	75.713	75.713	73.235	73.419	1196827.384
11/08/2018	75.254	75.988	73.511	75.988	1486279.232
11/07/2018	75.851	76.08	74.704	75.805	1359597.739
11/06/2018	75.759	76.493	75.759	75.851	2506443.357
11/05/2018	75.254	76.447	75.025	75.254	2408408.488
10/31/18	73.235	75.392	73.235	75.392	1877754.031
10/30/18	74.291	74.382	72.593	72.96	3076052.428
10/29/18	75.254	75.713	74.382	75.208	499719.5905
10/26/18	74.337	75.162	73.511	74.337	654993.2253
10/25/18	75.575	75.575	74.337	74.658	1847516.533
10/24/18	76.356	76.631	75.805	75.805	1204814.442
10/23/18	76.723	77.136	76.08	76.172	1221169.932
10/22/18	75.713	76.723	75.346	76.493	1948090.263
10/19/18	75.392	76.126	74.382	76.126	1332018.962
10/18/18	76.126	76.126	74.52	75.254	1437343.52
10/17/18	74.612	76.585	74.612	76.126	3030145.914
10/16/18	74.291	75.254	73.969	74.337	571014.7058
10/15/18	75.53	75.851	74.061	74.291	832451.9212
10/12/2018	75.162	75.484	74.52	74.52	1622048.319
10/11/2018	74.337	75.162	73.465	75.162	745128.2083
10/10/2018	75.575	75.575	74.658	75.162	1955554.294
10/09/2018	74.887	75.346	74.841	75.346	827494.0613
10/08/2018	74.52	75.759	74.428	75.162	534577.1595
10/05/2018	74.52	74.658	73.969	74.337	2043989.439
10/04/2018	74.612	74.612	73.878	73.878	957749.5722
10/03/2018	75.621	75.621	72.822	74.428	1325960.566
10/02/2018	76.631	76.677	75.254	75.575	958348.8739
10/01/2018	76.86	77.365	75.162	76.631	2756079.776
09/28/18	74.382	76.814	74.382	76.447	3571293.6
09/27/18	74.658	75.667	73.189	73.189	2763053.47
09/26/18	78.007	78.053	74.382	74.382	2001166.605
09/25/18	80.577	80.577	78.007	78.007	1256158.257
09/24/18	76.998	80.944	76.31	80.944	2832169.306
09/21/18	74.566	76.998	74.337	76.998	3060862.853
09/20/18	73.235	74.382	73.143	73.419	2339674.025
09/19/18	74.612	76.356	72.409	72.96	5404546.752
09/18/18	78.558	78.604	74.015	75.346	5234355.952
09/17/18	79.201	79.201	78.283	78.604	672122.3589
09/14/18	79.201	80.761	78.466	78.925	5144526.068
09/13/18	79.017	79.201	78.879	79.017	7317398.072
09/12/2018	79.476	79.476	78.788	78.788	3442650.756
09/11/2018	79.843	79.843	78.925	79.751	3930101.005
09/10/2018	81.77	81.77	79.981	80.439	2729852.153
09/07/2018	81.862	83.33	81.174	81.862	3760356.957
09/06/2018	82.596	82.642	81.311	81.678	3711214.214
09/05/2018	84.34	84.34	81.724	82.596	2246673.29
09/04/2018	85.349	85.349	84.064	84.34	1550807.686
09/03/2018	86.496	86.588	84.34	84.432	1222553.774
08/31/18	86.267	86.726	85.441	86.038	1443064.128
08/30/18	85.808	86.909	85.395	86.267	1146257.213
08/29/18	85.854	85.9	85.074	85.349	1239497.669
08/28/18	85.074	87.368	85.028	85.854	1293238.691
08/24/18	87.185	87.185	84.89	85.074	1012482.166
08/23/18	83.789	87.919	83.789	87.919	2189565.282
08/22/18	83.055	84.386	82.78	83.606	1495279.655
08/20/18	83.973	83.973	82.642	82.688	1109547.257
08/17/18	85.074	86.726	82.137	82.137	4211751.034
08/16/18	85.349	85.808	84.615	85.166	1039679.569
08/15/18	84.799	85.808	84.661	85.808	486349.7133
08/14/18	87.368	87.368	84.432	84.799	1620708.063
08/13/18	88.974	88.974	87.506	87.644	656769.3378
08/10/2018	90.03	90.03	88.561	88.974	871907.769
08/09/2018	89.204	90.03	88.837	89.02	572801.7146
08/08/2018	90.03	90.03	89.02	89.204	757996.8513
08/07/2018	90.397	91.039	89.02	89.02	961595.9997
08/06/2018	89.25	92.232	88.561	90.397	1841283.795
08/03/2018	88.103	89.25	87.919	89.02	2406000.384
08/02/2018	87.919	87.965	87.781	87.919	1960730.082
08/01/2018	88.103	88.561	87.735	87.919	3454560.516
07/31/18	91.636	91.636	89.479	89.938	2763445.74
07/30/18	91.865	92.141	90.948	91.682	2408114.285
07/27/18	91.315	92.691	90.902	92.691	2158390.695
07/26/18	90.856	91.773	90.81	91.315	2118444.509
07/25/18	88.148	92.691	88.148	90.672	3205065.75
07/24/18	87.368	88.103	87.368	88.103	1589315.547
07/23/18	87.644	87.644	87.185	87.46	3176985.739
07/20/18	89.02	89.02	87.644	87.644	546214.5098
07/19/18	88.745	88.745	88.057	88.103	482067.4299
07/18/18	87.46	89.02	87.46	89.02	422671.1785
07/17/18	88.378	88.516	87.231	87.644	1561671.392
07/16/18	88.103	88.653	86.818	88.653	1114766.63
07/13/18	89.938	89.938	86.909	88.103	2358415.826
07/12/2018	86.451	89.296	85.487	88.103	3149603.097
07/11/2018	83.514	87.185	83.514	86.359	4631414.807
07/10/2018	82.137	83.514	80.944	83.514	2514844.478
07/09/2018	80.302	81.678	79.843	81.678	1049126.744
07/06/2018	79.155	80.302	79.109	80.302	2369028.915
07/05/2018	80.852	80.852	79.017	79.201	4799687.842
07/04/2018	80.944	80.944	80.026	80.761	2319918.86
07/03/2018	80.302	81.495	80.164	80.944	3168410.276
07/02/2018	81.22	81.357	79.384	80.302	2312193.316
06/29/18	80.761	82.596	80.761	81.22	2815879.195
06/28/18	82.321	82.321	81.22	81.403	1983579.823
06/27/18	78.925	82.688	78.237	82.596	2502858.443
06/26/18	81.22	81.22	78.007	78.925	2832517.99
06/25/18	83.147	83.193	80.302	80.577	1830180.368
06/22/18	82.413	82.413	78.053	80.761	6981429.512
06/21/18	83.835	83.835	82.504	83.055	2302593.592
06/20/18	84.569	85.808	83.514	83.514	1219589.954
06/19/18	84.523	85.303	84.523	84.523	2087869.224
06/18/18	86.864	86.864	84.523	84.753	1915520.937
06/14/18	88.561	90.626	87.368	87.965	4735486.28
06/13/18	90.764	90.764	88.561	90.535	1231063.859
06/11/2018	91.315	91.36	90.764	90.764	605828.6892
06/08/2018	91.59	91.957	90.856	91.131	737250.1144
06/07/2018	90.856	91.773	90.213	91.59	3670930.24
06/06/2018	91.452	91.452	90.535	90.535	1396155.146
06/05/2018	90.58	91.773	89.066	91.452	1386980.381
06/04/2018	90.213	90.902	89.984	90.535	889963.0962
06/01/2018	87.277	91.085	87.277	90.856	1932246.904
05/31/18	88.974	89.846	87.185	87.185	3630548.198
05/30/18	90.856	90.902	87.185	88.103	1376944.801
05/29/18	91.269	91.773	90.397	91.773	3347863.012
05/28/18	89.066	91.315	88.561	91.223	558353.0943
05/25/18	89.938	89.938	88.47	89.02	2140150.129
05/24/18	88.011	90.856	86.726	90.856	1152544.433
05/23/18	89.571	89.571	85.349	86.267	2723107.284
05/22/18	89.754	89.754	88.47	89.296	1010760.536
05/21/18	91.223	91.223	89.663	89.663	813426.8148
05/18/18	91.315	91.682	90.672	91.315	1366865.635
05/17/18	91.498	93.425	90.856	90.856	2789161.233
05/16/18	91.039	91.773	89.02	90.856	1155704.388
05/15/18	89.938	91.039	89.846	90.764	2160853.28
05/11/2018	89.479	90.167	88.103	89.938	3724017.478
05/10/2018	87.827	88.653	87.185	87.919	2558615.299
05/09/2018	89.158	89.158	86.726	88.103	1790855.277
05/08/2018	89.571	89.938	89.02	89.341	1602729.01
05/07/2018	90.856	90.856	89.112	89.571	1299972.663
05/04/2018	91.085	91.085	88.011	90.259	978659.755
05/03/2018	94.068	94.068	91.039	91.728	1662877.113
05/02/2018	95.995	96.27	92.967	93.609	1411181.275
04/30/18	94.527	96.362	94.527	96.362	2001972.938
04/27/18	96.27	96.729	94.527	94.527	1734324.778
04/26/18	94.802	96.362	94.802	96.362	603475.0678
04/25/18	97.188	98.106	93.701	96.362	1143369.668
04/24/18	98.84	99.85	95.536	95.536	953031.4329
04/23/18	97.28	99.115	96.362	99.115	890224.6097
04/20/18	96.362	98.198	96.362	97.28	565348.5802
04/19/18	93.242	100.033	91.773	100.033	3308254.615
04/18/18	93.609	96.729	93.609	95.444	722180.3995
04/17/18	95.72	96.087	93.884	94.527	1788741.376
04/16/18	97.28	98.198	97.28	97.463	473993.2009
04/13/18	99.85	99.85	97.28	98.473	1673054.346
04/12/2018	96.546	100.033	95.444	100.033	1784143.097
04/11/2018	96.362	96.362	94.894	95.261	1517366.648
04/10/2018	99.574	99.574	96.179	96.362	2585834.494
04/06/2018	99.115	100.492	97.188	99.207	936959.2497
04/05/2018	97.739	99.299	97.739	99.115	1911805.266
04/04/2018	100.951	100.951	98.656	98.656	1890753.43
04/03/2018	101.134	102.327	99.758	99.758	1201425.663
04/02/2018	102.636	102.993	97.995	102.636	2564312.095
03/28/18	100.94	104.421	100.94	104.421	1497638.668
03/27/18	97.281	102.636	97.281	102.636	1939214.732
03/26/18	96.835	97.549	96.835	97.549	755161.1775
03/23/18	99.334	99.512	97.281	97.37	2714096.13
03/22/18	97.459	100.851	97.281	99.958	4332128.983
03/21/18	101.029	101.029	97.281	97.459	2126366.344
03/20/18	102.547	102.547	100.405	101.029	1573158.147
03/19/18	102.1	102.636	101.297	102.636	1109564.905
03/16/18	102.725	102.725	101.833	102.368	4704919.575
03/15/18	102.814	102.814	98.173	102.368	3755547.843
03/14/18	105.581	105.581	102.457	102.814	3928738.435
03/13/18	107.098	107.098	105.313	105.938	1079861.324
03/12/2018	104.242	106.295	104.242	106.206	1297736.142
03/09/2018	105.135	105.313	104.688	104.867	1432080.141
03/08/2018	105.135	105.759	104.599	105.135	2166400.631
03/07/2018	105.313	105.402	105.045	105.135	1672801.282
03/06/2018	105.045	105.313	104.956	105.045	1680297.207
03/05/2018	105.313	105.313	104.867	105.045	1415105.065
03/02/2018	105.402	105.759	105.313	105.492	3919987.588
03/01/2018	107.098	107.098	105.67	105.759	2297383.23
02/28/18	106.206	115.131	105.313	107.009	3039031.574
02/27/18	107.723	107.901	106.384	107.009	1809072.485
02/26/18	106.741	108.883	106.652	108.883	1384370.654
02/23/18	106.473	107.098	106.473	106.741	1317064.198
02/22/18	107.544	107.544	106.652	106.652	1837375.482
02/21/18	108.258	109.776	107.991	107.991	2055608.85
02/20/18	111.025	111.025	109.597	110.311	1330957.99
02/19/18	106.206	114.417	106.206	111.025	4384040.221
02/15/18	105.224	109.776	105.135	107.098	855790.3233
02/14/18	107.098	107.098	105.045	106.206	2272015.856
02/13/18	105.224	107.098	104.778	107.098	3886127.073
02/12/2018	105.224	105.313	104.688	104.956	1561269.992
02/09/2018	104.867	106.206	104.242	105.224	1680431.663
02/08/2018	106.206	107.098	105.313	106.116	1137598.991
02/07/2018	107.098	107.098	106.295	106.652	1913746.516
02/06/2018	105.313	107.098	104.421	105.313	3375395.783
02/05/2018	105.135	108.705	102.814	108.705	1293388.73
02/02/2018	107.009	107.098	105.938	107.098	997473.3817
02/01/2018	106.384	108.883	106.384	107.009	752942.6528
01/31/18	106.206	107.812	105.135	106.384	2509196.321
01/30/18	107.009	107.098	105.135	107.098	1849577.368
01/29/18	105.224	107.812	105.224	107.098	1132086.293
01/26/18	105.224	105.313	104.51	105.135	1732555.79
01/25/18	105.402	105.67	104.867	105.224	2589959.586
01/24/18	107.723	107.723	104.778	105.402	3091738.344
01/23/18	109.329	109.776	107.455	107.991	2789279.469
01/22/18	106.92	110.311	106.92	110.133	4953820.125
01/19/18	102.457	110.49	100.851	110.222	11139246.43
01/18/18	91.033	102.636	90.409	102.636	8948822.982
01/17/18	102.904	104.064	101.654	102.19	1480013.721
01/16/18	103.974	105.581	102.904	102.904	1855504.639
01/15/18	104.421	104.421	100.851	103.974	1506781.679
01/12/2018	104.421	104.778	103.707	104.242	1684521.367
01/11/2018	106.473	106.473	102.725	104.778	2488602.136
01/10/2018	102.636	106.652	102.457	106.652	3646739.288
01/09/2018	101.565	103.082	100.851	102.725	1597001.686
01/08/2018	101.654	101.743	101.297	101.565	1708589
01/05/2018	100.583	101.833	100.405	101.565	2485588.08
01/04/2018	98.173	100.672	97.995	100.583	1789049.738
01/03/2018	96.478	98.62	96.388	98.173	2052471.542
12/29/17	95.228	97.37	94.603	96.478	3012767.827
12/28/17	94.157	95.942	94.157	95.228	1459251.467
12/27/17	94.603	94.603	93.711	94.603	754365.6459
12/22/17	93.889	94.603	93.711	94.603	554821.669
12/21/17	93.443	94.336	93.265	94.157	1302755.834
12/20/17	93.532	93.532	92.818	93.443	1603982.196
12/19/17	94.603	94.603	92.461	93.532	2368577.706
12/18/17	91.747	94.603	91.747	94.514	654621.6692
12/15/17	93.8	93.8	91.926	91.926	3479296.692
12/14/17	92.997	94.96	92.997	94.96	1384325.835
12/13/17	93.711	94.157	93.443	94.157	2294705.313
12/12/2017	92.818	93.889	92.461	93.711	1766931.719
12/11/2017	92.372	92.908	91.033	92.818	924721.4562
12/08/2017	91.837	92.372	90.855	92.372	1528507.535
12/07/2017	91.033	91.926	90.498	91.837	1035826.969
12/06/2017	91.48	91.837	90.141	90.587	1122416.662
12/05/2017	89.115	91.48	88.981	91.48	4084718.653
12/04/2017	89.695	91.033	88.981	88.981	2253752.243
12/01/2017	90.498	91.837	88.356	89.427	2199913.801
11/29/17	91.033	91.837	90.587	91.837	5484294.045
11/28/17	91.033	92.104	90.766	91.033	1630391.604
11/27/17	92.372	92.372	89.427	92.104	1222205.458
11/24/17	90.141	92.729	89.248	92.729	1560552.893
11/23/17	90.141	90.409	89.695	90.23	1340840.509
11/22/17	89.248	90.409	88.624	90.141	2758612.286
11/21/17	87.91	89.695	87.285	88.624	1569595.062
11/20/17	87.464	88.356	87.017	87.91	2795856.611
11/17/17	86.973	87.374	86.66	87.062	1473750.311
11/16/17	87.196	87.464	86.214	87.017	3219068.22
11/15/17	89.962	89.962	87.464	87.999	707776.626
11/14/17	88.356	89.962	88.356	89.962	8211297.956
11/13/17	88.356	88.892	88.088	88.356	2222491.212
11/10/2017	88.713	89.025	88.356	88.356	901225.2622
11/09/2017	88.936	89.248	88.088	88.713	1975775.572
11/08/2017	87.464	88.892	87.464	88.892	1525908.052
11/07/2017	87.464	87.91	87.017	87.464	2443043.946
11/06/2017	86.125	87.464	86.125	87.464	2165313.778
11/03/2017	88.356	88.356	85.322	85.322	2881236.2
11/02/2017	87.285	89.159	87.196	89.025	5915270.491
10/30/17	87.464	87.597	86.928	87.464	1501437.051
10/27/17	86.348	87.464	86.214	87.464	734365.3091
10/26/17	87.017	87.464	86.348	87.464	1941746.988
10/25/17	87.285	87.508	87.017	87.285	1730639.791
10/24/17	87.464	87.508	87.285	87.464	2642206.964
10/23/17	87.464	87.91	86.571	87.464	1824086.743
10/20/17	87.464	87.687	87.24	87.464	2053457.553
10/19/17	87.464	87.731	86.928	87.464	2979837.3
10/18/17	87.553	87.731	85.857	87.017	3086124.805
10/17/17	87.999	88.981	87.107	87.464	3727782.67
10/13/17	90.141	90.141	88.981	89.159	2764326.668
10/12/2017	90.587	90.766	88.668	89.248	2348162.796
10/11/2017	90.498	90.944	90.409	90.676	885729.2029
10/10/2017	90.944	90.944	90.141	90.587	1465212.352
10/09/2017	91.569	91.569	90.676	91.123	550787.9877
10/06/2017	91.033	91.033	90.676	90.676	1156209.949
10/05/2017	91.301	91.48	90.676	90.944	496131.605
10/04/2017	91.033	91.39	90.587	91.033	1208154.801
10/03/2017	90.944	91.033	90.409	90.855	1595780.377
10/02/2017	91.033	91.123	89.159	90.23	2119688.36
09/29/17	88.758	89.115	88.668	88.758	3313568.411
09/28/17	90.498	90.676	88.311	88.758	3990969.175
09/27/17	90.498	90.498	88.981	89.605	2752460.922
09/26/17	90.319	90.319	88.802	89.248	2378392.997
09/25/17	90.676	90.676	89.427	90.23	1563835.861
09/22/17	91.39	91.39	90.319	90.676	1220872.102
09/21/17	91.301	91.301	90.498	90.587	1798528.89
09/20/17	91.837	91.837	90.676	91.033	2031227.487
09/19/17	92.818	92.818	91.033	91.569	658722.5786
09/18/17	90.141	92.818	90.141	92.818	520793.0847
09/15/17	91.033	91.033	89.784	90.141	4649646.935
09/14/17	91.033	91.926	90.855	90.944	1539107.154
09/13/17	91.926	93.086	90.944	91.033	3433122.245
09/11/2017	91.926	92.015	90.587	91.033	2647069.791
09/08/2017	91.658	92.551	91.123	92.372	2123878.907
09/07/2017	93.532	93.532	91.033	91.658	2703418.079
09/06/2017	93.265	93.265	91.658	91.926	2018599.823
09/05/2017	94.603	94.603	92.818	93.354	2280318.516
09/04/2017	94.603	94.603	93.711	94.246	1620441.857
08/31/17	92.104	94.514	91.48	94.514	2002117.753
08/30/17	93.443	94.246	92.283	92.372	788831.2124
08/29/17	93.711	93.711	92.372	92.551	2009367.174
08/25/17	93.711	93.711	93.265	93.265	3830439.861
08/24/17	94.246	94.246	93.443	93.711	722286.6743
08/23/17	93.711	94.068	93.622	93.8	1132814.597
08/22/17	94.425	94.603	93.354	93.8	1712420.997
08/18/17	94.603	94.603	93.443	93.711	975075.2454
08/17/17	95.496	95.496	93.354	93.622	489005.4345
08/16/17	94.603	95.05	93.8	94.693	378773.8862
08/15/17	95.407	95.407	93.443	94.336	128607.208
08/14/17	93.711	93.711	93.354	93.532	694745.5942
08/11/2017	94.603	94.603	93.354	93.622	337876.8389
08/10/2017	93.622	94.603	93.354	94.603	374628.1581
08/09/2017	94.157	94.157	93.443	93.532	338235.3883
08/08/2017	95.228	95.317	92.908	93.532	1113374.493
08/07/2017	94.782	94.782	93.711	94.336	530227.4173
08/04/2017	94.157	94.782	93.711	94.068	822400.4052
08/03/2017	94.603	94.603	93.443	94.068	400085.1695
08/02/2017	94.603	95.496	92.461	92.461	1684454.139
08/01/2017	93.711	94.603	92.372	92.729	1068567.016
07/31/17	94.603	94.603	92.818	93.354	2957954.579
07/28/17	96.835	96.835	95.496	95.853	619898.3953
07/27/17	95.674	96.478	95.139	95.139	1151750.49
07/26/17	95.674	95.674	95.139	95.407	1571869.61
07/25/17	95.674	95.674	95.05	95.407	479537.488
07/24/17	95.496	95.496	94.603	95.496	1164826.34
07/21/17	93.889	95.496	93.086	95.496	1767738.455
07/20/17	93.711	93.889	93.265	93.889	1464058.271
07/19/17	93.711	93.889	92.997	93.354	1291685.62
07/18/17	92.015	93.711	92.015	92.997	1315282.656
07/17/17	91.48	92.194	90.498	92.015	1158372.45
07/14/17	92.818	92.818	91.39	91.658	1571936.838
07/13/17	92.194	93.711	91.837	92.551	1912379.547
07/12/2017	92.015	92.194	91.033	92.015	1334207.344
07/11/2017	92.461	92.461	90.587	91.926	924318.0881
07/10/2017	91.926	92.461	91.926	92.283	1280402.516
07/07/2017	92.194	92.194	91.747	91.837	2590262.112
07/06/2017	92.64	92.729	91.747	91.926	3473347.012
07/05/2017	92.997	92.997	92.372	92.64	1894183.162
07/04/2017	92.551	93.265	92.461	92.818	845717.3245
07/03/2017	92.818	93.354	92.461	93.265	1070617.471
06/30/17	93.265	93.265	91.926	92.818	3503644.441
06/29/17	93.711	93.889	91.926	93.622	2981932.574
06/28/17	93.532	94.068	93.265	93.979	2147117.394
06/27/17	93.711	93.8	92.818	93.711	1652879.378
06/23/17	93.711	93.711	92.194	93.443	1573494.287
06/22/17	94.157	94.157	92.551	93.711	3228905.921
06/21/17	93.711	94.336	93.622	94.336	2071777.189
06/20/17	93.711	94.603	93.354	93.889	976363.7825
06/19/17	94.693	94.693	93.265	93.889	1837196.208
06/16/17	93.711	94.068	92.997	93.711	2410359.922
06/15/17	94.871	94.871	93.175	93.711	1475699.923
06/14/17	93.889	94.871	93.889	94.871	1405771.575
06/13/17	93.889	94.514	93.532	94.336	696112.564
06/09/2017	92.818	94.693	92.818	94.514	1703199.553
06/08/2017	93.8	94.603	92.997	94.514	1781609.837
06/07/2017	92.194	95.139	92.194	95.139	1447587.405
06/06/2017	95.05	95.139	93.889	93.979	2824955.14
06/05/2017	94.425	95.139	93.711	95.139	1557594.86
06/02/2017	94.782	95.228	93.622	93.622	857235.7258
06/01/2017	93.979	95.05	93.979	95.05	817604.8062
05/31/17	94.157	94.157	93.889	94.068	6327098.155
05/30/17	94.157	94.603	94.157	94.157	1582323.568
05/29/17	94.068	94.603	93.711	94.157	611080.3196
05/26/17	94.514	94.603	93.354	94.068	3127850.998
05/25/17	94.514	94.514	93.711	94.425	1235359.741
05/24/17	94.425	94.603	93.711	94.514	1349019.919
05/23/17	94.514	95.496	94.157	94.336	2401642.689
05/22/17	94.871	95.407	93.889	94.514	1701350.782
05/19/17	94.603	94.782	94.514	94.693	884295.005
05/18/17	93.889	94.96	93.711	94.603	1385110.162
05/17/17	94.603	95.585	94.514	94.514	1953556.711
05/16/17	94.603	95.317	93.265	94.603	2043899.969
05/15/17	95.407	95.496	93.889	94.603	1144209.747
05/12/2017	93.8	95.496	92.818	95.228	1599892.491
05/11/2017	93.711	94.425	93.622	93.889	1957086.182
05/10/2017	93.711	94.514	93.622	93.711	2857650.368
05/09/2017	94.603	94.603	93.8	94.246	4968442.22
05/08/2017	94.514	95.496	93.8	94.603	2230390.505
05/05/2017	93.265	95.496	93.265	93.8	2372118.382
05/04/2017	92.818	93.889	92.818	93.532	1908166.59
05/03/2017	93.175	93.354	92.997	93.086	743710.0043
05/02/2017	92.997	93.354	92.818	93.354	1371059.505
04/27/17	93.622	93.622	93.265	93.532	1181095.522
04/26/17	93.622	93.622	93.354	93.622	971870.7096
04/25/17	93.443	94.514	93.443	93.622	1287842.418
04/24/17	93.443	93.711	93.354	93.532	185493.3201
04/21/17	94.425	94.603	92.908	93.443	982089.3691
04/20/17	94.336	94.603	94.336	94.425	623640.7552
04/19/17	95.496	95.496	92.908	94.603	2112315.687
04/18/17	93.889	94.693	93.354	94.693	366493.5673
04/17/17	93.711	94.425	93.622	93.8	560872.1911
04/12/2017	93.532	94.068	93.265	93.711	1865790.527
04/11/2017	93.711	93.8	93.354	93.532	756001.5278
04/10/2017	92.818	94.603	92.461	93.979	894502.4599
04/07/2017	93.711	95.496	93.711	93.979	2793593.267
04/06/2017	95.317	95.496	94.336	94.514	1852927.565
04/05/2017	94.157	96.299	94.157	95.496	2332745.17
04/04/2017	92.372	94.603	92.372	94.157	4916351.707
04/03/2017	90.409	92.372	90.141	92.372	1211908.366
03/31/17	90.141	90.409	90.052	90.319	1175045
03/30/17	89.248	90.498	89.248	90.141	1284301.742
03/29/17	90.944	91.033	89.248	89.873	1154114.675
03/28/17	88.981	91.033	88.936	91.033	1664935.603
03/27/17	89.025	89.204	88.356	88.981	1192423.444
03/24/17	89.516	89.695	88.936	88.936	2081939.825
03/23/17	90.141	90.141	89.159	89.248	1030919.323
03/22/17	89.248	89.695	88.044	89.248	458741.6195
03/21/17	89.07	91.033	89.07	89.248	1473862.357
03/20/17	91.926	91.926	88.802	89.248	740314.9891
03/17/17	87.017	91.926	87.017	91.39	3415374.047
03/16/17	87.33	88.579	87.33	88.311	386717.9976
03/15/17	86.616	88.267	86.616	88.267	918962.2556
03/14/17	87.33	87.464	86.839	87.107	668067.2738
03/13/17	87.017	87.464	86.973	87.107	610060.6946
03/10/2017	87.687	87.865	87.017	87.017	1154383.587
03/09/2017	88.847	88.847	88.222	88.356	1727939.466
03/08/2017	88.579	89.07	88.579	88.847	1981489.954
03/07/2017	87.553	89.025	87.464	88.802	3521560.709
03/06/2017	86.571	87.91	85.723	87.464	750264.7365
03/03/2017	85.857	86.571	84.697	86.393	1579051.804
03/02/2017	84.384	85.857	84.384	85.857	718779.6124
03/01/2017	83.894	84.608	83.67	84.384	1245275.874
02/28/17	85.411	85.411	83.894	83.894	1207504.93
02/27/17	84.831	85.455	84.831	85.322	663798.2943
02/24/17	85.679	85.679	84.117	84.786	395984.2601
02/23/17	84.072	85.857	84.072	85.679	1820792.57
02/22/17	84.608	85.098	84.072	84.072	1280189.628
02/21/17	84.965	85.009	83.894	84.786	628940.5644
02/20/17	84.786	84.965	84.34	84.92	1739144.136
02/17/17	84.741	84.786	83.626	84.786	1550087.731
02/16/17	82.733	84.786	82.733	84.608	2203476.886
02/15/17	84.161	84.652	82.109	82.644	1355888.382
02/14/17	83.894	84.786	83.894	84.161	1298475.65
02/13/17	83.001	83.894	82.733	83.894	851017.1337
02/10/2017	82.466	83.18	82.376	83.001	9328179.511
02/09/2017	81.127	82.466	81.127	82.376	3200345.216
02/08/2017	81.618	81.618	81.082	81.127	2068113.262
02/07/2017	82.064	82.064	81.484	81.662	2049166.164
02/06/2017	82.109	82.109	81.216	81.975	872608.5337
02/03/2017	82.109	82.109	80.368	80.77	1954184.172
02/02/2017	80.324	81.662	80.324	81.216	3046112.926
02/01/2017	82.198	82.198	80.011	80.324	1234295.297
01/31/17	82.109	82.109	79.967	79.967	1326005.525
01/30/17	82.555	82.555	82.198	82.198	565947.9068
01/27/17	82.555	82.599	82.287	82.376	854008.7807
01/26/17	81.752	82.599	81.752	82.287	2415592.503
01/25/17	82.555	82.555	81.216	81.662	633086.2925
01/24/17	81.662	81.662	81.216	81.216	583819.3563
01/23/17	80.324	81.662	80.145	81.216	1966666.175
01/20/17	81.662	81.662	80.234	80.324	2900631.484
01/19/17	82.555	82.555	80.234	80.279	1808501.046
01/18/17	79.431	80.368	79.119	79.431	2634755.858
01/17/17	81.662	81.662	79.431	79.431	2806938.03
01/16/17	82.019	82.555	81.216	81.395	862210.5995
01/13/17	82.599	82.599	81.93	81.93	496960.7506
01/12/2017	82.332	82.912	82.242	82.287	1750102.304
01/11/2017	82.51	82.867	81.885	82.332	489408.8027
01/10/2017	81.662	82.555	81.662	82.466	707899.8774
01/09/2017	82.109	82.778	81.707	81.752	808909.9819
01/06/2017	82.109	82.555	82.019	82.109	1954139.354
01/05/2017	80.77	83.09	80.145	82.109	3118954.489
01/04/2017	79.431	80.681	79.163	80.324	2214692.761
01/03/2017	79.03	79.342	78.003	78.985	1227325.992
12/29/16	79.387	79.52	79.03	79.253	1938497.634
12/28/16	78.494	79.431	78.494	79.342	1205476.885
12/27/16	78.003	78.717	78.003	78.494	411838.8688
12/23/16	78.539	78.806	77.735	78.003	1060835.793
12/22/16	78.806	78.806	77.825	78.762	1306565.422
12/21/16	78.539	78.985	78.539	78.806	1629327.16
12/20/16	76.664	77.646	76.307	77.646	1681563.334
12/19/16	80.502	80.502	76.664	76.664	1870418.056
12/16/16	81.172	81.172	79.253	79.967	1534266.736
12/15/16	79.431	80.234	78.048	79.877	3032869.006
12/14/16	78.539	79.61	78.405	79.431	1682493.322
12/13/16	77.735	78.628	77.646	78.539	1707434.918
12/12/2016	81.573	81.93	77.646	77.646	3000823.648
12/09/2016	82.733	82.733	81.484	81.573	2228552.939
12/08/2016	82.466	82.555	81.35	82.109	1949097.252
12/07/2016	80.234	82.332	80.234	81.618	484579.5897
12/06/2016	80.413	80.591	80.19	80.324	2331344.586
12/05/2016	83.001	83.001	80.056	80.324	3350577.438
12/02/2016	83.447	83.447	80.859	81.707	1241197.374
12/01/2016	82.109	83.403	80.815	83.001	1182787.427
11/29/16	80.77	80.815	79.61	80.324	6706230.591
11/28/16	80.591	81.662	80.413	80.77	2749458.07
11/25/16	82.109	82.109	80.502	80.77	1743995.758
11/24/16	83.894	83.894	81.841	82.019	888631.2125
11/23/16	82.956	83.894	81.395	83.894	844966.6116
11/22/16	83.894	83.894	83.001	83.001	1564127.183
11/21/16	85.322	85.679	83.581	83.894	1259393.759
11/18/16	85.143	85.634	84.206	85.411	664504.1885
11/17/16	84.161	86.839	84.117	85.143	1538098.733
11/16/16	83.938	84.563	83.938	84.117	1978968.903
11/15/16	83.894	84.741	83.894	84.206	1936223.085
11/14/16	84.786	85.768	83.894	84.251	2444276.46
11/11/2016	85.723	85.768	84.831	85.768	2420836.289
11/10/2016	85.857	86.571	85.857	86.259	2898267.299
11/09/2016	86.705	86.839	82.109	86.125	2871510.546
11/08/2016	87.419	87.464	85.589	86.705	7390533.432
11/07/2016	86.839	86.973	85.723	85.902	1850821.087
11/04/2016	86.75	87.464	86.571	87.062	1838652.815
11/03/2016	87.553	87.776	86.571	86.839	2174546.427
11/02/2016	90.23	91.033	87.865	87.999	2065995.579
10/28/16	91.033	91.033	88.356	90.23	2495089.64
10/27/16	91.48	91.48	90.587	91.033	2526922.109
10/26/16	91.569	92.372	91.033	91.658	1441267.971
10/25/16	92.104	93.532	92.104	92.372	1831078.457
10/24/16	92.372	92.908	92.283	92.283	1010750.916
10/21/16	93.265	93.265	92.372	92.908	1922945.551
10/20/16	91.123	93.622	91.123	92.908	1344426.004
10/19/16	91.926	93.532	91.747	92.729	2087654.207
10/18/16	91.033	92.015	91.033	91.926	1365602.831
10/17/16	91.212	91.926	91.033	91.48	1270643.248
10/14/16	91.48	92.461	91.48	92.104	1204849.423
10/13/16	92.372	92.818	90.141	91.48	1890564.053
10/12/2016	92.818	93.265	92.64	92.729	2808215.362
10/11/2016	93.532	93.711	92.997	93.175	967243.1807
10/10/2016	92.372	93.711	92.194	92.818	1887897.342
10/07/2016	94.157	94.157	92.194	92.194	2152854.185
10/06/2016	93.979	94.157	93.889	94.068	1027591.536
10/05/2016	94.068	94.068	93.354	94.068	939164.2765
10/04/2016	93.532	93.979	93.443	93.979	1693003.303
10/03/2016	93.711	93.889	93.354	93.8	745132.9975
09/30/16	93.711	93.8	93.443	93.711	1864905.358
09/29/16	93.711	93.889	93.532	93.711	904631.482
09/28/16	93.265	93.711	93.265	93.711	252990.2552
09/27/16	93.711	93.711	92.015	93.265	978044.4831
09/26/16	94.068	94.068	92.818	93.711	788887.2357
09/23/16	94.514	94.514	92.729	94.157	1816814.912
09/22/16	93.889	94.514	93.711	94.514	1061597.711
09/21/16	95.317	95.317	92.818	93.8	1658885.081
09/20/16	92.64	93.175	92.551	92.908	2426259.35
09/19/16	94.246	94.246	92.015	92.64	1758785.923
09/16/16	95.139	95.139	92.64	94.425	2298436.469
09/15/16	91.658	96.299	91.301	96.299	1199269.497
09/14/16	92.997	92.997	91.837	92.461	3049619.988
09/13/16	94.603	94.782	91.48	92.997	1458422.321
09/09/2016	93.622	94.157	92.997	93.622	2075665.21
09/08/2016	93.711	94.157	93.622	93.711	4685737.179
09/07/2016	93.711	94.693	93.711	94.514	1309859.595
09/06/2016	94.603	94.603	94.157	94.603	1526513.104
09/05/2016	93.711	94.603	93.354	93.8	1047513.44
09/02/2016	93.711	95.139	93.711	94.603	1312122.939
09/01/2016	94.157	94.603	93.265	94.603	2340409.164
08/31/16	92.818	94.157	92.818	94.157	3443721.864
08/30/16	92.818	93.175	92.194	92.64	2128573.664
08/26/16	94.157	94.157	92.818	93.8	1916032.269
08/25/16	93.711	94.068	91.837	93.622	4670487.622
08/24/16	94.603	94.603	93.443	93.711	2473397.398
08/23/16	93.622	94.603	93.354	94.603	1100836.467
08/22/16	93.711	93.711	93.532	93.711	817167.8241
08/19/16	93.443	93.711	93.443	93.711	8828025.429
08/18/16	92.908	93.711	92.908	93.443	1828815.114
08/17/16	93.265	93.354	92.372	92.908	1349636.175
08/16/16	92.194	93.265	91.926	93.265	2651966.232
08/15/16	92.194	92.372	91.212	92.194	1067536.186
08/12/2016	91.926	92.194	91.837	92.194	953427.822
08/11/2016	92.64	92.64	91.212	91.926	1715838.421
08/10/2016	92.64	92.729	90.676	92.729	1073474.662
08/09/2016	91.033	92.818	85.679	92.729	2558283.982
08/08/2016	91.033	91.658	88.802	91.033	3352011.635
08/05/2016	91.033	91.033	90.141	90.409	1071950.827
08/04/2016	88.892	91.033	88.356	91.033	2979389.113
08/03/2016	88.802	88.936	86.794	88.936	1687098.442
08/02/2016	87.776	88.892	87.731	88.892	2131195.557
08/01/2016	86.036	88.088	85.991	87.91	1560452.051
07/29/16	86.482	87.999	85.679	85.679	1299203.954
07/28/16	87.017	87.999	86.393	87.999	1337120.559
07/27/16	87.196	87.464	87.017	87.196	503638.7342
07/26/16	87.196	88.311	87.017	87.196	1294072.214
07/25/16	86.393	88.445	86.393	87.196	2728214.015
07/22/16	88.311	88.356	85.768	85.768	1112310.05
07/21/16	88.802	88.802	88.267	88.311	1265870.059
07/20/16	88.356	89.025	88.311	88.802	3192322.672
07/19/16	88.356	88.758	87.553	88.356	2084584.127
07/18/16	88.356	88.802	88.178	88.267	978806.4007
07/15/16	88.356	88.802	88.311	88.356	4851779.191
07/14/16	88.356	88.356	87.553	88.178	914805.3228
07/13/16	87.91	90.141	87.91	88.356	3580934.258
07/12/2016	88.178	88.178	87.597	87.821	1998084.071
07/11/2016	88.356	88.356	87.776	88.178	1425144.45
07/08/2016	87.865	88.758	87.642	88.356	678767.7341
07/07/2016	88.356	88.758	87.464	87.865	506865.6793
07/05/2016	88.847	88.892	88.445	88.49	796932.1892
07/04/2016	88.356	88.981	87.464	88.535	2128954.623
07/01/2016	87.196	88.892	87.196	88.356	1382600.316
06/30/16	87.24	89.159	86.839	86.839	2431660.001
06/29/16	86.571	87.24	86.571	87.24	1048084.878
06/28/16	87.419	87.419	85.946	86.571	1712521.839
06/27/16	85.768	87.954	81.261	87.419	12343434.77
06/24/16	87.017	87.017	85.679	86.616	1557169.082
06/23/16	86.794	86.839	86.125	86.839	1229813.429
06/22/16	87.017	87.017	86.794	86.794	1504036.535
06/21/16	86.66	87.017	86.571	86.75	968240.3964
06/20/16	86.75	86.883	86.571	86.66	888250.2537
06/17/16	86.571	87.017	86.526	86.75	1102707.647
06/16/16	86.214	86.66	86.125	86.571	1300705.379
06/15/16	85.545	86.482	85.545	86.214	741267.3861
06/14/16	85.679	86.482	84.875	86.482	636167.5769
06/13/16	84.786	87.017	84.206	87.017	2418371.262
06/10/2016	84.429	84.965	84.429	84.786	1692824.028
06/09/2016	85.857	85.857	84.384	84.429	808719.5025
06/08/2016	87.017	87.017	85.812	85.857	1709093.21
06/07/2016	86.036	87.464	85.902	87.196	1749598.094
06/06/2016	84.34	85.679	84.027	85.679	1881958.866
06/03/2016	83.894	84.429	83.715	83.894	2197191.066
06/02/2016	83.804	83.894	83.626	83.626	1405132.908
06/01/2016	83.001	84.34	83.001	83.447	1021888.359
05/31/16	84.518	84.697	82.332	82.332	13528911.32
05/30/16	84.786	84.786	84.34	84.697	888732.0546
05/27/16	83.894	84.831	83.001	84.786	690431.7961
05/26/16	83.894	84.34	83.18	84.34	769716.0445
05/25/16	82.198	83.894	82.198	83.894	1129105.851
05/24/16	81.662	82.019	81.216	81.573	1224782.532
05/23/16	82.287	82.555	81.707	82.198	737054.43
05/20/16	82.823	82.823	81.618	82.287	1674190.661
05/19/16	83.447	83.447	82.823	83.001	2949528.667
05/18/16	83.135	83.894	82.867	83.894	2984856.993
05/17/16	83.001	83.492	82.956	83.001	2493196.051
05/16/16	83.001	83.224	82.956	83.001	3117116.923
05/13/16	83.09	83.894	82.778	83.001	1922844.709
05/12/2016	84.518	84.563	83.001	83.001	753514.091
05/11/2016	83.001	84.786	81.216	84.518	1942889.864
05/10/2016	81.127	83.001	79.61	83.001	1868446.034
05/06/2016	80.591	81.216	80.011	81.172	1554087.798
05/05/2016	80.77	80.77	80.145	80.591	1362857.687
05/04/2016	81.172	81.172	80.458	80.77	2637971.599
05/03/2016	81.127	81.439	80.77	81.172	14952094.96
05/02/2016	80.324	81.172	78.896	81.172	791262.6259
04/29/16	80.948	81.038	80.502	80.77	2292800.519
04/28/16	81.038	81.216	80.815	80.948	1193543.911
04/27/16	80.19	81.038	79.253	81.038	745446.7282
04/26/16	81.216	81.216	79.342	80.19	1040510.521
04/25/16	80.324	81.216	80.234	81.216	644335.7817
04/22/16	80.234	80.77	79.833	80.324	3467733.472
04/21/16	79.297	80.145	78.985	80.145	918301.18
04/20/16	79.253	80.145	79.03	79.163	901281.2855
04/19/16	80.145	80.145	79.03	79.297	1223213.878
04/18/16	80.324	81.216	79.967	80.145	1629461.616
04/15/16	80.101	80.324	79.654	80.324	1610111.151
04/14/16	80.324	80.502	80.011	80.101	826209.9932
04/13/16	80.279	80.458	80.279	80.324	1389110.23
04/12/2016	80.145	80.368	80.145	80.279	884037.2976
04/11/2016	80.101	80.681	79.833	80.101	3474926.871
04/08/2016	80.636	80.636	79.431	80.101	1539151.972
04/07/2016	80.056	80.636	79.877	80.636	1335226.969
04/06/2016	80.502	80.502	79.253	80.056	1033843.742
04/05/2016	80.324	81.127	80.19	81.127	1150663.637
04/04/2016	79.61	80.324	79.431	80.324	679876.9965
04/01/2016	78.539	79.119	78.092	79.119	2819476.056
03/31/16	80.502	80.502	77.602	77.646	2212070.868
03/30/16	80.591	80.591	80.234	80.458	1257175.235
03/29/16	81.216	81.261	80.234	80.591	1252816.618
03/28/16	81.573	81.573	80.859	81.573	915208.6909
03/23/16	81.484	81.573	80.413	81.573	1811279.805
03/22/16	80.234	81.573	79.877	81.573	1183538.14
03/21/16	80.324	80.458	79.833	80.324	1978643.968
03/18/16	80.279	80.324	79.877	80.324	3577091.056
03/17/16	78.092	80.279	77.646	80.279	1587421.693
03/16/16	76.754	78.048	76.664	77.468	653187.4713
03/15/16	77.2	78.583	76.174	76.754	1535499.25
03/14/16	76.932	78.048	75.593	75.593	736225.2844
03/11/2016	76.62	76.932	76.04	76.932	1459117.011
03/10/2016	74.79	76.486	74.746	75.772	2914032.27
03/09/2016	74.746	74.969	74.389	74.79	1064992.726
03/08/2016	74.79	74.969	74.522	74.746	1247371.148
03/07/2016	74.924	74.924	74.701	74.835	1445794.658
03/04/2016	74.969	75.147	74.656	74.701	1332873.988
03/03/2016	74.166	75.37	74.166	74.969	1851829.507
03/02/2016	74.969	75.236	74.032	74.121	4185941.647
03/01/2016	74.746	75.415	74.746	74.924	904060.0438
02/29/16	75.236	76.04	74.612	74.746	2893191.583
02/26/16	75.861	75.861	74.79	75.147	3856289.036
02/24/16	77.646	77.735	74.969	76.084	4267657.309
02/23/16	77.959	78.539	77.959	78.36	1252547.706
02/22/16	80.591	80.591	77.825	78.182	1298139.51
02/19/16	80.859	80.859	80.636	80.681	1650817.718
02/18/16	80.279	80.904	80.279	80.859	2559460.472
02/17/16	80.324	80.413	80.056	80.279	1304346.897
02/16/16	80.145	80.324	80.101	80.324	1558860.988
02/15/16	80.324	80.324	79.654	80.011	2199656.093
02/12/2016	80.19	80.234	78.896	80.234	554149.3888
02/11/2016	78.896	80.324	78.896	80.324	474529.0003
02/10/2016	78.985	79.61	77.646	78.896	1665103.673
02/09/2016	80.324	80.413	79.431	80.279	318066.9814
02/05/2016	80.458	80.458	79.877	80.324	8391939.653
02/04/2016	79.877	80.77	78.985	80.324	2833212.982
02/03/2016	79.431	80.056	77.691	79.877	1719726.442
02/02/2016	78.316	79.699	78.316	79.699	2133951.906
02/01/2016	78.449	78.985	77.289	78.985	4122287.914
01/29/16	77.468	78.449	77.289	78.226	3370801.868
01/28/16	77.2	77.468	75.95	77.378	3820198.792
01/27/16	75.058	77.2	75.058	77.2	1355294.534
01/26/16	75.861	76.575	74.255	75.683	1385065.344
01/25/16	76.575	77.2	75.861	77.2	1758124.848
01/22/16	75.147	76.575	74.701	76.575	662083.9797
01/21/16	74.969	75.817	73.809	75.058	1804467.365
01/20/16	76.129	76.129	74.969	75.46	2752001.53
01/19/16	76.084	76.129	74.79	75.415	1114987.966
01/18/16	75.549	75.95	74.344	75.906	1694818.46
01/15/16	75.46	76.084	75.46	76.084	5298341.334
01/14/16	75.772	75.772	74.255	75.46	2992834.718
01/13/16	74.166	75.772	74.166	75.772	4856597.199
01/12/2016	72.514	74.79	72.47	74.166	2808080.906
01/11/2016	72.738	73.184	72.291	72.514	3848512.995
01/08/2016	72.693	73.184	72.291	73.184	1131985.451
01/07/2016	73.63	73.63	72.648	72.916	9094001.898
01/06/2016	74.076	74.969	73.184	73.184	1098875.65
01/05/2016	74.522	74.522	73.898	74.121	493924.2849
01/04/2016	74.701	74.746	74.076	74.255	430864.3993
12/29/15	74.835	75.326	74.166	74.835	315277.0185
12/28/15	74.076	76.129	74.076	74.835	556569.5976
12/23/15	76.531	76.531	75.861	76.218	955511.8907
12/22/15	74.121	76.531	74.121	76.531	975232.1108
12/21/15	74.076	75.103	73.898	74.522	1855213.318
12/18/15	74.433	74.746	73.987	74.032	1464080.68
12/17/15	74.076	75.103	74.076	74.969	1029160.19
12/16/15	74.21	74.21	73.496	74.076	2655394.861
12/15/15	73.362	74.166	73.184	73.184	1256603.796
12/14/15	73.184	74.076	72.738	74.076	3074348.696
12/11/2015	73.675	74.255	73.184	73.496	1172501.54
12/10/2015	73.987	74.389	73.541	73.853	2337462.336
12/09/2015	72.827	74.076	72.827	73.898	914435.5687
12/08/2015	73.139	73.273	72.693	72.827	2204518.92
12/07/2015	73.898	74.924	72.916	73.139	2275556.531
12/04/2015	74.969	74.969	73.809	73.942	2955635.212
12/03/2015	75.415	75.415	74.969	75.192	1382566.702
12/02/2015	74.969	75.415	74.567	75.415	2472411.387
12/01/2015	74.255	74.969	73.942	74.969	3812568.412
11/27/15	76.664	76.664	74.433	74.522	5403799.692
11/26/15	76.754	77.111	74.299	76.664	1290800.451
11/25/15	77.2	77.378	76.397	76.754	9834585.799
11/24/15	76.352	76.977	76.352	76.754	880720.7151
11/23/15	77.423	77.423	76.664	76.798	1105620.861
11/20/15	75.861	77.423	75.861	77.423	1703905.447
11/17/15	74.701	76.174	74.522	75.861	3705126.826
11/16/15	74.166	75.861	73.184	74.344	1778819.874
11/13/15	74.166	75.549	74.121	75.058	1989445.27
11/12/2015	75.326	76.307	75.326	76.218	2033345.169
11/11/2015	75.504	75.638	74.969	75.281	2177336.39
11/10/2015	75.861	76.04	75.192	75.504	956049.7149
11/09/2015	75.772	76.307	75.772	75.861	1450242.912
11/06/2015	75.236	75.772	74.746	75.683	2167140.14
11/05/2015	73.898	75.236	73.898	75.236	13268660.44
11/04/2015	74.924	74.924	73.452	73.898	2747205.931
11/03/2015	75.504	75.861	73.63	74.522	1916951.052
11/02/2015	76.575	76.575	75.147	75.504	1341591.222
10/30/15	76.04	76.084	74.969	75.504	1327899.115
10/29/15	77.2	77.2	75.37	76.04	1823358.439
10/28/15	76.397	77.245	76.174	76.843	1828490.179
10/27/15	76.129	76.397	75.772	76.397	2369574.922
10/26/15	75.772	76.486	75.772	76.084	4095620.798
10/23/15	73.853	75.772	73.809	75.236	2465330.036
10/22/15	74.076	74.076	73.719	73.853	477901.6061
10/21/15	73.987	74.879	73.987	74.032	1218563.94
10/20/15	73.898	74.433	73.63	73.987	2335053.332
10/19/15	74.21	74.255	73.719	73.898	1885208.221
10/16/15	74.879	75.103	73.452	73.987	3362129.453
10/15/15	72.961	74.522	72.336	74.076	1750494.467
10/14/15	73.719	73.719	71.934	71.934	940620.8836
10/13/15	75.415	75.727	73.719	73.719	1673395.13
10/12/2015	75.415	75.415	74.79	74.969	1333658.315
10/09/2015	74.924	74.924	74.076	74.522	1245309.488
10/08/2015	74.969	75.37	74.255	74.612	1767928.935
10/07/2015	73.63	74.746	73.452	74.701	2292755.701
10/06/2015	74.166	74.969	74.166	74.701	2325148.403
10/05/2015	71.399	73.452	71.399	73.005	2495179.278
10/02/2015	72.827	72.871	71.443	71.667	1601864.513
10/01/2015	73.139	73.139	71.577	71.577	942234.3562
09/30/15	71.488	74.076	71.488	71.667	4036292.067
09/29/15	71.89	73.63	71.399	73.184	1179706.143
09/28/15	73.987	74.433	71.443	71.443	1451867.589
09/24/15	74.076	74.076	73.184	73.63	3334991.741
09/23/15	74.522	74.522	73.942	74.076	2479414.306
09/22/15	74.746	75.415	74.166	74.478	1360930.483
09/21/15	75.103	75.236	74.121	74.478	2041580.602
09/18/15	74.299	75.415	74.299	75.103	3505470.803
09/17/15	74.969	75.504	74.076	74.121	2874009.187
09/16/15	75.504	75.995	74.121	74.21	2277237.232
09/15/15	75.861	75.861	74.879	75.236	1252704.571
09/14/15	74.567	76.307	74.567	75.861	1057687.281
09/11/2015	76.307	76.307	74.433	74.522	1139358.124
09/10/2015	76.754	76.754	74.076	75.147	1216233.369
09/09/2015	76.174	76.709	75.415	76.709	1298800.585
09/08/2015	75.95	75.95	74.969	74.969	1011815.36
09/07/2015	76.709	76.709	75.683	75.95	2459066.625
09/04/2015	76.754	76.754	76.307	76.62	1038785.002
09/03/2015	76.754	76.754	75.46	75.861	1418869.834
09/02/2015	75.415	75.415	74.389	75.415	1806618.662
09/01/2015	75.861	77.2	75.37	75.415	4941999.198
08/28/15	76.397	77.423	75.058	75.504	3675535.291
08/27/15	76.04	77.423	75.817	76.307	4816092.315
08/26/15	76.174	76.263	75.593	75.95	3661518.249
08/25/15	75.861	76.307	74.79	76.174	1839683.644
08/24/15	79.877	79.877	75.861	76.174	2933461.169
08/20/15	81.841	81.841	80.056	80.279	2728662.202
08/19/15	81.216	81.439	80.324	81.439	1063087.932
08/18/15	81.216	81.216	79.61	81.216	1122797.621
08/17/15	83.001	83.313	81.305	81.305	731295.2294
08/14/15	82.644	83.001	80.904	83.001	1006358.685
08/13/15	82.421	82.555	80.324	82.555	859443.0459
08/12/2015	82.287	82.778	81.796	81.796	954805.9965
08/11/2015	82.823	83.001	82.019	82.466	1264122.13
08/10/2015	82.555	83.358	82.466	82.823	890928.17
08/07/2015	82.956	83.18	81.484	82.198	1501705.963
08/06/2015	85.634	85.679	82.555	82.956	1407071.316
08/05/2015	86.125	86.125	84.786	85.634	994705.8281
08/04/2015	85.411	85.411	84.786	85.322	2558283.982
08/03/2015	85.857	85.857	84.875	85.366	908541.912
07/31/15	85.946	86.036	84.786	84.786	1894608.939
07/30/15	85.679	86.036	85.679	85.946	1244054.565
07/29/15	83.983	85.902	83.983	85.679	1218944.899
07/28/15	83.894	84.786	83.447	83.983	919107.9163
07/27/15	85.322	85.589	83.849	83.894	731003.908
07/24/15	85.902	86.214	85.277	86.169	2282044.036
07/23/15	84.34	85.902	83.894	85.902	853358.9098
07/22/15	83.894	84.34	83.67	84.34	965898.6203
07/21/15	85.545	85.545	83.18	84.34	918715.7528
07/20/15	85.679	86.125	85.188	85.545	819935.3777
07/16/15	84.429	84.786	84.429	84.786	1166148.491
07/15/15	84.34	84.786	83.715	84.384	1042090.38
07/14/15	84.34	84.786	84.251	84.34	461083.3957
07/13/15	83.894	83.894	82.198	83.894	729278.3887
07/10/2015	81.752	84.34	80.77	84.34	1087659.775
07/09/2015	81.93	82.555	79.431	81.752	3350129.251
07/08/2015	81.662	82.109	80.324	82.109	3411295.547
07/07/2015	82.956	83.983	82.109	82.109	701894.174
07/06/2015	84.117	84.117	82.956	82.956	704829.7977
07/03/2015	83.894	84.518	83.849	84.117	1623926.509
07/02/2015	84.429	84.608	83.894	83.894	1664633.077
07/01/2015	84.161	84.429	83.894	84.161	1203011.857
06/30/15	83.715	84.563	83.715	84.34	2494943.98
06/29/15	85.679	85.679	83.715	84.608	1861980.939
06/26/15	86.125	87.419	85.5	85.679	635999.5068
06/25/15	87.196	87.196	85.723	85.723	1515857.462
06/24/15	86.794	87.419	86.66	87.196	1009753.701
06/23/15	87.464	87.464	86.794	86.794	1384101.742
06/22/15	88.133	88.356	86.928	87.285	1812187.383
06/19/15	88.356	88.802	88.133	88.133	2554743.306
06/18/15	87.731	88.311	87.731	88.044	1887281.085
06/17/15	87.464	87.999	87.107	87.731	1743289.864
06/16/15	87.91	88.356	87.464	87.865	1884009.321
06/15/15	87.464	87.464	86.348	87.196	1040488.112
06/11/2015	86.125	87.374	86.125	86.348	1837241.026
06/10/2015	86.125	86.571	85.232	86.08	1167896.42
06/09/2015	87.464	87.91	85.857	86.08	1305142.429
06/08/2015	88.356	88.356	87.91	87.91	291388.661
06/05/2015	88.222	89.695	87.464	88.356	1440506.053
06/04/2015	90.141	90.141	87.91	88.222	960072.1916
06/03/2015	88.892	90.498	87.954	90.498	1412673.652
06/02/2015	88.535	90.23	88.535	89.248	1821935.446
06/01/2015	87.464	91.212	86.75	91.212	1874339.69
05/29/15	87.91	89.427	87.464	87.464	4900060.116
05/28/15	89.248	89.516	87.374	88.356	1696790.482
05/27/15	90.141	90.141	89.159	89.248	1528776.447
05/26/15	89.248	90.498	89.159	90.141	1115066.399
05/25/15	91.123	91.123	90.141	90.498	502988.8633
05/22/15	90.766	91.123	90.141	90.587	414707.2645
05/21/15	90.052	90.766	89.873	90.766	2598419.112
05/20/15	89.962	89.962	89.695	89.962	1675949.794
05/19/15	89.204	90.141	89.204	89.962	2255601.013
05/18/15	89.248	89.248	89.159	89.204	6348936.058
05/15/15	90.141	90.141	89.159	89.248	4652515.331
05/14/15	89.516	90.052	89.338	89.605	9880457.72
05/13/15	90.23	90.409	89.427	89.427	490372.4043
05/12/2015	90.587	90.676	89.248	90.23	6295265.687
05/11/2015	90.319	91.033	90.319	90.587	707384.4625
05/08/2015	90.141	91.033	89.605	90.141	2228205.594
05/07/2015	89.248	89.873	89.248	89.784	12960397.55
05/06/2015	91.747	91.747	89.695	91.033	4419805.529
05/05/2015	91.837	92.551	91.39	91.837	635428.0686
05/04/2015	90.409	91.926	88.892	91.926	8482507.005
04/30/15	92.818	92.818	89.695	90.409	4896687.51
04/29/15	91.837	92.818	91.837	92.818	714555.4517
04/28/15	93.711	93.711	91.033	91.837	1953332.617
04/27/15	92.908	93.532	91.926	92.64	1710101.63
04/24/15	94.603	94.603	92.818	93.532	1224121.457
04/23/15	91.926	93.711	91.926	92.818	2109099.947
04/22/15	94.603	94.603	91.658	92.283	1885757.249
04/21/15	95.407	95.407	93.711	93.889	954514.675
04/20/15	94.425	95.496	93.265	95.496	2642812.016
04/17/15	94.693	94.693	93.979	94.603	1336795.623
04/16/15	92.997	94.603	92.818	94.603	3056275.562
04/15/15	94.068	94.068	92.461	92.997	1623130.978
04/14/15	93.711	94.068	92.818	94.068	1049048.48
04/13/15	94.603	94.603	92.104	93.711	797828.5628
04/10/2015	91.033	94.603	91.033	94.603	4018924.828
04/08/2015	91.033	91.48	89.204	91.48	1095435.816
04/07/2015	91.48	91.926	90.141	91.033	1339417.516
04/06/2015	91.48	91.926	90.498	91.301	943892.6474
04/01/2015	89.784	91.39	89.695	91.39	963422.3881
03/31/15	90.319	90.855	89.338	89.695	1768063.391
03/30/15	90.587	92.818	90.409	90.766	2334762.01
03/27/15	90.141	90.409	89.248	90.409	951511.8234
03/26/15	90.766	90.766	89.427	90.141	3237029.307
03/25/15	90.587	91.033	90.141	90.766	2610542.565
03/24/15	91.033	91.033	89.784	90.587	924542.1815
03/23/15	89.784	91.033	89.338	90.23	384297.7887
03/20/15	90.141	90.141	89.248	89.695	2135554.174
03/19/15	90.141	91.39	89.248	90.141	739474.6389
03/18/15	89.962	90.587	89.159	89.695	1487431.213
03/17/15	88.802	90.141	88.49	90.141	1551936.501
03/16/15	89.115	89.115	88.356	88.802	1753172.383
03/13/15	89.516	89.516	89.159	89.248	1349826.655
03/12/2015	88.624	90.23	88.624	89.695	1625775.28
03/11/2015	88.802	88.802	87.374	88.624	745390.7049
03/10/2015	89.695	90.141	89.516	90.052	4535975.553
03/09/2015	89.07	89.695	87.865	89.695	3462769.803
03/06/2015	88.847	89.248	88.802	89.248	4298514.971
03/05/2015	88.981	88.981	88.713	88.847	4847330.937
03/04/2015	88.311	88.892	87.642	88.892	1114158.82
03/03/2015	88.311	88.356	87.642	88.311	1487733.739
03/02/2015	86.08	88.311	86.08	88.311	1243001.326
02/27/15	87.017	87.464	84.34	86.08	1961937.804
02/26/15	87.374	87.374	86.036	86.571	2509319.572
02/25/15	88.535	88.535	87.196	87.419	752416.0333
02/24/15	88.356	88.356	87.419	88.133	435514.3376
02/23/15	88.356	88.668	88.178	88.445	1566973.169
02/20/15	88.356	88.356	88.044	88.178	584065.859
02/18/15	88.624	88.624	87.107	88.311	527739.9805
02/17/15	88.49	88.802	88.401	88.624	1294464.378
02/16/15	87.91	88.624	87.508	88.401	663450.9495
02/13/15	88.356	88.356	87.508	88.133	868742.9224
02/12/2015	87.642	88.356	87.017	88.356	2162064.424
02/11/2015	87.062	87.464	86.839	87.464	4384846.957
02/10/2015	88.356	88.356	87.017	87.062	2782758.351
02/09/2015	87.642	88.892	87.285	87.464	2831151.323
02/06/2015	87.464	87.687	87.464	87.597	1055625.622
02/05/2015	87.642	87.687	87.374	87.597	1543219.268
02/04/2015	87.553	88.267	87.553	87.642	1178552.062
02/03/2015	88.356	88.356	86.66	87.419	2189202.136
02/02/2015	88.356	88.445	86.571	87.374	991097.9242
01/30/15	87.419	88.356	87.419	88.356	2308363.807
01/29/15	86.393	87.642	86.348	87.017	1360874.46
01/28/15	86.571	86.928	85.768	86.928	3017182.467
01/27/15	87.017	87.151	84.786	86.75	1155436.826
01/26/15	84.786	87.017	83.894	87.017	1733855.532
01/23/15	83.983	84.786	83.983	84.786	2630475.674
01/22/15	83.983	83.983	83.001	83.67	917303.9643
01/21/15	84.429	84.474	82.287	82.733	1400763.087
01/20/15	83.983	83.983	82.287	82.332	644358.191
01/19/15	83.894	84.697	83.894	83.894	1144579.501
01/14/15	82.823	84.518	82.823	83.447	2461890.202
01/13/15	83.001	83.894	83.001	83.626	2494182.062
01/12/2015	83.894	83.894	82.555	83.001	1190272.147
01/09/2015	83.894	84.741	82.376	82.823	1671221.423
01/08/2015	83.447	83.447	82.287	82.287	2798713.802
01/07/2015	84.161	84.251	83.447	83.447	1017339.263
01/06/2015	84.786	84.786	83.894	84.161	722365.107
01/05/2015	85.322	85.322	84.697	84.786	2503470.734
