DMC 1216

12/27/19	6.87	6.93	6.61	6.61	19598000
12/26/19	6.4	6.85	6.3	6.68	17809400
12/23/19	6.38	6.51	6.34	6.4	16924600
12/20/19	6.4	6.4	6.11	6.38	19116000
12/19/19	5.95	6.47	5.95	6.47	30015600
12/18/19	5.6	5.93	5.41	5.93	21017801
12/17/19	5.55	5.55	5.1	5.41	13574700
12/16/19	5.72	5.83	5.44	5.55	18917100
12/13/19	5.23	5.79	5.23	5.55	33278801
12/12/2019	5.19	5.44	5.05	5.05	31347199
12/11/2019	5.97	6.18	4.95	5.11	66135203
12/10/2019	5.95	6.03	5.79	5.9	14215600
12/09/2019	6	6.15	5.94	5.96	18796301
12/06/2019	6.14	6.27	6.05	6.05	20122100
12/05/2019	6.25	6.3	6.12	6.13	20816100
12/04/2019	6.51	6.51	6.1	6.25	24786900
12/03/2019	6.5	6.64	6.41	6.5	22768100
12/02/2019	6.5	6.52	6.24	6.4	27189699
11/29/19	6.83	6.83	6.5	6.5	31555100
11/28/19	6.88	6.92	6.71	6.85	39619602
11/27/19	6.75	6.96	6.74	6.8	89833102
11/26/19	6.56	6.85	6.45	6.56	348635812
11/25/19	6.55	6.56	6.25	6.55	64404500
11/22/19	6.71	6.72	6.55	6.55	35104801
11/21/19	6.97	7.05	6.67	6.7	38521301
11/20/19	7.59	7.59	6.96	6.98	48091500
11/19/19	7.48	7.62	7.45	7.62	22551199
11/18/19	7.62	7.68	7.5	7.51	12376700
11/15/19	7.62	7.68	7.44	7.59	21202801
11/14/19	7.88	7.89	7.59	7.68	25368301
11/13/19	8.06	8.07	7.87	7.9	17789100
11/12/2019	7.95	8.09	7.82	8.06	12753600
11/11/2019	7.63	7.99	7.63	7.9	19867301
11/08/2019	8.05	8.05	7.43	7.63	72220898
11/07/2019	8.35	8.35	8.05	8.05	11780600
11/06/2019	8.35	8.41	8.26	8.3	15518300
11/05/2019	8.25	8.34	8.22	8.32	20325199
11/04/2019	8.17	8.34	8.1	8.21	15508100
10/31/19	8.29	8.37	8.04	8.21	12139100
10/30/19	8.18	8.27	8.17	8.27	10678100
10/29/19	8.18	8.24	8.12	8.14	14472300
10/28/19	8.23	8.28	8.01	8.18	11449600
10/25/19	8.65	8.66	8.15	8.2	25171400
10/24/19	8.9	8.99	8.63	8.66	11970300
10/23/19	8.98	8.99	8.86	8.89	3990400
10/22/19	8.96	9.01	8.94	9	4991600
10/21/19	9.08	9.08	8.83	8.96	7834100
10/18/19	8.8	9.1	8.71	9.1	26798301
10/17/19	8.88	8.9	8.68	8.78	6187300
10/16/19	8.7	8.9	8.59	8.85	10958000
10/15/19	8.82	8.83	8.58	8.75	6546300
10/14/19	9.01	9.03	8.79	8.82	8239800
10/11/2019	8.75	9.02	8.72	9	15633500
10/10/2019	8.76	8.78	8.58	8.66	8358800
10/09/2019	8.71	8.8	8.53	8.6	5785300
10/08/2019	8.63	8.82	8.59	8.71	6719600
10/07/2019	8.46	8.64	8.4	8.63	3572200
10/04/2019	8.4	8.45	8.32	8.44	5487700
10/03/2019	8.34	8.49	8.26	8.41	4645900
10/02/2019	8.17	8.53	8.17	8.45	9066500
10/01/2019	8.36	8.4	8.15	8.24	16409699
09/30/19	8.5	8.5	8.31	8.31	6247600
09/27/19	8.69	8.69	8.41	8.5	9568200
09/26/19	8.7	8.75	8.61	8.65	4882300
09/25/19	8.7	8.74	8.5	8.69	5751100
09/24/19	8.79	8.85	8.69	8.7	6597800
09/23/19	8.86	8.86	8.8	8.8	4734300
09/20/19	8.92	8.98	8.84	8.84	7344100
09/19/19	8.93	9	8.88	8.92	4733400
09/18/19	9.06	9.06	8.92	8.99	4086000
09/17/19	9.12	9.12	9.05	9.1	6450600
09/16/19	9.2	9.2	9.05	9.12	5950300
09/13/19	9.17	9.25	9.13	9.19	10289300
09/12/2019	9.19	9.22	9.13	9.15	6526500
09/11/2019	9.1	9.2	9.06	9.12	8449600
09/10/2019	8.83	9.1	8.83	9.05	8011800
09/09/2019	8.83	8.96	8.82	8.85	3519600
09/06/2019	8.91	8.91	8.8	8.82	5438800
09/05/2019	8.9	9	8.9	8.9	3740400
09/04/2019	8.95	8.95	8.88	8.89	9246100
09/03/2019	9.1	9.24	8.8	8.8	9383500
09/02/2019	9.25	9.29	9.1	9.1	4818000
08/30/19	9.1	9.21	8.98	9.05	9591900
08/29/19	8.94	9.1	8.85	9.1	5478400
08/28/19	8.8	9.12	8.8	8.9	13397600
08/27/19	9.22	9.24	8.88	8.88	15826300
08/23/19	9.06	9.22	9.01	9.22	3960200
08/22/19	9.3	9.31	9.01	9.13	6983400
08/20/19	9.46	9.47	9.18	9.24	2763600
08/19/19	9.29	9.45	9.29	9.45	5270000
08/16/19	8.81	9.28	8.79	9.25	8829700
08/15/19	9.03	9.03	8.75	8.8	6294800
08/14/19	9.16	9.25	9.08	9.08	5933000
08/13/19	9.65	9.65	9.06	9.14	6010600
08/09/2019	9.8	9.86	9.67	9.67	7007300
08/08/2019	9.93	9.93	9.79	9.79	3284300
08/07/2019	9.84	9.97	9.83	9.87	3608900
08/06/2019	10.02	10.08	9.8	9.84	7318700
08/05/2019	10.3	10.32	10.04	10.1	3390600
08/02/2019	10.22	10.3	10.08	10.3	4015200
08/01/2019	10.3	10.3	10.06	10.2	1386400
07/31/19	10.28	10.28	10.14	10.14	9035600
07/30/19	10.48	10.48	10.24	10.3	12786100
07/29/19	10.38	10.52	10.2	10.48	2081400
07/26/19	10.48	10.48	10.34	10.38	2465500
07/25/19	10.48	10.6	10.38	10.48	1769600
07/24/19	10.64	10.7	10.38	10.38	3406300
07/23/19	10.7	10.72	10.62	10.64	4487500
07/22/19	10.42	10.68	10.4	10.68	8504200
07/19/19	10.6	10.64	10.52	10.56	5744500
07/18/19	10.5	10.58	10.46	10.5	1017100
07/17/19	10.7	10.7	10.48	10.5	5745000
07/16/19	10.44	10.74	10.3	10.5	11381900
07/15/19	10.12	10.4	10.12	10.4	4314100
07/12/2019	10.16	10.4	10.1	10.1	2552600
07/11/2019	10.16	10.16	10.02	10.1	2095400
07/10/2019	10.12	10.12	10.02	10.02	3826400
07/09/2019	10.24	10.24	10.1	10.12	3101000
07/08/2019	10.24	10.3	10.22	10.24	2099800
07/05/2019	10.3	10.38	10.22	10.22	4303600
07/04/2019	10.48	10.48	10.22	10.22	2110400
07/03/2019	10.54	10.56	10.3	10.3	1951500
07/02/2019	10.3	10.52	10.3	10.5	4217400
07/01/2019	10.32	10.4	10.24	10.3	1196800
06/28/19	10.38	10.4	10.22	10.3	3163900
06/27/19	10.46	10.52	10.26	10.46	3328600
06/26/19	10.46	10.56	10.4	10.46	2825300
06/25/19	10.5	10.52	10.44	10.5	7839600
06/24/19	10.56	10.56	10.42	10.44	3649000
06/21/19	10.46	10.54	10.36	10.54	9540600
06/20/19	10.44	10.5	10.3	10.48	4814600
06/19/19	10.16	10.48	10.12	10.48	2681200
06/18/19	10.16	10.2	10.1	10.12	4895700
06/17/19	10.14	10.2	10.08	10.16	1678800
06/14/19	10.04	10.22	9.95	10.22	5004400
06/13/19	10.24	10.24	9.9	10	11316600
06/11/2019	10.44	10.56	10.24	10.24	3019000
06/10/2019	10.44	10.6	10.4	10.44	2503000
06/07/2019	10.38	10.46	10.36	10.44	494700
06/06/2019	10.48	10.48	10.26	10.38	2907400
06/04/2019	10.62	10.62	10.2	10.24	2961300
06/03/2019	10.58	10.72	10.58	10.62	3993700
05/31/19	10.4	10.6	10.4	10.58	3833100
05/30/19	10.52	10.6	10.3	10.4	5722300
05/29/19	10.46	10.54	10.3	10.4	2316400
05/28/19	10.14	10.46	10.14	10.46	16745301
05/27/19	10.04	10.3	10.04	10.16	2552000
05/24/19	10.32	10.32	10.06	10.12	2308900
05/23/19	10.48	10.48	10.22	10.46	4474300
05/22/19	10.68	10.68	10.44	10.58	4045600
05/21/19	10.5	10.66	10.28	10.6	8544900
05/20/19	9.84	10.42	9.82	10.42	10226600
05/17/19	9.71	9.86	9.71	9.76	5960300
05/16/19	9.83	9.85	9.71	9.71	7983200
05/15/19	10.2	10.48	9.78	9.86	12943700
05/14/19	10.3	10.32	10.02	10.18	5899900
05/10/2019	10.52	10.6	10.32	10.38	3440800
05/09/2019	10.82	11	10.5	10.52	6369600
05/08/2019	11.38	11.38	10.8	10.8	4704600
05/07/2019	11.24	11.38	11.24	11.34	1157800
05/06/2019	11.3	11.52	11.22	11.28	1348200
05/03/2019	11.4	11.46	11.28	11.28	3270900
05/02/2019	11.22	11.48	11.22	11.4	1584300
04/30/19	11.74	11.74	11.16	11.16	4066500
04/29/19	11.38	11.8	11.38	11.8	2431100
04/26/19	11.44	11.48	11.3	11.38	2265300
04/25/19	11.78	11.78	11.4	11.52	3846300
04/24/19	11.76	11.86	11.56	11.72	6491800
04/23/19	12.14	12.14	11.98	12	2030200
04/22/19	12	12.16	11.98	12.06	4855000
04/17/19	11.94	12	11.8	12	3280800
04/16/19	11.9	12.04	11.9	11.92	2707500
04/15/19	12.1	12.32	11.9	11.9	2033200
04/12/2019	12.16	12.42	12.08	12.08	5635300
04/11/2019	12.16	12.28	12.1	12.16	7071700
04/10/2019	11.82	12.1	11.82	12.1	5065400
04/08/2019	11.76	12.02	11.74	11.84	4459500
04/05/2019	11.92	11.94	11.7	11.74	4625200
04/04/2019	11.8	11.9	11.78	11.9	3589600
04/03/2019	11.76	11.92	11.76	11.8	5463700
04/02/2019	11.96	12	11.72	11.72	2638800
04/01/2019	12.02	12.06	11.88	11.88	2806900
03/29/19	12	12.14	11.96	12	7075500
03/28/19	12	12.2	11.98	11.98	2981400
03/27/19	12.4	12.4	12.02	12.02	646400
03/26/19	12.48	12.5	12.26	12.26	2274100
03/25/19	12.2	12.5	12.2	12.5	3387700
03/22/19	12.34	12.54	12.2	12.4	9043100
03/21/19	12.12	12.4	12.12	12.34	3212700
03/20/19	11.92	12.26	11.92	12.12	1731600
03/19/19	12.3	12.3	11.9	11.9	7903600
03/18/19	12.22	12.38	12.04	12.3	2896200
03/15/19	11.88	12.4	11.7	12.4	6084800
03/14/19	11.22	11.9	11.22	11.9	4441700
03/13/19	11.2	11.24	11.12	11.2	5897600
03/12/2019	11.16	11.38	11.16	11.2	4949200
03/11/2019	11.66	11.68	11.16	11.16	2781600
03/08/2019	11.68	11.7	11.46	11.56	1516600
03/07/2019	11.32	11.64	11.32	11.6	2865800
03/06/2019	11.18	11.44	11.18	11.32	1990900
03/05/2019	11.3	11.34	11.18	11.2	6602200
03/04/2019	11.22	11.5	11.18	11.32	4852000
03/01/2019	11.56	11.6	11.08	11.18	6137700
02/28/19	12.04	12.06	11.4	11.4	13125900
02/27/19	12.4	12.4	12.06	12.1	4799500
02/26/19	12.18	12.4	12.1	12.32	4914500
02/22/19	12.46	12.46	12.2	12.28	3984200
02/21/19	12.7	12.78	12.46	12.46	3454100
02/20/19	12.32	12.72	12.32	12.68	7383500
02/19/19	12.4	12.46	12.38	12.46	563000
02/18/19	12.42	12.5	12.28	12.28	1274500
02/15/19	12.6	12.72	12.48	12.5	2369100
02/14/19	12.44	12.64	12.14	12.6	1912600
02/13/19	12.12	12.22	12.1	12.12	4433400
02/12/2019	12.26	12.38	12.04	12.12	4302300
02/11/2019	12.4	12.46	12.26	12.3	5534100
02/08/2019	12.6	12.68	12.4	12.42	1865200
02/07/2019	12.66	12.72	12.58	12.6	2076000
02/06/2019	12.6	12.9	12.6	12.7	5651900
02/04/2019	12.78	12.78	12.48	12.58	1189900
02/01/2019	12.46	12.76	12.46	12.76	4474900
01/31/19	12.38	12.58	12.38	12.58	5326300
01/30/19	12.5	12.6	12.32	12.6	4398700
01/29/19	12.26	12.5	12.24	12.5	2296200
01/28/19	12.04	12.4	12.04	12.24	3895500
01/25/19	12	12.12	12	12	2095900
01/24/19	12.2	12.3	11.92	12	4343500
01/23/19	11.92	12.18	11.84	12.18	3132900
01/22/19	12.3	12.38	11.98	12	5721700
01/21/19	12.12	12.4	12.1	12.26	5511000
01/18/19	12.48	12.5	12.12	12.12	5045500
01/17/19	12.4	12.54	12.14	12.5	6447300
01/16/19	12.54	12.58	12.2	12.4	5566500
01/15/19	12.7	12.88	12.6	12.6	3171500
01/14/19	12.8	12.86	12.68	12.8	3430900
01/11/2019	12.82	12.86	12.62	12.8	2476100
01/10/2019	12.8	12.84	12.66	12.82	4843800
01/09/2019	12.62	12.86	12.52	12.66	3730900
01/08/2019	12.64	12.68	12.5	12.5	4704300
01/07/2019	12.78	12.92	12.6	12.6	5163300
01/04/2019	13	13	12.78	12.78	3132000
01/03/2019	12.62	13	12.62	13	4356300
01/02/2019	12.78	12.8	12.56	12.8	2259600
12/28/18	12.56	12.78	12.5	12.78	1706300
12/27/18	12.5	12.56	12.44	12.5	3870300
12/26/18	12.5	12.5	12.34	12.5	1769800
12/21/18	12.9	12.9	12.54	12.7	5085900
12/20/18	12.8	12.9	12.46	12.9	3427100
12/19/18	12.18	12.9	12.1	12.9	4903500
12/18/18	12.08	12.18	11.98	12.08	2028600
12/17/18	12.46	12.58	12	12	5493900
12/14/18	12.86	12.9	12.4	12.4	4493400
12/13/18	12.86	12.9	12.78	12.88	8020400
12/12/2018	12.5	12.86	12.44	12.78	4113000
12/11/2018	12.8	12.8	12.42	12.6	3779700
12/10/2018	12.6	12.78	12.56	12.7	2614000
12/07/2018	12.58	12.7	12.56	12.58	4857500
12/06/2018	12.92	12.92	12.46	12.58	4158400
12/05/2018	12.82	12.92	12.72	12.92	4048800
12/04/2018	13	13	12.56	12.9	5437300
12/03/2018	12.7	13	12.5	13	8326600
11/29/18	12.8	12.96	12.34	12.34	16741000
11/28/18	13.8	13.8	12.8	12.9	9474200
11/27/18	13.38	13.86	13.16	13.86	3880100
11/26/18	13.06	13.5	13.06	13.38	3790800
11/23/18	12.98	13.08	12.9	13.08	3677300
11/22/18	12.78	12.96	12.6	12.9	2888200
11/21/18	12.6	12.8	12.22	12.8	4560300
11/20/18	13.06	13.08	12.6	12.6	3727600
11/19/18	12.86	13.1	12.8	13.1	3580900
11/16/18	12.7	12.88	12.66	12.7	3544200
11/15/18	12.74	12.74	12.42	12.42	3378800
11/14/18	12.24	12.74	12.24	12.58	2166900
11/13/18	12.44	12.5	12.18	12.24	2670100
11/12/2018	12.5	12.6	12.4	12.46	1884300
11/09/2018	12.64	12.8	12.46	12.5	6984000
11/08/2018	12.8	12.8	12.5	12.64	10101900
11/07/2018	13	13	12.6	12.9	4688400
11/06/2018	12.8	13.04	12.8	13.04	6144200
11/05/2018	12.88	12.9	12.6	12.8	4480500
10/31/18	12	12.9	12	12.84	9680900
10/30/18	12.56	12.56	11.9	11.9	2983400
10/29/18	12	12.7	11.96	12.4	7000400
10/26/18	12.08	12.1	11.94	11.98	2335000
10/25/18	12.1	12.18	12	12.08	2911000
10/24/18	12.2	12.44	12.16	12.16	5498000
10/23/18	12.2	12.44	12.02	12.2	2134800
10/22/18	12.34	12.6	12.1	12.1	1019100
10/19/18	12.44	12.84	12.14	12.34	8899300
10/18/18	12.08	12.5	12	12.5	1647300
10/17/18	12	12.28	11.8	12	2234700
10/16/18	12	12.02	11.68	12	2948600
10/15/18	12.06	12.06	11.84	11.84	4576300
10/12/2018	12.08	12.08	11.82	12	2450400
10/11/2018	12.04	12.18	11.62	12.18	3954100
10/10/2018	12.2	12.2	11.82	12.06	3274300
10/09/2018	11.78	12.2	11.76	12.2	2524800
10/08/2018	11.8	12.16	11.8	12.04	976700
10/05/2018	11.7	11.98	11.58	11.72	2697400
10/04/2018	12.02	12.08	11.7	11.8	4765900
10/03/2018	11.84	12.12	11.48	12.12	1110700
10/02/2018	11.7	11.8	11.22	11.8	8208800
10/01/2018	11.3	11.8	11.22	11.8	3144000
09/28/18	11.4	11.54	11.38	11.38	5366800
09/27/18	11.82	11.98	11.2	11.4	5939600
09/26/18	11.98	12	11.8	11.98	1563100
09/25/18	11.9	12.14	11.9	11.94	804000
09/24/18	12.14	12.2	11.88	11.88	1122400
09/21/18	12	12.42	11.88	12.14	5287900
09/20/18	12.18	12.18	11.92	11.92	1449400
09/19/18	12.6	12.6	12	12.18	2392900
09/18/18	11.96	12.66	11.96	12.66	6272800
09/17/18	12.3	12.3	12.06	12.2	1419900
09/14/18	12.3	12.38	12.2	12.38	3190400
09/13/18	11.9	12.3	11.9	12.3	994100
09/12/2018	12.22	12.34	11.8	12.18	3604800
09/11/2018	12.68	12.68	12.18	12.2	1779700
09/10/2018	12.6	12.68	12.16	12.68	2367400
09/07/2018	12.04	12.6	12.04	12.6	1982100
09/06/2018	12.82	12.82	12.02	12.16	2443900
09/05/2018	12.94	12.94	12.5	12.88	2417300
09/04/2018	12.74	12.96	12.74	12.96	2680900
09/03/2018	12.76	12.78	12.5	12.72	2655200
08/31/18	12.2	12.8	11.92	12.8	8870100
08/30/18	12	12.32	12	12.2	4322000
08/29/18	12.04	12.04	11.5	11.9	7112900
08/28/18	12.04	12.1	11.72	12	5581700
08/24/18	12	12.04	11.7	12.02	5339200
08/23/18	11.6	12.06	11.58	12	2024900
08/22/18	11	11.6	11	11.6	2859300
08/20/18	11.48	11.48	10.98	10.98	3633700
08/17/18	11.7	11.8	11.34	11.38	3339100
08/16/18	11.56	11.7	11.26	11.7	3126500
08/15/18	11.5	11.72	11.5	11.7	1272900
08/14/18	11.92	11.92	11.36	11.5	8900600
08/13/18	12.22	12.34	11.92	11.92	884900
08/10/2018	12.34	12.4	12.1	12.38	2150100
08/09/2018	12.18	12.4	11.98	12.4	1571800
08/08/2018	11.82	12.18	11.8	12.18	979600
08/07/2018	12.32	12.32	11.82	11.82	1413600
08/06/2018	12.4	12.4	12.1	12.2	3001000
08/03/2018	12.1	12.4	12.1	12.4	3821300
08/02/2018	12.34	12.34	11.98	12.1	3011300
08/01/2018	11.8	12.34	11.78	12.34	4993500
07/31/18	11.72	11.8	11.62	11.8	11012300
07/30/18	11.64	11.72	11.52	11.72	4717400
07/27/18	11.28	11.7	11.22	11.7	1992300
07/26/18	11.32	11.48	11.26	11.32	3467600
07/25/18	11.38	11.48	11.28	11.32	6371100
07/24/18	11.02	11.34	11.02	11.26	3595100
07/23/18	11	11.2	10.98	11.02	841900
07/20/18	11.16	11.16	11	11	1727500
07/19/18	11	11.16	10.92	11.16	1980300
07/18/18	11	11.18	10.98	11	1795600
07/17/18	10.9	10.98	10.8	10.98	3172300
07/16/18	11.18	11.18	10.94	11	2213900
07/13/18	10.98	11.2	10.98	11	5679400
07/12/2018	11	11	10.78	11	1452500
07/11/2018	10.92	11.28	10.84	11	2809900
07/10/2018	10.74	11	10.74	10.9	2941900
07/09/2018	11	11.02	10.7	10.78	2076600
07/06/2018	11	11.28	10.64	11.02	3668100
07/05/2018	11.1	11.12	11.02	11.06	2386200
07/04/2018	10.78	11.4	10.78	11.3	5952500
07/03/2018	10.64	10.92	10.64	10.92	4287600
07/02/2018	10.56	10.94	10.54	10.9	4441100
06/29/18	10.42	10.96	10.42	10.5	8008400
06/28/18	10.84	10.84	10.4	10.54	5145500
06/27/18	10.26	10.9	10.06	10.9	8688000
06/26/18	10	10.4	9.9	10.2	10606500
06/25/18	10.2	10.28	9.87	9.87	4429200
06/22/18	10.08	10.2	9.82	10	12272200
06/21/18	10.2	10.2	9.82	9.99	10578300
06/20/18	10.24	10.38	10.18	10.2	5960400
06/19/18	10.46	10.46	10.16	10.24	7600900
06/18/18	10.56	10.58	10.2	10.4	6981300
06/14/18	10.7	10.9	10.4	10.74	24212699
06/13/18	11.2	11.2	10.62	10.7	11510400
06/11/2018	11.28	11.6	11.14	11.26	2302300
06/08/2018	11.42	11.42	11.12	11.12	5933800
06/07/2018	10.84	11.46	10.8	11.38	32254500
06/06/2018	10.96	10.96	10.8	10.84	5999800
06/05/2018	10.82	10.96	10.7	10.96	9590700
06/04/2018	10.8	10.92	10.7	10.92	2597700
06/01/2018	10.74	10.94	10.5	10.9	4688400
05/31/18	10.6	10.8	10.16	10.8	18838199
05/30/18	10.78	10.78	10.34	10.6	3642000
05/29/18	10.9	10.9	10.7	10.8	7242400
05/28/18	10.82	10.88	10.7	10.84	5071700
05/25/18	10.66	10.86	10.44	10.78	13945700
05/24/18	10.24	10.74	10.1	10.66	6596100
05/23/18	10.2	10.3	10	10.28	3732700
05/22/18	10.32	10.32	10.14	10.16	3497500
05/21/18	10.28	10.44	10.18	10.18	2196600
05/18/18	10.42	10.44	10.2	10.2	3360100
05/17/18	10.9	10.9	10.24	10.24	3851000
05/16/18	11.1	11.1	10.6	10.8	9238200
05/15/18	10.86	11.06	10.8	10.98	7838700
05/11/2018	10.5	10.8	10.44	10.7	9180000
05/10/2018	10.2	10.6	10.2	10.38	5818000
05/09/2018	10.5	10.5	10.14	10.14	7729800
05/08/2018	10.46	10.64	10.3	10.46	14548700
05/07/2018	10.98	11.26	10.26	10.3	6479100
05/04/2018	10.5	11	10.42	10.8	22506500
05/03/2018	10.88	10.9	10.4	10.4	12183000
05/02/2018	11.1	11.2	10.7	10.7	10815400
04/30/18	11.6	11.6	11.04	11.04	9517700
04/27/18	11.5	11.54	11.42	11.5	5666500
04/26/18	12	12	11.42	11.42	8234500
04/25/18	12.2	12.3	12.02	12.08	3333900
04/24/18	12.38	12.38	12.04	12.2	2376700
04/23/18	12.2	12.38	12.02	12.38	2177200
04/20/18	12	12.18	12	12.1	3676000
04/19/18	12	12.22	11.48	12	10020700
04/18/18	12.1	12.3	12.1	12.24	3330000
04/17/18	12.16	12.3	12.08	12.1	5994300
04/16/18	12.38	12.38	12.14	12.14	4538500
04/13/18	12.74	12.74	12.36	12.36	2422200
04/12/2018	12.4	12.8	12.3	12.8	3163900
04/11/2018	12.32	12.4	12.3	12.36	7353100
04/10/2018	12.6	12.62	12.02	12.2	7147500
04/06/2018	12.5	12.68	12.46	12.46	2448700
04/05/2018	12.5	12.74	12.32	12.64	6511900
04/04/2018	12.5	12.62	12.38	12.4	1158600
04/03/2018	12.6	12.72	12.2	12.5	3156400
04/02/2018	12.3	12.68	12.18	12.68	2617500
03/28/18	12.32	12.5	12.14	12.16	7112400
03/27/18	12.4	12.48	12.24	12.26	5855800
03/26/18	12.8	12.8	12.12	12.3	6893400
03/23/18	13	13.06	12.6	12.98	2728200
03/22/18	12.78	13.3	12.64	13.3	3215900
03/21/18	13	13	12.6	12.6	5355900
03/20/18	13.4	13.4	13	13	5335100
03/19/18	13.5	13.68	13.42	13.66	2100600
03/16/18	13.58	13.68	13.38	13.68	7571200
03/15/18	13.5	13.58	13.4	13.5	3382000
03/14/18	13.5	13.6	13.44	13.6	3507900
03/13/18	13.5	13.5	13.42	13.48	10606500
03/12/2018	13.32	13.48	13.3	13.38	2969600
03/09/2018	13.3	13.32	13.12	13.22	8389700
03/08/2018	13.08	13.28	13.06	13.28	3692500
03/07/2018	13.36	13.36	13	13.1	4336500
03/06/2018	13.4	13.4	13.1	13.2	2703700
03/05/2018	13.4	13.48	13.1	13.2	5571000
03/02/2018	13.72	13.72	13.22	13.24	5461100
03/01/2018	13.92	13.98	13.7	13.72	2433600
02/28/18	13.98	13.98	13.9	13.92	5299900
02/27/18	13.6	14.06	13.5	14.04	4642800
02/26/18	13.6	13.6	13.5	13.54	3994500
02/23/18	13.72	13.74	13.52	13.6	3591300
02/22/18	13.9	13.9	13.54	13.72	2146100
02/21/18	13.74	14	13.66	13.82	3858300
02/20/18	13.9	13.92	13.62	13.74	3123000
02/19/18	14	14.06	13.9	13.92	2120200
02/15/18	13.96	13.96	13.7	13.8	1848100
02/14/18	13.52	14	13.52	14	1227100
02/13/18	13.58	13.74	13.5	13.7	5007600
02/12/2018	13.74	13.8	13.36	13.4	6702200
02/09/2018	14.2	14.2	13.72	13.8	11555100
02/08/2018	14.32	14.32	14	14.2	5049000
02/07/2018	14	14.3	13.98	14.3	3107600
02/06/2018	13.8	13.98	13.36	13.78	7115600
02/05/2018	14.14	14.14	13.82	13.84	7163500
02/02/2018	14.56	14.56	14.32	14.56	2126000
02/01/2018	14.56	14.56	14.38	14.46	6256400
01/31/18	14.3	14.54	14.16	14.4	11161400
01/30/18	14.46	14.5	14.16	14.3	5313900
01/29/18	14.48	14.48	14.22	14.46	7819200
01/26/18	14.58	14.62	14.5	14.5	8071100
01/25/18	14.54	14.84	14.54	14.66	4110000
01/24/18	14.84	14.84	14.52	14.52	4574600
01/23/18	15	15.06	14.8	14.84	3258700
01/22/18	14.64	15	14.6	14.9	3445100
01/19/18	14.94	14.94	14.58	14.64	4668100
01/18/18	14.7	15	14.7	14.8	3824700
01/17/18	14.82	14.94	14.74	14.9	9166700
01/16/18	15.06	15.06	14.82	14.82	4505000
01/15/18	14.6	15.06	14.6	14.94	963200
01/12/2018	14.5	14.64	14.38	14.6	11186100
01/11/2018	14.98	15	14.32	14.64	9749600
01/10/2018	15	15.18	14.9	14.98	5858300
01/09/2018	14.6	14.94	14.5	14.9	9301600
01/08/2018	14.88	14.94	14.5	14.5	5851500
01/05/2018	14.44	15	14.4	14.72	9569000
01/04/2018	14.16	14.44	14.16	14.44	6671200
01/03/2018	14.6	14.64	14.04	14.14	6155400
12/29/17	14.6	14.8	14.36	14.4	4419700
12/28/17	14.4	14.6	14.34	14.5	4536400
12/27/17	14.3	14.34	14.22	14.34	1823800
12/22/17	14.1	14.28	14.1	14.28	1054200
12/21/17	14.2	14.2	14.02	14.1	1560000
12/20/17	14.2	14.24	14.1	14.16	3892700
12/19/17	14.1	14.3	14.04	14.2	6902200
12/18/17	13.9	14.2	13.86	14.1	2180700
12/15/17	14.28	14.36	13.86	13.86	15753700
12/14/17	14.3	14.4	14.18	14.24	11396800
12/13/17	14.22	14.3	14.2	14.24	4467400
12/12/2017	14.68	14.68	14.14	14.22	7478300
12/11/2017	14.58	14.7	14.4	14.7	4436600
12/08/2017	14.48	14.48	14.26	14.32	6102900
12/07/2017	14.06	14.38	14.02	14.26	5496100
12/06/2017	14.28	14.4	14.04	14.04	10317100
12/05/2017	14.2	14.58	14.2	14.4	5066500
12/04/2017	14.5	14.88	14.22	14.22	3508000
12/01/2017	14.98	14.98	14.46	14.5	9362500
11/29/17	14.4	15.04	14.1	15.04	12428900
11/28/17	15.1	15.1	14.42	14.42	6480600
11/27/17	15	15.1	14.62	15.1	982600
11/24/17	14.7	15	14.46	15	4079500
11/23/17	14.5	14.6	14.5	14.54	4634600
11/22/17	14.64	14.94	14.48	14.48	3546100
11/21/17	14.7	14.7	14.56	14.62	7089200
11/20/17	14.6	14.7	14.48	14.58	6715500
11/17/17	14.6	14.68	14.48	14.5	5364200
11/16/17	14.6	14.8	14.5	14.6	7079800
11/15/17	15.1	15.2	14.42	14.42	9501200
11/14/17	15.24	15.28	15.04	15.1	5702000
11/13/17	15.6	15.6	15.1	15.1	6141000
11/10/2017	15.5	15.8	15.26	15.5	7521700
11/09/2017	15.5	15.56	15.22	15.5	8223700
11/08/2017	15.7	15.8	15.36	15.48	4890800
11/07/2017	15.8	15.8	15.62	15.7	9364800
11/06/2017	15.54	15.8	15.48	15.8	3734900
11/03/2017	15.8	15.94	15.6	15.6	3424800
11/02/2017	15.62	15.9	15.44	15.7	6931200
10/30/17	15.5	15.9	15.34	15.34	4113600
10/27/17	15.3	15.9	15.3	15.68	7446000
10/26/17	15.52	15.66	15.24	15.24	3160100
10/25/17	15.6	15.62	15.52	15.52	8384400
10/24/17	15.52	15.66	15.52	15.56	6831900
10/23/17	15.6	15.74	15.52	15.6	2895900
10/20/17	15.8	15.8	15.54	15.6	6849800
10/19/17	15.84	15.86	15.6	15.8	3487500
10/18/17	16.2	16.2	15.52	15.84	2826100
10/17/17	16.26	16.4	16	16	4517600
10/13/17	16.28	16.28	15.9	16	4032700
10/12/2017	16.46	16.48	16.2	16.28	5679800
10/11/2017	16	16.4	15.98	16.3	18839900
10/10/2017	15.92	15.98	15.7	15.7	4916200
10/09/2017	15.82	15.9	15.76	15.76	2151100
10/06/2017	15.92	15.98	15.7	15.8	4122500
10/05/2017	15.76	15.88	15.7	15.8	12020800
10/04/2017	15.76	15.76	15.68	15.7	15087800
10/03/2017	15.68	15.76	15.6	15.66	6443700
10/02/2017	15.56	15.8	15.56	15.68	9229700
09/29/17	15.68	15.8	15.58	15.6	8171500
09/28/17	15.76	15.76	15.66	15.7	10369100
09/27/17	15.7	15.84	15.68	15.72	13637500
09/26/17	15.78	15.78	15.64	15.7	13057600
09/25/17	15.9	15.9	15.76	15.8	6255100
09/22/17	15.88	16.1	15.86	15.9	5116200
09/21/17	15.9	15.9	15.82	15.88	7438400
09/20/17	15.82	16.04	15.8	15.9	5527500
09/19/17	16.26	16.26	15.82	15.92	5359600
09/18/17	16.5	16.5	15.96	16.04	9460900
09/15/17	16.66	16.7	16.46	16.52	10917200
09/14/17	16.4	16.7	16.3	16.6	11319900
09/13/17	16.1	16.38	16	16.28	14089700
09/11/2017	15.78	16.08	15.78	16	7849600
09/08/2017	15.6	15.78	15.56	15.76	9638500
09/07/2017	15.6	15.6	15.36	15.6	6778800
09/06/2017	15.32	15.6	15.3	15.6	6045100
09/05/2017	15.44	15.56	15.22	15.4	5862800
09/04/2017	15.7	15.7	15.42	15.44	4342800
08/31/17	15.3	15.7	15.3	15.7	7911300
08/30/17	15.32	15.48	15.32	15.36	4097000
08/29/17	15.8	15.8	15.3	15.5	6175000
08/25/17	15.9	15.9	15.64	15.66	6207900
08/24/17	15.72	15.98	15.7	15.8	6332600
08/23/17	15.76	15.8	15.5	15.72	9353400
08/22/17	15.78	15.82	15.6	15.74	7087500
08/18/17	15.8	15.8	15.3	15.6	11735400
08/17/17	15.88	15.88	15.7	15.7	6220600
08/16/17	15.96	15.98	15.7	15.9	9101200
08/15/17	15.88	15.94	15.82	15.9	2978400
08/14/17	15.88	15.9	15.82	15.86	6436800
08/11/2017	15.88	15.88	15.4	15.68	2934500
08/10/2017	15.58	15.8	15.52	15.8	4876300
08/09/2017	15.8	15.8	15.52	15.58	4829900
08/08/2017	15.8	15.8	15.5	15.76	5807200
08/07/2017	15.66	15.9	15.64	15.66	3372000
08/04/2017	15.6	15.98	15.6	15.66	2113800
08/03/2017	15.5	15.8	15.5	15.6	4931600
08/02/2017	16	16.28	15.5	15.5	3573500
08/01/2017	16.3	16.3	15.92	16	12532200
07/31/17	16.1	16.38	16.04	16.1	24120801
07/28/17	15.96	16.1	15.9	16.02	17846000
07/27/17	15.78	15.98	15.78	15.84	12543800
07/26/17	15.7	16	15.7	15.78	8430700
07/25/17	15.84	15.94	15.58	15.6	13598900
07/24/17	15.68	15.98	15.58	15.9	9358400
07/21/17	15.46	15.68	15.2	15.6	8428700
07/20/17	15.76	15.76	15.32	15.46	9584800
07/19/17	15.3	15.78	15.3	15.72	20430400
07/18/17	15.3	15.3	15.16	15.24	5800300
07/17/17	15.12	15.4	15.12	15.2	6352500
07/14/17	15.2	15.38	14.88	15.1	6883000
07/13/17	15	15.4	15	15.1	22271801
07/12/2017	14.6	14.94	14.6	14.94	15043200
07/11/2017	14.52	14.74	14.5	14.56	14315200
07/10/2017	14.7	14.7	14.52	14.52	10048400
07/07/2017	14.8	14.82	14.7	14.7	6894300
07/06/2017	14.56	14.82	14.52	14.74	6123000
07/05/2017	14.5	14.54	14.42	14.5	12356500
07/04/2017	14.34	14.54	14.28	14.5	12848700
07/03/2017	14.2	14.4	14.2	14.3	17171801
06/30/17	14.4	14.4	14.04	14.1	19168801
06/29/17	14.6	14.6	14.2	14.34	15501000
06/28/17	14.64	14.66	14.5	14.6	9138600
06/27/17	14.72	14.76	14.5	14.6	10336900
06/23/17	14.7	14.76	14.56	14.64	9592100
06/22/17	14.52	14.7	14.5	14.56	8657900
06/21/17	14.62	14.62	14.38	14.52	10603600
06/20/17	14.64	14.82	14.5	14.52	6558700
06/19/17	14.46	14.8	14.44	14.64	7928400
06/16/17	14.54	14.7	14.4	14.42	10218300
06/15/17	14.9	15.1	14.4	14.54	13822700
06/14/17	14.62	15.04	14.6	14.9	12344500
06/13/17	14.74	15.2	14.36	14.5	18789900
06/09/2017	14.2	14.9	14.2	14.5	19590900
06/08/2017	14.68	14.8	14.1	14.2	11819800
06/07/2017	14.16	14.72	14.16	14.6	19804801
06/06/2017	14	14.3	14	14.1	13772500
06/05/2017	13.7	14.06	13.66	13.92	14385500
06/02/2017	13.38	13.9	13.38	13.66	12243400
06/01/2017	13.44	13.44	13.38	13.42	12879400
05/31/17	13.34	13.46	13.32	13.44	22405100
05/30/17	13.42	13.46	13.34	13.36	5625600
05/29/17	13.38	13.5	13.38	13.42	3981100
05/26/17	13.44	13.48	13.4	13.4	11060600
05/25/17	13.5	13.5	13.36	13.42	13462100
05/24/17	13.5	13.68	13.44	13.5	8061100
05/23/17	13.4	13.56	13.36	13.52	9662400
05/22/17	13.24	13.36	13.22	13.36	4585200
05/19/17	13.22	13.28	13.22	13.24	7620700
05/18/17	13.32	13.32	13.1	13.24	7068200
05/17/17	13.28	13.4	13.24	13.32	3746300
05/16/17	13.28	13.28	13.08	13.18	12909800
05/15/17	13.16	13.28	13.12	13.16	10495500
05/12/2017	13.2	13.28	13.08	13.12	16616000
05/11/2017	13.16	13.28	13.14	13.16	11661800
05/10/2017	13.26	13.46	13.04	13.18	23087100
05/09/2017	13.3	13.3	13.1	13.18	5606900
05/08/2017	13.2	13.38	13.1	13.26	7442300
05/05/2017	13.2	13.26	13.1	13.24	12289400
05/04/2017	12.96	13.34	12.96	13.1	13012800
05/03/2017	12.96	13.08	12.96	12.96	9357800
05/02/2017	12.96	13.02	12.84	13	6620200
04/27/17	13.04	13.06	12.78	12.86	9565900
04/26/17	13.12	13.22	12.78	13	20789301
04/25/17	12.72	13.12	12.72	13	31019199
04/24/17	12.78	12.8	12.44	12.6	4495600
04/21/17	12.24	12.78	12.22	12.78	13882600
04/20/17	11.9	12.26	11.9	12.26	8292300
04/19/17	11.88	11.9	11.8	11.88	8908900
04/18/17	11.94	11.96	11.8	11.8	12098400
04/17/17	12.18	12.32	12.16	12.2	14692400
04/12/2017	12.1	12.18	12.08	12.16	13917700
04/11/2017	12.1	12.34	11.98	12.02	16771000
04/10/2017	12.06	12.22	12.06	12.1	15415100
04/07/2017	11.92	12.22	11.88	12	26463500
04/06/2017	11.84	12.08	11.84	12	21951301
04/05/2017	11.84	11.88	11.6	11.7	32755801
04/04/2017	11.5	11.86	11.5	11.8	15530100
04/03/2017	11.56	11.56	11.4	11.5	12079100
03/31/17	11.76	11.76	11.26	11.4	15237100
03/30/17	11.84	11.86	11.6	11.6	14349600
03/29/17	11.68	11.86	11.68	11.74	34205199
03/28/17	11.6	11.64	11.56	11.62	15635800
03/27/17	11.5	11.6	11.5	11.5	12650300
03/24/17	11.64	11.64	11.5	11.5	39686398
03/23/17	11.58	11.78	11.52	11.62	21413801
03/22/17	11.74	11.74	11.44	11.56	15441400
03/21/17	11.8	11.96	11.74	11.76	14881900
03/20/17	11.86	12.02	11.84	11.86	10560000
03/17/17	12.24	12.24	11.8	11.86	29720699
03/16/17	12.28	12.28	12	12.04	13285000
03/15/17	12.36	12.4	12.18	12.26	5156500
03/14/17	12.5	12.52	12.28	12.36	9919300
03/13/17	12.46	12.58	12.44	12.52	1657500
03/10/2017	12.38	12.54	12.34	12.46	6672100
03/09/2017	12.4	12.42	12.24	12.36	5961900
03/08/2017	12.76	12.78	12.36	12.4	6492000
03/07/2017	12.8	13	12.66	12.68	6997000
03/06/2017	13.06	13.1	12.78	12.8	8321100
03/03/2017	13.06	13.06	12.9	13.06	2602200
03/02/2017	12.84	13.12	12.72	13.06	3271100
03/01/2017	12.72	12.92	12.72	12.86	2661000
02/28/17	13.1	13.1	12.68	12.68	5824100
02/27/17	13.06	13.2	13	13.1	3903800
02/24/17	13.18	13.26	12.96	13	14990200
02/23/17	13.16	13.32	13.12	13.18	13830800
02/22/17	13.16	13.24	13.14	13.16	3172200
02/21/17	13.2	13.22	13.08	13.16	5298800
02/20/17	13.04	13.32	13	13.2	16329800
02/17/17	13.1	13.1	12.92	13	8163400
02/16/17	13	13.24	13	13.04	10769800
02/15/17	13.08	13.1	12.94	13.1	2341400
02/14/17	12.94	13.1	12.94	13.04	2946000
02/13/17	13.12	13.18	12.86	13.04	5535500
02/10/2017	13.18	13.18	12.9	13	7744100
02/09/2017	13.18	13.18	12.98	13.1	4857500
02/08/2017	12.98	13.18	12.96	12.98	9823500
02/07/2017	13.08	13.26	12.92	12.98	7541900
02/06/2017	13.04	13.12	13.04	13.1	6502300
02/03/2017	13	13.08	12.82	12.96	3630600
02/02/2017	13.12	13.12	12.78	13	4690200
02/01/2017	12.9	13.08	12.82	13.08	4094100
01/31/17	13.04	13.04	12.92	12.92	4294600
01/30/17	13	13.1	12.96	13	1497500
01/27/17	12.9	13.06	12.9	13	3920700
01/26/17	12.86	13.14	12.82	13	9545300
01/25/17	13.16	13.16	12.86	12.86	9119900
01/24/17	13.02	13.16	13.02	13.1	11458400
01/23/17	13.04	13.26	12.96	13.1	7845400
01/20/17	13.14	13.18	12.96	13.06	8987600
01/19/17	13.18	13.24	12.94	13.1	9755700
01/18/17	12.9	13.18	12.74	13.16	5890900
01/17/17	13.08	13.2	12.78	12.9	6191200
01/16/17	13.1	13.16	13.02	13.08	3844700
01/13/17	13.4	13.4	13.06	13.08	7529600
01/12/2017	13.04	13.2	12.96	13.1	2300900
01/11/2017	13.1	13.2	13	13.04	7137300
01/10/2017	13.1	13.2	12.88	13	18204400
01/09/2017	13.12	13.12	13	13	6079800
01/06/2017	13.4	13.5	13.08	13.1	14624500
01/05/2017	13.5	13.5	13.4	13.46	14181800
01/04/2017	13.3	13.58	13.3	13.48	9498700
01/03/2017	13.26	13.26	13	13.26	1064100
12/29/16	12.74	13.28	12.74	13.26	5157500
12/28/16	12.68	13.1	12.68	13.1	2797400
12/27/16	12.3	12.68	12.28	12.68	2852200
12/23/16	12.48	12.6	12.08	12.6	8843600
12/22/16	12.84	13	12.5	12.5	12015700
12/21/16	13	13	12.84	12.84	5395800
12/20/16	13.2	13.2	12.86	12.86	7799600
12/19/16	12.94	13.4	12.9	13.2	8707400
12/16/16	13.5	13.6	12.9	12.9	8867900
12/15/16	13.46	13.54	13.3	13.48	6211300
12/14/16	13.66	13.66	13.44	13.46	10372100
12/13/16	13.48	13.52	13.4	13.48	4947800
12/12/2016	13.5	13.6	13.32	13.48	4773200
12/09/2016	13.6	13.68	13.42	13.5	5585600
12/08/2016	13.36	13.5	13.34	13.48	8658100
12/07/2016	13.06	13.3	13.06	13.22	10478500
12/06/2016	13.1	13.1	12.96	13.06	8604000
12/05/2016	13.4	13.4	13.1	13.14	5770300
12/02/2016	13.5	13.54	13.36	13.4	8534700
12/01/2016	13.8	13.8	13.48	13.5	13703100
11/29/16	13	13.7	13	13.5	21006500
11/28/16	12.74	13.2	12.7	13.16	8350300
11/25/16	12.98	13.26	12.74	12.74	7372300
11/24/16	13.18	13.38	13	13	3832600
11/23/16	13.44	13.44	13.02	13.2	4330100
11/22/16	13.5	14	13.4	13.44	16379300
11/21/16	13.4	13.9	13.34	13.5	9961900
11/18/16	13.08	13.7	12.88	13.4	15039000
11/17/16	12.94	13.2	12.94	13	4841300
11/16/16	13	13.3	12.88	12.92	6129800
11/15/16	12.02	13.22	12.02	13	18083900
11/14/16	12	12.5	11.94	12.22	7726700
11/11/2016	12.56	12.8	12.1	12.1	11277100
11/10/2016	12.8	13.16	12.7	12.8	9485200
11/09/2016	12.62	12.84	12.34	12.72	5288100
11/08/2016	12.3	12.84	12.3	12.6	10379500
11/07/2016	12.18	12.3	12	12.18	4704600
11/04/2016	12.16	12.28	11.84	12.24	4262600
11/03/2016	12.1	12.38	11.78	12.18	7197600
11/02/2016	12.24	12.6	12.1	12.1	9477400
10/28/16	12.32	12.5	12.22	12.5	3199400
10/27/16	12.64	12.7	12.3	12.3	16621900
10/26/16	13	13	12.64	12.76	14529800
10/25/16	13.2	13.3	13.06	13.06	4654500
10/24/16	13.2	13.26	13.1	13.16	3418100
10/21/16	13.56	13.6	13.12	13.34	6637900
10/20/16	13.8	13.82	13.48	13.56	7133400
10/19/16	13.2	13.8	13.2	13.8	11727600
10/18/16	12.96	13.4	12.94	13.2	12801900
10/17/16	12.68	13.2	12.54	12.96	12512700
10/14/16	12.5	12.92	12.5	12.68	5151700
10/13/16	12.4	12.52	12.32	12.5	5563400
10/12/2016	12.66	12.66	12.34	12.5	8675700
10/11/2016	12.7	12.96	12.7	12.76	6199500
10/10/2016	12.6	12.7	12.2	12.6	5432200
10/07/2016	12.62	12.9	12.54	12.7	6853800
10/06/2016	12.7	12.8	12.62	12.68	2831300
10/05/2016	12.82	12.82	12.64	12.82	2354300
10/04/2016	12.6	12.92	12.6	12.82	6905100
10/03/2016	12.08	12.72	12.08	12.6	12096000
09/30/16	12.16	12.52	12	12.06	4781000
09/29/16	11.88	12.3	11.88	12.16	18236801
09/28/16	11.96	11.96	11.8	11.8	5092000
09/27/16	11.94	11.96	11.64	11.96	6857400
09/26/16	12	12	11.72	11.86	1700300
09/23/16	11.8	12	11.8	11.94	9006000
09/22/16	12	12.06	11.94	12	12303400
09/21/16	11.88	11.98	11.86	11.98	9675600
09/20/16	11.6	12.06	11.6	11.88	9814000
09/19/16	11.38	11.64	11.38	11.56	2891900
09/16/16	11.96	11.96	11.36	11.36	8812200
09/15/16	11.6	12.18	11.52	12.18	4460300
09/14/16	11.66	11.66	11.54	11.6	6389400
09/13/16	11.62	11.74	11.56	11.66	3364600
09/09/2016	11.8	12	11.7	11.74	5783900
09/08/2016	11.56	12	11.5	11.9	8467700
09/07/2016	11.8	11.8	11.5	11.74	8231600
09/06/2016	11.8	11.96	11.6	11.7	4085600
09/05/2016	11.8	11.84	11.7	11.8	2035900
09/02/2016	11.9	11.9	11.7	11.8	7100900
09/01/2016	11.5	11.88	11.5	11.8	11740200
08/31/16	11.94	11.94	11.5	11.5	6660600
08/30/16	12.16	12.16	11.52	11.96	7668000
08/26/16	11.9	12.04	11.9	12	20641600
08/25/16	11.96	12	11.9	11.9	3251700
08/24/16	12.18	12.18	11.9	11.96	4527500
08/23/16	12.58	12.58	12.1	12.18	3655400
08/22/16	12.6	12.86	12.56	12.6	12336500
08/19/16	12.36	12.88	12.26	12.7	10612600
08/18/16	12.1	12.3	12.04	12.22	5293300
08/17/16	12.24	12.34	12.06	12.1	4098500
08/16/16	12.24	12.4	12.2	12.24	7798200
08/15/16	12.28	12.3	11.9	12.1	9431900
08/12/2016	12.72	12.8	12	12.28	12031200
08/11/2016	12.98	13	12.6	12.8	7507000
08/10/2016	12.98	13	12.8	12.98	6631800
08/09/2016	13	13	12.94	13	8170700
08/08/2016	13.02	13.02	12.9	13	6760400
08/05/2016	13	13.06	12.98	13	6094400
08/04/2016	12.7	13.04	12.68	13	10965200
08/03/2016	13	13	12.56	12.7	5651900
08/02/2016	13.08	13.08	12.9	13	8037700
08/01/2016	13.04	13.08	12.84	13.08	5931300
07/29/16	13.08	13.18	13	13.02	7931800
07/28/16	13	13.06	12.82	13	12143900
07/27/16	13.06	13.2	12.86	13	10221300
07/26/16	12.94	13.2	12.9	13.06	15172100
07/25/16	12.78	13	12.7	12.9	4930900
07/22/16	12.9	13.14	12.7	12.7	5281200
07/21/16	12.7	12.9	12.56	12.9	4318100
07/20/16	12.8	12.8	12.62	12.78	2593800
07/19/16	12.86	12.86	12.76	12.8	3942100
07/18/16	12.8	12.8	12.58	12.6	4810500
07/15/16	12.8	12.8	12.7	12.76	4904000
07/14/16	12.86	12.86	12.7	12.7	3449400
07/13/16	12.8	12.84	12.78	12.8	3715400
07/12/2016	12.72	12.78	12.7	12.78	2159000
07/11/2016	12.76	12.86	12.6	12.7	2311100
07/08/2016	12.68	12.7	12.42	12.5	3576200
07/07/2016	12.74	12.74	12.64	12.68	1776000
07/05/2016	12.9	12.96	12.64	12.74	3302200
07/04/2016	12.7	12.94	12.66	12.86	4307700
07/01/2016	12.8	12.84	12.66	12.7	1464100
06/30/16	12.82	13	12.44	12.6	8470200
06/29/16	12.6	12.86	12.6	12.8	4512300
06/28/16	12.7	12.7	12.46	12.6	4845300
06/27/16	12.42	12.7	12.38	12.7	3826800
06/24/16	12.94	13	12.38	12.42	7893000
06/23/16	12.9	12.9	12.64	12.78	5739000
06/22/16	12.9	13	12.4	12.9	10308800
06/21/16	12.9	12.94	12.86	12.9	4395600
06/20/16	12.92	12.92	12.72	12.84	3820100
06/17/16	12.92	13	12.86	12.92	5094100
06/16/16	12.96	12.96	12.7	12.78	2408500
06/15/16	12.7	12.9	12.7	12.78	2714100
06/14/16	12.98	12.98	12.7	12.7	1805800
06/13/16	12.82	13.2	12.66	13.2	2367700
06/10/2016	12.82	13	12.82	12.88	2465300
06/09/2016	13.22	13.22	12.74	12.74	3063000
06/08/2016	13.3	13.38	13.16	13.22	7979600
06/07/2016	12.82	13.34	12.8	13.14	10064800
06/06/2016	12.76	12.78	12.64	12.64	2016200
06/03/2016	12.7	12.8	12.7	12.76	1543200
06/02/2016	12.58	12.76	12.56	12.72	1821800
06/01/2016	12.7	12.82	12.64	12.74	982100
05/31/16	12.62	12.7	12.36	12.7	12941100
05/30/16	12.6	12.82	12.6	12.66	3773200
05/27/16	12.6	12.6	12.5	12.6	3375700
05/26/16	12.64	12.74	12.52	12.6	2863000
05/25/16	12.6	12.72	12.58	12.64	3387700
05/24/16	12.82	12.82	12.34	12.56	10976900
05/23/16	12.96	12.98	12.86	12.92	8371900
05/20/16	12.88	12.98	12.88	12.96	9606700
05/19/16	13.1	13.1	12.94	13	10162600
05/18/16	13	13.2	12.9	13.02	13012600
05/17/16	12.86	13	12.76	12.92	9296900
05/16/16	12.5	12.94	12.5	12.82	18102699
05/13/16	12.66	12.74	12.46	12.62	4215800
05/12/2016	12.66	12.66	12.48	12.6	5778300
05/11/2016	12.26	12.72	12.2	12.66	11848800
05/10/2016	11.74	12.2	11.66	12.2	4471900
05/06/2016	11.66	11.82	11.56	11.7	4251900
05/05/2016	11.8	11.92	11.62	11.74	3300000
05/04/2016	11.9	12	11.78	12	2300900
05/03/2016	12.16	12.16	11.8	11.9	4249700
05/02/2016	12.3	12.3	11.8	11.98	4381300
04/29/16	12.36	12.48	12.24	12.48	4063800
04/28/16	12.2	12.42	12.12	12.36	6337400
04/27/16	12.38	12.38	11.9	12.1	3564400
04/26/16	12.48	12.48	12.28	12.38	6577600
04/25/16	12.36	12.64	12.36	12.46	6105800
04/22/16	12.38	12.4	12.32	12.36	5887300
04/21/16	12.4	12.44	12.3	12.36	8186000
04/20/16	12.44	12.7	12.2	12.36	8375600
04/19/16	12.42	12.5	12.38	12.42	5160200
04/18/16	12.7	12.72	12.4	12.4	6909200
04/15/16	12.8	12.8	12.64	12.7	12489400
04/14/16	12.72	13.02	12.72	12.76	6858700
04/13/16	12.82	12.9	12.68	12.72	11554500
04/12/2016	12.9	12.94	12.74	12.82	9596600
04/11/2016	12.68	12.98	12.6	12.72	6328800
04/08/2016	12.76	12.78	12.6	12.7	7707800
04/07/2016	12.8	12.82	12.7	12.76	8836200
04/06/2016	12.8	12.82	12.52	12.6	3542600
04/05/2016	12.66	12.84	12.66	12.78	2230400
04/04/2016	13	13.28	12.52	12.64	4439200
04/01/2016	13.3	13.4	12.82	13	3742900
03/31/16	13.6	13.6	13.24	13.4	8119300
03/30/16	13.54	13.56	13.5	13.54	5519800
03/29/16	13.38	13.5	13.38	13.5	1393200
03/28/16	13.6	13.64	13.44	13.54	1829100
03/23/16	13.32	13.5	13.32	13.5	4080700
03/22/16	13.74	13.86	13.28	13.4	6335500
03/21/16	13.8	13.8	13.56	13.74	6977800
03/18/16	13.7	13.78	13.5	13.56	8188900
03/17/16	13.26	13.74	13.26	13.36	5603400
03/16/16	13.24	13.68	13.02	13.26	7042200
03/15/16	13.1	13.6	13.1	13.22	8916400
03/14/16	12.9	13.28	12.82	13.1	3854200
03/11/2016	12.3	12.9	12.3	12.9	7765500
03/10/2016	12.88	13	12.86	12.9	4713600
03/09/2016	12.98	13	12.86	12.88	3796900
03/08/2016	13.2	13.2	12.86	12.98	4850500
03/07/2016	13.3	13.3	12.96	13.14	3228500
03/04/2016	13.4	13.4	12.94	12.96	3594300
03/03/2016	13.06	13.5	13.06	13.2	4368200
03/02/2016	13.2	13.3	13	13.04	4996600
03/01/2016	12.7	13.08	12.68	12.94	5887200
02/29/16	12.3	12.8	12.3	12.8	10418400
02/26/16	12.5	12.6	12.14	12.3	8657800
02/24/16	12.5	12.5	12.3	12.48	1842000
02/23/16	12.5	12.58	12.4	12.58	4120900
02/22/16	12.3	12.46	12.2	12.46	2444700
02/19/16	12	12.4	11.98	12.3	5608000
02/18/16	11.9	12.26	11.9	12	11826500
02/17/16	11.84	11.94	11.84	11.9	3035500
02/16/16	11.8	11.9	11.6	11.84	4956600
02/15/16	11.8	11.9	11.76	11.8	3179100
02/12/2016	11.8	11.88	11.6	11.8	2377000
02/11/2016	11.9	11.94	11.66	11.9	2005900
02/10/2016	11.5	11.9	11.36	11.9	1250300
02/09/2016	11.86	11.86	11.42	11.6	4453600
02/05/2016	11.82	11.98	11.34	11.9	4423500
02/04/2016	11.18	11.8	11.18	11.8	4397100
02/03/2016	11.5	11.5	11.14	11.14	3201900
02/02/2016	11.26	11.66	11.26	11.52	15991300
02/01/2016	11.3	11.42	11	11.26	7371600
01/29/16	11.2	11.6	11.2	11.4	24370500
01/28/16	11.3	11.38	11.18	11.2	15946300
01/27/16	11.02	11.3	11	11.2	8068300
01/26/16	10.78	10.98	10.62	10.9	7234300
01/25/16	11	11.12	10.78	10.96	16454900
01/22/16	10.98	11.24	10.72	10.78	13804400
01/21/16	11.22	11.4	10.84	10.9	15364200
01/20/16	11.98	11.98	11.3	11.52	6011400
01/19/16	11.7	12.2	11.46	12	3120400
01/18/16	11.82	12	11.2	11.7	10171100
01/15/16	12.16	12.22	12	12.12	2882000
01/14/16	11.8	11.9	11.74	11.82	4801500
01/13/16	11.82	12.08	11.82	12.02	3559600
01/12/2016	11.72	12.2	11.72	11.74	3743500
01/11/2016	12.26	12.36	11.72	11.72	5497700
01/08/2016	12.7	12.82	12.4	12.58	5133100
01/07/2016	13.48	13.5	12.8	12.8	2339300
01/06/2016	13.3	13.64	13.3	13.48	7352700
01/05/2016	13.22	13.44	13.2	13.4	1925900
01/04/2016	13.5	13.9	13.22	13.24	2702200
12/29/15	13.62	13.86	13.6	13.8	1011000
12/28/15	13.36	14	13.36	14	998500
12/23/15	13.9	14	13.84	14	3313600
12/22/15	13.6	13.9	13.6	13.86	2567900
12/21/15	13.7	13.8	13.6	13.8	2760900
12/18/15	13.3	13.8	13.26	13.8	6256800
12/17/15	13	13.9	13	13.48	9632600
12/16/15	12.82	13.1	12.82	12.98	7037400
12/15/15	13.4	13.6	12.84	13	3095400
12/14/15	13.18	13.7	12.92	13.04	2728600
12/11/2015	13.54	13.54	13.3	13.3	3482300
12/10/2015	13.42	13.7	13.34	13.54	1698300
12/09/2015	13.5	13.78	13.44	13.54	1273600
12/08/2015	13.5	13.6	13.3	13.5	1268800
12/07/2015	13.64	13.76	13.46	13.5	2199200
12/04/2015	13.68	13.8	13.5	13.64	2304900
12/03/2015	13.84	13.92	13.58	13.68	1277200
12/02/2015	13.66	14.1	13.66	13.72	4473700
12/01/2015	13.48	13.96	13.38	13.66	6867200
11/27/15	13.84	13.84	13.48	13.48	12110400
11/26/15	13.94	14.06	13.62	13.84	13665400
11/25/15	13.76	13.98	13.64	13.9	13567000
11/24/15	13.3	13.7	13.2	13.6	12842700
11/23/15	13	13.24	13	13.2	3736800
11/20/15	12.9	13.1	12.88	13	22965199
11/17/15	13	13	12.74	12.88	1824900
11/16/15	12.86	13	12.74	12.98	2982100
11/13/15	12.88	13.18	12.84	13.18	1354300
11/12/2015	13.18	13.48	12.88	12.88	5352700
11/11/2015	13.18	13.18	12.82	13.18	3904400
11/10/2015	12.84	13.5	12.8	13.3	6413700
11/09/2015	12.62	13.2	12.62	13.12	1300900
11/06/2015	12.78	13.2	12.4	13.1	7669800
11/05/2015	12.9	13	12.46	12.5	2623600
11/04/2015	12.72	13.08	12.7	12.9	4616500
11/03/2015	12.62	12.9	12.62	12.72	3139000
11/02/2015	12.6	12.88	12.52	12.62	5922800
10/30/15	12.34	12.44	12.34	12.4	6406700
10/29/15	12.8	12.8	12.38	12.38	4899800
10/28/15	12.9	12.9	12.68	12.8	3188200
10/27/15	12.9	13	12.76	12.9	7385000
10/26/15	12.96	13	12.8	12.86	5229700
10/23/15	12.5	12.9	12.5	12.6	5265300
10/22/15	12.48	12.56	12.34	12.5	1940100
10/21/15	12.56	12.6	12.4	12.48	7537700
10/20/15	12.5	12.6	12.44	12.52	6626900
10/19/15	12.72	12.78	12.46	12.5	2280200
10/16/15	12.96	12.96	12.44	12.5	9986100
10/15/15	12.94	12.94	12.72	12.76	6815800
10/14/15	12.76	12.9	12.76	12.82	2213300
10/13/15	12.86	12.98	12.74	12.8	5817400
10/12/2015	12.6	12.92	12.6	12.84	5297400
10/09/2015	12.6	12.62	12.5	12.6	9373500
10/08/2015	12.62	12.8	12.46	12.5	4139000
10/07/2015	12.46	12.62	12.46	12.48	6999800
10/06/2015	12.5	13.2	12.48	12.64	6569400
10/05/2015	12.38	12.8	12.1	12.34	6056000
10/02/2015	12.3	12.74	12.24	12.42	3736100
10/01/2015	12.8	12.9	12.3	12.3	8629800
09/30/15	12.32	12.8	12.08	12.8	6065800
09/29/15	11.8	12.26	11.74	12.26	3900500
09/28/15	12.3	12.32	11.8	11.8	2526800
09/24/15	12.6	12.6	12.14	12.4	4103900
09/23/15	13	13	12.56	12.6	4844700
09/22/15	13	13.16	12.94	13	4969300
09/21/15	13.02	13.48	13	13.16	10900000
09/18/15	13	13.48	12.9	12.9	10525800
09/17/15	12.9	13.08	12.62	12.9	4527000
09/16/15	13.08	13.1	12.7	13	5122000
09/15/15	12.8	13.3	12.8	13.1	11617400
09/14/15	12.18	12.88	12.18	12.6	10641000
09/11/2015	11.78	12.3	11.6	12.16	7096200
09/10/2015	11.54	11.68	11.32	11.68	2750100
09/09/2015	11.5	11.6	11.48	11.56	3964000
09/08/2015	11.2	11.42	11.2	11.42	1986800
09/07/2015	11.7	11.7	11.2	11.2	4445300
09/04/2015	11.3	11.9	11.22	11.72	5594600
09/03/2015	11.12	11.38	11.12	11.3	3341000
09/02/2015	11.18	11.18	10.84	11.1	9144500
09/01/2015	10.9	11.28	10.88	11.2	4531400
08/28/15	11	11.38	11	11.38	7985300
08/27/15	11.38	11.38	10.86	10.92	12526600
08/26/15	10.9	11.1	10.66	10.84	10371400
08/25/15	10.6	10.9	10.4	10.7	6635800
08/24/15	11.3	11.4	10.6	10.9	14463900
08/20/15	11.98	11.98	11.5	11.6	7006100
08/19/15	11.8	12.1	11.78	11.88	9564500
08/18/15	11.82	12.08	11.78	11.94	6102300
08/17/15	12	12.1	11.82	11.82	3304600
08/14/15	12.66	12.7	12	12	10503000
08/13/15	12.96	13.12	12.14	12.66	10600100
08/12/2015	12.5	13.1	12.34	12.78	28292900
08/11/2015	11.84	12.64	11.84	12.5	9562200
08/10/2015	11.86	12.1	11.84	11.84	3050800
08/07/2015	11.84	11.98	11.8	11.86	3685800
08/06/2015	11.86	12.12	11.86	11.88	4145500
08/05/2015	12	12	11.78	11.9	6874200
08/04/2015	12.12	12.12	11.9	12	2287800
08/03/2015	12.06	12.1	11.92	12.02	5945400
07/31/15	11.98	12.1	11.88	11.9	8881800
07/30/15	11.94	12.18	11.84	11.84	6201300
07/29/15	12.06	12.3	11.7	11.8	11006700
07/28/15	12.3	12.32	11.94	12.02	7993800
07/27/15	12.58	12.6	12.32	12.44	3714400
07/24/15	12.5	12.7	12.3	12.6	11414200
07/23/15	11.92	12.74	11.92	12.5	15879300
07/22/15	12.5	12.58	11.86	11.92	9701000
07/21/15	12.46	12.76	12.4	12.56	15258400
07/20/15	13.2	13.2	12.42	12.46	25198400
07/16/15	13.4	13.62	13.28	13.5	18051900
07/15/15	13.22	13.58	13.2	13.42	13721600
07/14/15	13.24	13.24	13.14	13.14	2384300
07/13/15	13.1	13.2	13.02	13.06	4173500
07/10/2015	13.18	13.28	13.06	13.1	3772000
07/09/2015	12.98	13.3	12.8	13.16	5900400
07/08/2015	13.46	13.54	13	13	4688500
07/07/2015	13.42	13.6	13.2	13.46	1844200
07/06/2015	13.38	13.66	13.12	13.4	1710300
07/03/2015	13.48	14	13.4	13.44	5318000
07/02/2015	13.5	13.6	13.3	13.48	8072100
07/01/2015	13.06	13.7	13.02	13.5	8393200
06/30/15	13.06	13.42	13.06	13.2	18950199
06/29/15	13.2	13.48	13	13.32	18012400
06/26/15	13	13.3	12.98	13.3	11628300
06/25/15	13.48	13.48	13.06	13.16	6615400
06/24/15	13.4	13.48	13.04	13.48	4539500
06/23/15	13.46	13.48	13.14	13.22	6212300
06/22/15	13.46	13.6	13.1	13.6	10235600
06/19/15	13.4	13.6	13.34	13.48	5572100
06/18/15	13.42	13.54	13.26	13.46	8867000
06/17/15	13.68	13.72	13.28	13.5	8877300
06/16/15	13.6	14.08	13.58	13.84	9923900
06/15/15	13.44	13.9	13.3	13.6	16500301
06/11/2015	13	13.38	13	13.38	10824200
06/10/2015	12.82	13	12.82	12.9	18267400
06/09/2015	13.06	13.06	12.8	13	7640300
06/08/2015	13.22	13.22	13.02	13.08	3830000
06/05/2015	13.34	13.34	13.1	13.2	6130800
06/04/2015	13.16	13.5	13.12	13.34	10269700
06/03/2015	13	13.2	13	13.2	5464100
06/02/2015	13.28	13.36	13.1	13.14	5433900
06/01/2015	13.48	13.48	13.04	13.36	6796100
05/29/15	13.2	13.9	13.2	13.3	25500400
05/28/15	13.68	13.68	13.12	13.2	13582600
05/27/15	14.1	14.26	13.3	13.68	15212400
05/26/15	14.68	14.68	14.2	14.28	4668600
05/25/15	15	15	14.9	14.92	1187400
05/22/15	15.18	15.2	14.86	14.94	5907700
05/21/15	15.04	15.16	15.02	15.1	8679900
05/20/15	14.82	15.14	14.8	15.04	10861400
05/19/15	15.08	15.08	14.8	14.96	8192900
05/18/15	15.1	15.18	15.02	15.08	3037600
05/15/15	14.8	15.38	14.8	15.1	10444900
05/14/15	14.56	14.74	14.56	14.7	7762300
05/13/15	14.62	14.62	14.5	14.56	2889500
05/12/2015	14.36	14.86	14.16	14.6	8360000
05/11/2015	14.6	14.94	14.4	14.46	2899300
05/08/2015	14.9	14.92	14.6	14.6	3412400
05/07/2015	14.6	14.92	14.5	14.92	3223900
05/06/2015	15.06	15.06	14.86	14.98	7015200
05/05/2015	15.14	15.18	15.04	15.08	4896900
05/04/2015	14.98	15.2	14.7	15.04	4363700
04/30/15	14.84	15	14.64	15	10864700
04/29/15	14.8	14.86	14.5	14.72	3256800
04/28/15	14.76	14.88	14.62	14.7	4560100
04/27/15	14.7	14.76	14.52	14.6	11735300
04/24/15	14.66	14.8	14.42	14.6	10077500
04/23/15	14.58	14.7	14.36	14.6	10578000
04/22/15	14.6	14.66	13.94	14.54	27837400
04/21/15	15.5	15.5	14.24	14.46	19552400
04/20/15	15.28	15.6	15.18	15.6	4888100
04/17/15	15.34	15.42	15.3	15.4	7554600
04/16/15	15.3	15.34	15.06	15.34	7836200
04/15/15	15.5	15.54	15.28	15.3	10247200
04/14/15	15.58	15.6	15.48	15.5	10795700
04/13/15	15.76	15.76	15.5	15.66	2953000
04/10/2015	15.6	15.84	15.6	15.76	8133900
04/08/2015	15.5	15.6	15.38	15.4	3489900
04/07/2015	15.6	15.78	15.4	15.5	2115500
04/06/2015	15.44	15.7	15.36	15.6	3525100
04/01/2015	15.4	15.56	15.4	15.44	5377100
03/31/15	15.44	15.6	15.44	15.5	7779300
03/30/15	15.56	15.6	15.38	15.44	10915400
03/27/15	15.22	15.72	15.22	15.58	5856000
03/26/15	15.4	15.5	15.22	15.4	11279400
03/25/15	15.44	15.44	15.3	15.4	5536100
03/24/15	15.4	15.52	15.22	15.44	8395600
03/23/15	15.22	15.4	15.2	15.4	2272900
03/20/15	15.32	15.5	15	15.2	8226600
03/19/15	15.36	15.4	15.2	15.32	6721200
03/18/15	15.28	15.4	15.26	15.28	6676100
03/17/15	15.2	15.3	15.2	15.28	4894400
03/16/15	15.4	15.4	15.14	15.18	5305900
03/13/15	15.38	15.54	15.38	15.4	7347800
03/12/2015	15.34	15.5	15.34	15.36	3867000
03/11/2015	15.4	15.5	15.22	15.4	9913100
03/10/2015	15.5	15.76	15.38	15.38	12118500
03/09/2015	15.76	15.76	15.5	15.56	5930100
03/06/2015	15.76	15.78	15.56	15.68	4497700
03/05/2015	15.84	15.84	15.5	15.76	4142100
03/04/2015	15.76	15.9	15.68	15.86	4461200
03/03/2015	15.8	15.96	15.8	15.88	13351800
03/02/2015	15.8	15.8	15.6	15.7	12286800
02/27/15	15.5	15.88	15.28	15.8	9338800
02/26/15	15.54	15.54	15.34	15.4	9966800
02/25/15	15.68	15.72	15.46	15.54	17922301
02/24/15	15.7	15.88	15.6	15.68	4328900
02/23/15	15.6	15.76	15.54	15.6	15098700
02/20/15	15.7	15.7	15.42	15.54	8242900
02/18/15	15.7	15.8	15.68	15.7	6558700
02/17/15	15.8	15.8	15.64	15.7	13664400
02/16/15	15.82	15.94	15.68	15.78	5233300
02/13/15	15.8	15.94	15.8	15.84	6187100
02/12/2015	15.96	15.96	15.6	15.8	8435600
02/11/2015	16	16	15.6	15.68	11837500
02/10/2015	16	16	15.9	15.92	8256700
02/09/2015	16	16.06	15.9	16	19663199
02/06/2015	15.7	16.02	15.7	16	32403500
02/05/2015	15.8	15.8	15.6	15.7	16435500
02/04/2015	15.34	16	15.34	15.8	18713100
02/03/2015	15.32	15.48	15.28	15.36	9881100
02/02/2015	15.4	15.48	15.34	15.44	5144000
01/30/15	15.4	15.46	15.2	15.4	7467800
01/29/15	15.34	15.44	15.3	15.34	12615700
01/28/15	15.26	15.42	15.14	15.36	19120000
01/27/15	15.14	15.22	15.1	15.18	11342600
01/26/15	15	15.26	15	15.14	17985301
01/23/15	14.9	15	14.84	15	17758801
01/22/15	14.9	14.9	14.66	14.7	16345600
01/21/15	15	15	14.86	14.9	10542600
01/20/15	15.26	15.26	14.86	14.9	12227500
01/19/15	15.38	15.38	15.12	15.26	5754700
01/14/15	15.58	15.58	15.1	15.44	16413199
01/13/15	15.54	15.7	15.5	15.6	6531100
01/12/2015	15.58	15.68	15.4	15.56	3606200
01/09/2015	15.6	15.9	15.6	15.6	6431000
01/08/2015	15.76	15.78	15.4	15.4	4117800
01/07/2015	15.92	16	15.72	15.84	10065100
01/06/2015	15.7	16	15.7	15.9	13505300
01/05/2015	15.6	15.78	15.5	15.62	3974600
