FGEN 1215

12/27/19	23.85	24.6	23.3	24.15	3151100
12/26/19	23.75	24.4	23.25	24.3	507800
12/23/19	22.9	23.75	22.9	23.75	1055400
12/20/19	23.85	24.35	22.3	22.9	1644200
12/19/19	24.6	24.65	23.5	23.5	865900
12/18/19	24.5	24.5	23.6	23.65	1084100
12/17/19	24.5	24.65	23.6	24	1026500
12/16/19	25.45	25.45	24.3	24.7	498900
12/13/19	24.5	25.45	23.65	25.45	2770500
12/12/2019	24.3	24.5	24.05	24.5	1809900
12/11/2019	24.35	24.6	23.5	23.6	498600
12/10/2019	24.5	24.7	23.9	24	257100
12/09/2019	24.75	24.75	24.1	24.5	649800
12/06/2019	23.8	24.75	23.7	24.75	1714500
12/05/2019	24.7	24.75	23.6	23.8	1144600
12/04/2019	24.8	24.9	24.4	24.7	662500
12/03/2019	25	25.45	24.8	24.8	717400
12/02/2019	24.95	25.05	24.25	25.05	2346000
11/29/19	23.95	25	23.5	25	2292000
11/28/19	23.9	23.95	23.5	23.95	1466300
11/27/19	23.4	23.95	23.4	23.9	630600
11/26/19	23.5	23.95	23.1	23.4	2248500
11/25/19	23.7	23.75	23.4	23.5	927600
11/22/19	23.9	23.9	22.5	23.8	2545600
11/21/19	22.4	24	22.4	24	3023900
11/20/19	23	23	22.6	22.75	2583800
11/19/19	23.3	23.55	22.9	23.05	2700700
11/18/19	23.95	24	23.15	23.3	1217300
11/15/19	24.7	24.7	23.95	24.1	2646200
11/14/19	24.35	24.7	24.05	24.7	1040800
11/13/19	24.35	24.5	24.25	24.35	565200
11/12/2019	24.65	24.75	24.25	24.35	961800
11/11/2019	25	25	24.6	24.6	322500
11/08/2019	25.4	25.4	24.3	24.7	1370000
11/07/2019	25.3	25.55	25.3	25.45	287700
11/06/2019	25.5	25.95	25.2	25.95	897200
11/05/2019	25.35	25.75	25	25.75	1728500
11/04/2019	24.8	25.35	24.75	25.35	774300
10/31/19	25.25	25.4	24.05	24.8	5379200
10/30/19	25.4	25.9	24.9	24.9	2823200
10/29/19	25.15	25.85	25.1	25.6	833500
10/28/19	25.35	25.35	25.05	25.3	398400
10/25/19	25.2	25.55	25	25.4	2865200
10/24/19	24.65	25.25	24.6	25.25	543900
10/23/19	24.8	24.9	24.6	24.7	566300
10/22/19	24.8	25.15	24.7	25	907300
10/21/19	25	25	24.7	24.8	812900
10/18/19	25	25.5	24.9	25	4976300
10/17/19	25	25.4	25	25	678100
10/16/19	25.3	25.6	24.9	25	1747400
10/15/19	25.25	25.25	24.7	24.9	1536300
10/14/19	25.25	25.3	24.85	25	1568600
10/11/2019	24.95	25.3	24.6	25.25	1171200
10/10/2019	24.15	25.05	24.1	25.05	2137000
10/09/2019	24.45	24.45	23.9	24.1	544600
10/08/2019	24.55	25.3	24.2	24.2	1176300
10/07/2019	24.4	24.6	23.85	24.45	1057300
10/04/2019	24	24.6	24	24.4	912100
10/03/2019	24.8	24.8	23.65	24.1	1856600
10/02/2019	24.7	24.7	24	24.7	970500
10/01/2019	24.55	24.8	23.8	24.8	1505600
09/30/19	24.7	24.8	24.25	24.6	1805100
09/27/19	24.2	24.8	24.2	24.6	1901200
09/26/19	24.05	24.75	24	24.15	1740400
09/25/19	25	25	23.5	24.2	2568500
09/24/19	24.8	25.45	24.8	25	4756200
09/23/19	24.85	25.15	24.5	24.75	1150000
09/20/19	25.8	25.8	24.8	24.8	2870800
09/19/19	26	26.05	25.4	25.8	5135900
09/18/19	26	26.1	25.9	26	1240900
09/17/19	26	26.2	25.95	26	2558800
09/16/19	26	26.25	26	26	1420000
09/13/19	26.1	26.25	26	26.05	4255300
09/12/2019	26.5	26.5	26	26.1	1399800
09/11/2019	26.4	26.5	26.35	26.5	1618400
09/10/2019	26.3	26.4	26.1	26.4	3044300
09/09/2019	26.4	26.45	26	26.3	592400
09/06/2019	26.8	26.8	26.35	26.5	353700
09/05/2019	26.75	26.9	26.2	26.8	1742700
09/04/2019	26.45	27	26	26.75	2968000
09/03/2019	26.65	27.55	26.5	26.5	5269000
09/02/2019	26.2	26.95	26.2	26.7	1910200
08/30/19	26.1	26.95	26.1	26.4	2775900
08/29/19	26.15	26.6	26	26	2273100
08/28/19	25.75	26.3	25.75	26.15	624100
08/27/19	26.5	26.5	26	26	1908500
08/23/19	26.75	26.75	26	26.55	998200
08/22/19	26.4	26.9	26.2	26.8	2000100
08/20/19	26	26.5	25.75	26.4	2220300
08/19/19	25.05	26	25.05	26	1136000
08/16/19	25.75	26	24.95	24.95	1148400
08/15/19	25	25.9	24.75	25.7	2830000
08/14/19	25.1	26.1	24.75	25.5	3147600
08/13/19	26	26.3	25	25.45	2449100
08/09/2019	26.2	26.5	26.05	26.1	405600
08/08/2019	25.75	26.6	25.75	26.2	1817600
08/07/2019	25.8	25.85	24.8	25.75	1508000
08/06/2019	25.9	25.95	24.85	25.8	4966100
08/05/2019	26.1	26.1	25.9	26	1805800
08/02/2019	26.5	26.5	26	26.15	392700
08/01/2019	26.5	26.55	26.05	26.5	614700
07/31/19	26.3	26.7	26	26.6	5601100
07/30/19	26.25	26.25	26.05	26.2	3122700
07/29/19	26.8	26.85	26.1	26.45	1026600
07/26/19	26.8	26.9	26	26.9	841100
07/25/19	26.9	26.95	26.75	26.8	2700900
07/24/19	27	27	26.7	26.9	1940300
07/23/19	26.9	27.2	26.85	27	4728600
07/22/19	26.25	26.85	26.25	26.85	512800
07/19/19	26.5	26.5	26.25	26.35	2754900
07/18/19	26.3	26.5	25.75	26.5	2261300
07/17/19	26.35	26.65	26.2	26.4	3346400
07/16/19	27.2	27.2	26.3	26.3	2094900
07/15/19	26.75	27.2	26.65	27.2	2030000
07/12/2019	26.5	26.8	26.1	26.8	7471800
07/11/2019	26.95	26.95	26.1	26.65	3716500
07/10/2019	27.3	27.3	26.95	27	2469300
07/09/2019	27.45	27.45	27	27.25	2150200
07/08/2019	26.95	27.65	26.95	27.5	5425200
07/05/2019	27	27.05	26.95	26.95	5271000
07/04/2019	27.2	27.25	26.95	27	1762100
07/03/2019	26.95	27.25	26.9	27.2	2122900
07/02/2019	27	27.1	26.9	26.95	1408100
07/01/2019	26.8	27.4	26.6	27	9739500
06/28/19	27.05	27.05	26.7	26.8	7497300
06/27/19	26	27.4	26	27.05	10793600
06/26/19	26	26.25	25.65	26.1	4134800
06/25/19	25	26.45	24.9	26.45	7230900
06/24/19	25	25	24.75	25	1827500
06/21/19	25.4	25.6	24.9	25	3708800
06/20/19	24.45	25.6	24.05	25.45	6202600
06/19/19	24	24.5	23.9	24.45	2316200
06/18/19	23.8	24.3	23.8	24.05	1385000
06/17/19	24.5	24.5	24	24.3	1352100
06/14/19	24.35	24.5	24.15	24.5	2926400
06/13/19	24.4	24.45	24	24.45	2977000
06/11/2019	24.1	24.5	24	24.45	5005700
06/10/2019	24	24.15	23.6	24.1	2992200
06/07/2019	24	24.1	23.4	24.05	2014000
06/06/2019	23.5	24.35	23.3	24	6233200
06/04/2019	23	23.8	22.95	23.5	3404300
06/03/2019	23.1	23.5	23	23	2326900
05/31/19	22.9	23.25	22.75	23.1	5551900
05/30/19	21.8	22.95	21.7	22.95	7558300
05/29/19	21.75	21.9	21.3	21.8	557400
05/28/19	21.7	21.8	21.2	21.2	3260800
05/27/19	21.8	21.85	21.4	21.8	1404300
05/24/19	21.35	21.9	20.85	21.55	2128100
05/23/19	21	21.5	20.95	21.3	1889000
05/22/19	21.2	21.3	20.85	21	1044000
05/21/19	21.45	21.45	20.8	21.2	701500
05/20/19	21	21.5	20.8	21.5	607000
05/17/19	21.15	21.15	20.85	21	1539300
05/16/19	21.2	21.2	20.95	21.15	553400
05/15/19	21	21.3	20.85	21.2	2398700
05/14/19	20.75	21	20.2	21	2767900
05/10/2019	20.8	20.9	20.3	20.75	3283300
05/09/2019	20.3	21	20.05	20.85	4341900
05/08/2019	21.2	21.2	19.72	20	3371600
05/07/2019	21.35	21.7	21.25	21.25	2698800
05/06/2019	21.7	21.85	21.3	21.35	1009500
05/03/2019	22.3	22.3	21.7	21.7	532800
05/02/2019	22.1	22.3	21.45	22.3	1120800
04/30/19	21.5	22.1	21.5	22.1	1187100
04/29/19	21.7	21.7	21.5	21.5	645100
04/26/19	21.8	22.1	21.7	21.7	611900
04/25/19	22.2	22.2	21.65	21.8	786500
04/24/19	22.5	22.5	22	22.15	1535900
04/23/19	22.2	22.5	22	22.5	1325200
04/22/19	22.2	22.3	22	22.2	479800
04/17/19	22.15	22.5	22.15	22.3	594300
04/16/19	21.85	22.35	21.65	22.1	2674200
04/15/19	21.8	21.85	21.6	21.85	458100
04/12/2019	21.85	22	21.5	21.8	916500
04/11/2019	21.7	22	21.5	22	665500
04/10/2019	22	22	21.55	21.7	450800
04/08/2019	21.45	22	21.35	22	1070900
04/05/2019	21.3	21.5	21.1	21.45	1231700
04/04/2019	21.4	21.65	21.2	21.5	316400
04/03/2019	21.7	21.7	21.1	21.65	339900
04/02/2019	21.4	21.7	20.9	21.7	855400
04/01/2019	21.7	21.7	21	21.4	301200
03/29/19	21.2	21.8	21	21.8	495800
03/28/19	21	21.25	21	21.1	891500
03/27/19	21.25	21.4	20.5	20.8	1981300
03/26/19	20.9	21.45	20.9	21.3	1064900
03/25/19	21.6	21.6	20.9	20.9	1716500
03/22/19	22	22.15	21.5	21.7	4415500
03/21/19	21.5	22.1	21.45	21.8	1033700
03/20/19	21.7	21.7	21.3	21.65	704700
03/19/19	21	21.95	21	21.7	1900300
03/18/19	20.55	21.3	20.55	21	1173200
03/15/19	20.85	21.15	20	20.5	5506100
03/14/19	21.5	21.5	20.5	20.85	5601900
03/13/19	21.45	21.75	21.05	21.5	2955300
03/12/2019	21.5	21.95	20.4	20.7	6345900
03/11/2019	22.2	22.45	21.15	21.5	3930400
03/08/2019	22.5	22.6	22	22.2	2335000
03/07/2019	21.8	22.7	21.8	22.5	4940600
03/06/2019	21.9	21.95	21.65	21.8	1756000
03/05/2019	22	22.2	21.8	21.85	2283400
03/04/2019	21.3	22.2	21	22	5995600
03/01/2019	20.95	21.3	20.6	21.3	2915800
02/28/19	21.25	21.3	20.8	21.25	2703700
02/27/19	21.1	21.3	21	21.25	1121300
02/26/19	21	21.3	20.9	21.1	945800
02/22/19	21.35	21.35	20.95	20.95	288500
02/21/19	20.9	21.35	20.7	21.3	5028900
02/20/19	20.4	20.9	20.25	20.9	1132200
02/19/19	20.4	20.4	20.1	20.25	3039700
02/18/19	20.65	20.7	20.1	20.3	3744200
02/15/19	21.2	21.2	20.3	20.6	1242500
02/14/19	20.7	21	20.6	21	1765900
02/13/19	21.25	21.4	20.5	20.8	3329800
02/12/2019	21.25	21.4	21.05	21.25	2396000
02/11/2019	20.75	21.4	20.75	21.2	3969900
02/08/2019	20.7	20.95	20.5	20.75	1242400
02/07/2019	20.5	20.7	20.45	20.6	1365400
02/06/2019	20.5	20.7	20.45	20.5	1500200
02/04/2019	20.75	20.85	20.2	20.35	845600
02/01/2019	20.4	20.85	20.4	20.65	1855900
01/31/19	20.05	20.45	20.05	20.4	2041500
01/30/19	20.4	20.4	19.82	20	3877200
01/29/19	20.4	20.5	20.15	20.4	584600
01/28/19	20.5	20.6	20.1	20.35	1797300
01/25/19	20.55	20.75	20.5	20.5	1800600
01/24/19	20.3	20.7	20.3	20.5	3944700
01/23/19	19.6	20.35	19.5	20.3	2321800
01/22/19	19.9	20	19.5	19.5	1059400
01/21/19	20.2	20.2	19.56	19.9	1719600
01/18/19	19.98	20.2	19.98	20	1397700
01/17/19	19.98	20.35	19.98	19.98	1817600
01/16/19	20.5	20.65	19.98	19.98	2786900
01/15/19	20.5	20.75	20.1	20.5	2235300
01/14/19	20.6	20.95	20.5	20.5	2431600
01/11/2019	20.5	20.85	20.2	20.5	2568000
01/10/2019	20.4	20.75	19.96	20.2	2674000
01/09/2019	20.3	20.6	20.15	20.4	1352500
01/08/2019	20.6	20.7	19.98	20.3	1697500
01/07/2019	21.3	21.6	20.45	20.45	2784300
01/04/2019	20.35	21.4	20.25	21.35	6218700
01/03/2019	19.78	20.35	19.78	20.3	3203300
01/02/2019	19.96	20	19.62	19.8	621600
12/28/18	19.8	20.2	19.8	19.98	2055300
12/27/18	19.72	19.86	19.68	19.76	944900
12/26/18	19.54	19.98	19.5	19.7	674200
12/21/18	20	20.3	19.54	19.54	2137400
12/20/18	20.4	20.4	19.9	20	1614400
12/19/18	19.9	20.4	19.6	20.4	1371000
12/18/18	20.4	20.4	19.76	19.94	909700
12/17/18	19.5	20.45	19.5	20.4	4274000
12/14/18	19.9	19.9	19.42	19.5	2312400
12/13/18	19.4	19.92	19.38	19.9	4558900
12/12/2018	18.64	19.3	18.64	19.3	4510300
12/11/2018	18.64	18.94	18.32	18.6	1262900
12/10/2018	19	19.22	18.66	18.66	1240200
12/07/2018	19.2	19.48	19.2	19.32	4507800
12/06/2018	18.5	19.18	18.28	19.18	5873300
12/05/2018	17.88	18.64	17.78	18.3	7300200
12/04/2018	17.86	18.2	17.84	17.88	2198300
12/03/2018	17.72	17.84	17.6	17.84	1571400
11/29/18	17.38	17.8	17.38	17.72	6886700
11/28/18	17.44	17.44	17.28	17.38	2642600
11/27/18	17.36	17.44	17.34	17.4	1179700
11/26/18	17.44	17.44	17.34	17.36	1373900
11/23/18	17.18	17.46	17.18	17.22	2120600
11/22/18	17.12	17.4	17	17.14	1525600
11/21/18	17.3	17.3	17	17.1	2150000
11/20/18	17.54	17.54	17.26	17.3	1676800
11/19/18	17.38	17.54	17.14	17.54	1760600
11/16/18	16.94	17.68	16.9	17.38	5267300
11/15/18	16.54	16.96	16.5	16.9	1255100
11/14/18	16.4	16.56	16.28	16.56	1451500
11/13/18	16.6	16.62	16.3	16.4	1611700
11/12/2018	16.4	16.64	16.4	16.64	2478000
11/09/2018	16.6	16.6	16.36	16.4	1046300
11/08/2018	16.4	16.6	16.24	16.6	1301700
11/07/2018	16.18	16.5	16.18	16.38	1103300
11/06/2018	15.8	16.2	15.78	16.2	1233900
11/05/2018	15.64	15.98	15.54	15.74	737100
10/31/18	15.8	15.8	15.58	15.62	628000
10/30/18	16	16	15.78	15.78	223600
10/29/18	16.12	16.12	15.84	15.96	249600
10/26/18	16	16.14	16	16.12	441100
10/25/18	16.18	16.22	15.98	16	235400
10/24/18	16.2	16.26	16.12	16.18	4648000
10/23/18	16	16.2	15.8	16.2	1153200
10/22/18	15.98	15.98	15.6	15.98	1151500
10/19/18	15.96	15.96	15.76	15.9	1532200
10/18/18	15.66	15.98	15.62	15.98	411600
10/17/18	15.7	15.7	15.32	15.32	1044200
10/16/18	15.78	15.78	15.22	15.22	804700
10/15/18	15.6	15.76	15.6	15.76	294000
10/12/2018	15.36	15.64	15.2	15.6	788800
10/11/2018	15.62	15.68	15.2	15.68	606300
10/10/2018	16	16.1	15.54	15.86	447700
10/09/2018	16.3	16.3	15.88	16	838000
10/08/2018	16.3	16.48	16.28	16.3	359900
10/05/2018	16.04	16.36	16.02	16.28	388800
10/04/2018	16.5	16.88	16.02	16.02	357100
10/03/2018	16.5	16.5	16.2	16.44	211200
10/02/2018	16.02	16.5	16	16.5	1028100
10/01/2018	16.76	16.76	16	16	2264900
09/28/18	16.74	16.8	16.72	16.76	1080500
09/27/18	16.88	16.88	16.7	16.76	1300800
09/26/18	16.86	16.88	16.76	16.88	570200
09/25/18	17	17	16.82	16.82	320500
09/24/18	17	17.02	16.82	17	1030600
09/21/18	16.82	17	16.76	17	1243200
09/20/18	17	17	16.62	16.82	513200
09/19/18	17.1	17.1	16.78	16.98	1310000
09/18/18	16.72	17.1	16.72	17.1	1015600
09/17/18	16.68	16.74	16.66	16.72	975200
09/14/18	16.5	16.68	16.5	16.66	2958600
09/13/18	16.34	16.48	16.3	16.42	1182600
09/12/2018	16.16	16.4	16.16	16.34	758200
09/11/2018	16.18	16.3	16.1	16.16	1228600
09/10/2018	16.38	16.42	16.12	16.18	1830300
09/07/2018	16.12	16.42	16.12	16.38	751900
09/06/2018	16.7	16.7	16.08	16.08	2752800
09/05/2018	16.92	16.92	16.56	16.7	2262500
09/04/2018	16.82	17	16.76	16.9	323900
09/03/2018	16.98	16.98	16.64	16.8	965200
08/31/18	17	17.14	16.9	17	1551200
08/30/18	17.04	17.12	16.94	17.1	3870400
08/29/18	16.06	17.12	16.06	17.04	4775000
08/28/18	15.8	16.3	15.8	16.06	1110900
08/24/18	15.7	15.96	15.64	15.8	474800
08/23/18	15.6	15.7	15.5	15.56	511600
08/22/18	15.52	15.76	15.42	15.5	272700
08/20/18	15.5	15.78	15.44	15.52	495500
08/17/18	15.92	15.92	15.4	15.4	641900
08/16/18	15.82	15.94	15.8	15.8	253800
08/15/18	15.84	15.94	15.8	15.86	1800500
08/14/18	15.92	15.96	15.86	15.9	705400
08/13/18	16	16.08	15.8	15.96	912700
08/10/2018	16	16.2	15.94	16.08	1084000
08/09/2018	16.5	16.5	15.8	15.96	844300
08/07/2018	15.5	15.56	15.34	15.4	229500
08/06/2018	15.56	15.56	15.4	15.54	117900
08/03/2018	15.5	15.6	15.32	15.56	1308000
08/02/2018	15.66	15.66	15.32	15.5	556800
08/01/2018	15.6	15.66	15.54	15.6	502500
07/31/18	15.7	15.72	15.34	15.52	553800
07/30/18	15.4	15.8	15.4	15.7	989300
07/27/18	15.26	15.44	15.26	15.4	140200
07/26/18	15.06	15.5	15.06	15.2	388500
07/25/18	15.7	15.78	14.8	14.8	361800
07/24/18	15.54	15.7	15.54	15.7	532800
07/23/18	15.46	15.56	15.38	15.54	177300
07/20/18	15.3	15.48	15.3	15.46	232700
07/19/18	15.36	15.36	15.24	15.3	103300
07/18/18	15.2	15.36	15.14	15.3	162200
07/17/18	15.22	15.28	15	15.2	476900
07/16/18	15	15.28	15	15.28	1534300
07/13/18	14.86	15.3	14.86	15.3	703900
07/12/2018	14.76	14.92	14.72	14.84	1131800
07/11/2018	14.68	14.8	14.68	14.78	177900
07/10/2018	14.66	14.88	14.54	14.68	260100
07/09/2018	14.9	14.9	14.64	14.66	215200
07/06/2018	14.56	14.96	14.5	14.86	164200
07/05/2018	14.66	14.66	14.52	14.52	3180500
07/04/2018	14.82	14.98	14.58	14.66	2579300
07/03/2018	14.52	14.86	14.52	14.8	813700
07/02/2018	14.46	14.5	14.12	14.5	346400
06/29/18	14.3	14.64	14.3	14.46	307700
06/28/18	14.88	14.88	14.28	14.3	923300
06/27/18	14.48	14.88	14.1	14.88	745000
06/26/18	14.4	14.4	14.2	14.4	342400
06/25/18	14.2	14.38	14.14	14.38	136900
06/22/18	14.5	14.5	14.1	14.14	892100
06/21/18	14.76	14.76	14.2	14.5	1682300
06/20/18	14.6	14.92	14.54	14.76	181400
06/19/18	14.7	14.72	14.46	14.6	284900
06/18/18	15	15	14.5	14.96	258100
06/14/18	15.36	15.36	14.7	15	879500
06/13/18	15	15.6	14.6	15.6	253500
06/11/2018	14.62	15	14.62	15	78300
06/08/2018	15.02	15.06	14.6	14.62	450800
06/07/2018	15	15.18	14.92	14.94	544700
06/06/2018	14.98	15	14.86	14.86	355700
06/05/2018	14.98	15	14.82	15	74800
06/04/2018	14.98	14.98	14.72	14.98	157900
06/01/2018	14.98	15	14.84	14.98	110600
05/31/18	14.4	14.98	14.38	14.98	1025000
05/30/18	14.44	14.64	14.36	14.4	377000
05/29/18	14.98	14.98	14.34	14.42	805900
05/28/18	15	15	14.6	14.62	1497100
05/25/18	14.9	15.28	14.84	14.9	469400
05/24/18	14.82	15.3	14.8	14.9	295400
05/23/18	15.18	15.18	14.88	14.88	283900
05/22/18	15	15	14.9	15	102800
05/21/18	14.9	15.18	14.76	15	164400
05/18/18	15.2	15.2	14.78	14.8	842400
05/17/18	15.02	15.3	15.02	15.2	465500
05/16/18	15.44	15.44	15	15	892900
05/15/18	15.58	15.64	15.44	15.44	328200
05/11/2018	15.66	15.66	15.54	15.58	610300
05/10/2018	15.44	15.54	15.36	15.4	377400
05/09/2018	15.5	15.66	15.3	15.38	1232000
05/08/2018	15.46	15.5	15.2	15.5	400400
05/07/2018	15.5	15.5	15.1	15.46	153400
05/04/2018	15.3	15.48	15.1	15.48	398600
05/03/2018	15.58	15.58	15.1	15.3	322100
05/02/2018	15.58	15.8	15.42	15.58	535900
04/30/18	15.66	15.9	15.5	15.58	151300
04/27/18	15.48	15.6	15.3	15.6	189600
04/26/18	15.3	15.5	14.98	15.5	330400
04/25/18	15.66	15.66	14.9	15.3	625100
04/24/18	16.26	16.26	15.5	15.66	1099400
04/23/18	16.28	16.28	16	16.18	334400
04/20/18	16	16.38	16	16.3	421500
04/19/18	16.08	16.6	15.9	16	1135100
04/18/18	16.46	16.5	16.06	16.08	967500
04/17/18	16.4	16.5	16.22	16.46	1068500
04/16/18	16.92	16.92	16.32	16.32	856100
04/13/18	16.94	17	16.88	16.9	418400
04/12/2018	16.9	17	16.88	17	442700
04/11/2018	17	17	16.84	16.94	734400
04/10/2018	17.2	17.2	16.88	17.04	928200
04/06/2018	17.1	17.28	16.8	17.12	2168200
04/05/2018	17.2	17.2	17.02	17.12	1323100
04/04/2018	17	17.32	17	17.2	841100
04/03/2018	16.74	17	16.74	16.96	1831900
04/02/2018	17	17	16.4	16.74	364100
03/28/18	16.98	17.16	16.92	17	1473000
03/27/18	16.4	16.8	16.3	16.8	1188100
03/26/18	16.84	16.84	16.1	16.4	878700
03/23/18	16.68	16.9	16.62	16.82	2269500
03/22/18	16.3	17.1	16.3	17.08	1306500
03/21/18	16.4	16.4	16.18	16.3	996900
03/20/18	16.5	16.5	16.24	16.4	1260200
03/19/18	16.74	16.78	16.3	16.6	985000
03/16/18	16.94	16.94	16.62	16.8	1565700
03/15/18	17.1	17.1	16.68	16.94	1640900
03/14/18	17.2	17.22	16.7	17.06	1967300
03/13/18	17.6	17.9	17	17.24	2512400
03/12/2018	16.92	18.2	16.86	17.4	15510900
03/09/2018	15.8	16.68	15.66	16.68	4917400
03/08/2018	14.52	15.76	14.52	15.5	4989900
03/07/2018	14.44	14.48	14.32	14.48	3170900
03/06/2018	14.5	14.5	14.32	14.44	3506500
03/05/2018	14.52	14.52	14.32	14.5	581000
03/02/2018	14.5	14.52	14.4	14.48	4366600
03/01/2018	14.6	14.68	14.4	14.56	4037800
02/28/18	14.5	14.7	14.44	14.5	4565700
02/27/18	14.8	15.04	14.5	14.5	1838300
02/26/18	15.28	15.28	14.4	14.8	3006600
02/23/18	15.14	15.32	15.06	15.32	774000
02/22/18	15.4	15.4	15.16	15.2	2420900
02/21/18	15.66	15.68	15.38	15.4	2743800
02/20/18	15.72	15.8	15.6	15.68	628500
02/19/18	15.78	15.8	15.5	15.8	1010100
02/15/18	15.8	15.82	15.6	15.78	973600
02/14/18	15.92	15.92	15.6	15.9	654300
02/13/18	15.7	15.92	15.52	15.92	785200
02/12/2018	15.9	15.9	15.72	15.9	466700
02/09/2018	15.9	16	15.8	15.9	676100
02/08/2018	16	16.1	15.9	16.1	1315900
02/07/2018	15.94	16	15.64	16	528300
02/06/2018	15.62	15.98	15.5	15.98	1041000
02/05/2018	15.9	16	15.7	16	1968600
02/02/2018	15.82	16	15.76	16	1014900
02/01/2018	15.94	15.94	15.8	15.82	635700
01/31/18	15.98	15.98	15.8	15.98	1272900
01/30/18	15.88	15.98	15.86	15.98	757700
01/29/18	15.98	15.98	15.86	15.88	804900
01/26/18	15.98	16.1	15.96	16	416800
01/25/18	15.9	16.08	15.9	15.98	1425900
01/24/18	16.18	16.2	15.88	15.88	1385600
01/23/18	16	16.18	16	16.14	656800
01/22/18	15.88	16	15.86	16	661900
01/19/18	15.9	15.92	15.88	15.9	2909800
01/18/18	15.9	15.94	15.86	15.9	1263700
01/17/18	15.9	16	15.86	15.88	1103500
01/16/18	15.84	15.94	15.84	15.9	1628400
01/15/18	15.94	16	15.84	15.84	1788800
01/12/2018	16	16.06	15.9	15.92	2532400
01/11/2018	16	16.1	15.94	15.98	1536000
01/10/2018	15.86	16	15.84	15.9	5368800
01/09/2018	15.9	15.92	15.82	15.86	5507900
01/08/2018	16.2	16.42	15.86	15.9	3155900
01/05/2018	16.6	16.6	16.08	16.12	5608400
01/04/2018	16.86	16.92	16.6	16.6	3964000
01/03/2018	17	17.08	16.86	16.92	896100
12/29/17	16.96	17.1	16.94	17	671400
12/28/17	16.94	17.2	16.9	16.96	439300
12/27/17	17	17.04	16.9	16.94	733900
12/22/17	17	17.04	16.98	17	1707700
12/21/17	17	17.18	16.98	17	914800
12/20/17	16.96	17.02	16.9	16.94	992500
12/19/17	17.2	17.32	16.96	16.96	1375600
12/18/17	17.32	17.32	17.02	17.02	1235000
12/15/17	17.04	17.54	17.04	17.52	2363800
12/14/17	17.2	17.22	17	17.02	1112300
12/13/17	17.04	17.2	17.02	17.2	753600
12/12/2017	17.08	17.1	17	17.04	702800
12/11/2017	17.3	17.3	17	17.1	520200
12/08/2017	17.12	17.3	17	17.3	598100
12/07/2017	17.1	17.12	17.06	17.08	472300
12/06/2017	17.1	17.18	17.02	17.14	528500
12/05/2017	17.8	17.8	17.1	17.22	339400
12/04/2017	17	17.82	16.96	17.82	418000
12/01/2017	17.4	17.4	16.9	17	1386400
11/29/17	17.24	17.5	17.24	17.5	568200
11/28/17	17.32	17.36	17.24	17.3	258900
11/27/17	17.1	17.3	17.04	17.3	3893500
11/24/17	17.16	17.18	17.02	17.1	3069100
11/23/17	17.5	17.5	17.1	17.16	414700
11/22/17	17.02	17.5	17.02	17.1	829800
11/21/17	17.5	17.66	17	17	1732500
11/20/17	17.4	17.68	17.4	17.42	538300
11/17/17	17.2	17.5	17.2	17.4	983600
11/16/17	17.3	17.44	17.16	17.2	725100
11/15/17	17.4	17.4	17.28	17.3	757700
11/14/17	17.68	17.74	17.3	17.4	663000
11/13/17	17.8	18.46	17.74	17.8	396600
11/10/2017	18.42	18.42	17.8	17.82	624800
11/09/2017	18.7	18.7	18.46	18.5	2021500
11/08/2017	18.48	18.72	18.46	18.7	1315800
11/07/2017	18.36	18.46	18.34	18.44	579800
11/06/2017	18	18.3	18	18.3	1228800
11/03/2017	17.7	18.24	17.7	17.96	1632400
11/02/2017	17.7	17.88	17.64	17.64	977700
10/30/17	17.7	17.88	17.52	17.58	1243000
10/27/17	17.62	17.7	17.52	17.7	295300
10/26/17	17.7	17.78	17.58	17.62	406400
10/25/17	17.6	17.68	17.44	17.68	828700
10/24/17	17.3	17.68	17.26	17.6	1352300
10/23/17	17.14	17.4	17.14	17.22	2833700
10/20/17	17.98	18	16.88	16.88	4786700
10/19/17	18.1	18.1	17.92	17.98	1123100
10/18/17	18.16	18.16	18	18.1	1894000
10/17/17	18.56	18.56	18.2	18.2	968900
10/13/17	18.54	18.8	18.54	18.54	903500
10/12/2017	18.62	18.62	18.46	18.54	359000
10/11/2017	18.96	18.98	18.5	18.64	2780000
10/10/2017	19.02	19.3	18.96	19	1866000
10/09/2017	19.02	19.3	18.96	19	2934500
10/06/2017	19.48	19.54	19	19.02	3423700
10/05/2017	19.56	19.6	19.42	19.48	2503300
10/04/2017	19.16	19.72	19.16	19.6	3373700
10/03/2017	19	19.24	18.8	19.16	4684900
10/02/2017	18.92	19	18.8	18.98	820900
09/29/17	18.7	19.12	18.6	18.92	3812900
09/28/17	18.3	18.56	18.22	18.4	3584700
09/27/17	18.26	18.36	18.06	18.3	2578400
09/26/17	18.38	18.38	18.18	18.34	1329600
09/25/17	18.8	18.8	18.3	18.5	1351100
09/22/17	19.08	19.08	18.74	18.8	1860800
09/21/17	18.98	19	18.6	19	1208600
09/20/17	18.96	19.18	18.92	18.94	2440100
09/19/17	19	19.04	18.94	18.96	2064100
09/18/17	19	19.06	18.76	19	2035500
09/15/17	18.6	19	18.52	19	3358700
09/14/17	18.16	18.6	18.16	18.5	4488900
09/13/17	17.82	18.16	17.82	18.12	2646400
09/11/2017	17.82	17.86	17.78	17.8	1435100
09/08/2017	17.58	17.84	17.58	17.74	1582300
09/07/2017	17.06	17.62	17.06	17.56	3558900
09/06/2017	17	17.1	17	17.06	828100
09/05/2017	16.88	16.94	16.86	16.92	3534500
09/04/2017	16.82	16.9	16.82	16.88	3187200
08/31/17	16.9	16.9	16.8	16.82	1597000
08/30/17	16.86	17	16.86	16.9	759700
08/29/17	16.84	17	16.82	16.86	1411200
08/25/17	16.86	17.08	16.84	16.84	2084000
08/24/17	17.2	17.26	16.82	16.84	3660000
08/23/17	17.1	17.3	17.06	17.2	604200
08/22/17	17.1	17.2	17.04	17.2	355400
08/18/17	17.14	17.3	17	17.1	3151700
08/17/17	17.3	17.44	17.1	17.1	1075300
08/16/17	17.1	17.38	17.1	17.3	1380100
08/15/17	17.06	17.26	17.04	17.1	1462500
08/14/17	17.5	17.5	17	17.02	2298600
08/11/2017	17.4	17.52	17.3	17.46	437800
08/10/2017	17.8	17.82	17.16	17.4	1768000
08/09/2017	18.12	18.12	17.82	17.82	541000
08/08/2017	18.46	18.46	17.98	18.1	2046600
08/07/2017	18.48	18.66	18.42	18.44	1262500
08/04/2017	19.7	19.8	18.1	18.36	11994800
08/03/2017	17.1	17.44	17.1	17.3	137300
08/02/2017	17.5	17.7	17.1	17.1	2429000
08/01/2017	17.3	17.54	17.3	17.54	796000
07/31/17	17.62	17.62	17.3	17.3	1791800
07/28/17	17.9	17.9	17.5	17.62	1818100
07/27/17	17.9	18.08	17.86	17.9	1505700
07/26/17	17.94	18.3	17.9	17.9	1772300
07/25/17	18.34	18.4	17.88	17.94	2475300
07/24/17	18.5	18.68	18.32	18.34	1082600
07/21/17	18.74	18.74	18.4	18.5	2423500
07/20/17	19	19	18.72	18.74	743900
07/19/17	19.12	19.16	19	19.04	1239200
07/18/17	19.12	19.2	19	19	737300
07/17/17	18.84	19.16	18.8	19.08	2154600
07/14/17	18.78	18.82	18.74	18.8	636400
07/13/17	18.7	18.8	18.7	18.78	1904000
07/12/2017	18.62	18.72	18.62	18.7	1291600
07/11/2017	18.6	18.68	18.56	18.62	978600
07/10/2017	18.7	18.7	18.56	18.6	1724400
07/07/2017	18.78	18.78	18.68	18.7	1380600
07/06/2017	18.74	18.82	18.68	18.82	892100
07/05/2017	18.56	18.7	18.56	18.68	1115100
07/04/2017	18.76	18.76	18.56	18.56	960100
07/03/2017	18.9	18.9	18.74	18.76	457200
06/30/17	18.78	18.9	18.74	18.9	3007100
06/29/17	18.8	18.88	18.74	18.78	444200
06/28/17	18.82	18.98	18.76	18.76	644500
06/27/17	19	19	18.82	18.82	628700
06/23/17	19	19.02	18.6	19	811700
06/22/17	18.98	19.06	18.96	19	912900
06/21/17	19	19.06	18.96	18.98	1245100
06/20/17	18.98	19.06	18.96	19	1512700
06/19/17	19	19.08	18.96	18.98	1287900
06/16/17	19	19.06	18.82	19	1864900
06/15/17	18.74	18.9	18.74	18.74	5824800
06/14/17	18.66	18.88	18.66	18.74	1254300
06/13/17	19.02	19.26	18.66	18.7	9840000
06/09/2017	19.6	19.72	19	19	2081900
06/08/2017	19.3	19.82	19.28	19.6	2309300
06/07/2017	18.88	19.3	18.88	19.3	2225800
06/06/2017	19.1	19.3	18.88	18.88	1839200
06/05/2017	18.98	19.28	18.96	19.1	3908200
06/02/2017	18.98	19.04	18.84	18.96	4174200
06/01/2017	19.02	19.22	18.82	18.96	1803300
05/31/17	18.98	18.98	18.54	18.98	3548300
05/30/17	19.46	19.48	18.92	18.98	3380800
05/29/17	19.6	19.66	19.46	19.48	1984000
05/26/17	19.7	19.7	19.46	19.6	1191100
05/25/17	19.74	19.82	19.7	19.7	2076400
05/24/17	19.52	19.74	19.4	19.74	2637300
05/23/17	19.56	19.68	19.5	19.52	3001300
05/22/17	19.76	19.8	19.48	19.56	3151600
05/19/17	19.98	19.98	19.56	19.68	2969900
05/18/17	20.05	20.1	19.88	19.94	2413900
05/17/17	20.05	20.15	20	20.1	756200
05/16/17	20.3	20.3	19.96	20	3484300
05/15/17	20.6	20.6	19.96	20	4322600
05/12/2017	20.85	20.85	20.25	20.75	5966400
05/11/2017	20.15	20.95	20.15	20.95	5299100
05/10/2017	20	20.2	19.96	20.15	6093900
05/09/2017	21.5	21.6	19.7	19.96	10276100
05/08/2017	21.25	21.7	21.25	21.5	1285900
05/05/2017	21.25	21.4	21.2	21.2	1904900
05/04/2017	21.2	21.4	21.15	21.25	1499100
05/03/2017	21.3	21.5	21.15	21.2	2608400
05/02/2017	21.5	21.65	21.2	21.3	1199800
04/27/17	21.5	21.85	21.5	21.5	728800
04/26/17	21.7	22	21.5	21.5	2202300
04/25/17	22	22.1	21.7	21.7	3067500
04/24/17	22.05	22.2	21.9	22	887000
04/21/17	21.7	22	21.7	22	2007100
04/20/17	21.8	21.9	21.6	21.7	1196500
04/19/17	21.7	21.9	21.4	21.8	784300
04/18/17	21.15	21.75	21.15	21.6	1612500
04/17/17	21.35	21.35	20.95	21.05	1263300
04/12/2017	21.55	21.75	20.9	20.95	4061800
04/11/2017	21.5	21.8	21.15	21.45	2221900
04/10/2017	21.65	22.1	21.65	22	1339300
04/07/2017	21.85	22.25	21.55	21.55	1940300
04/06/2017	22	22.2	21.85	21.9	1692200
04/05/2017	21.9	22.3	21.9	22	1926500
04/04/2017	21.5	21.9	21.5	21.65	592300
04/03/2017	21.2	22	21.2	21.5	3682200
03/31/17	22.2	22.2	20.95	20.95	4087400
03/30/17	22	22.5	21.85	22	2957900
03/29/17	21.95	22.25	21.9	22	1639600
03/28/17	22.25	22.3	21.85	21.95	1772900
03/27/17	22.4	22.4	22	22.2	1533200
03/24/17	22.4	22.45	22.25	22.35	3208900
03/23/17	22.9	22.9	22.4	22.4	563500
03/22/17	22.8	23.05	22.5	22.9	3108200
03/21/17	22.7	22.8	22.5	22.8	3484600
03/20/17	22.45	22.8	22.45	22.7	1085800
03/17/17	22.3	22.5	22.3	22.45	1683100
03/16/17	22.1	22.6	22	22.3	469900
03/15/17	22.5	22.5	22.1	22.3	610100
03/14/17	22.55	22.55	22.25	22.5	571800
03/13/17	22.3	22.6	22.1	22.5	833200
03/10/2017	22.5	22.7	22.15	22.3	943100
03/09/2017	22	22.7	21.75	22.5	3925300
03/08/2017	21.65	22.1	21.65	22	2876100
03/07/2017	21.4	22	21.4	21.65	2195200
03/06/2017	21.3	21.45	21.2	21.35	761600
03/03/2017	21.35	21.35	21.1	21.3	495200
03/02/2017	21.2	21.5	21.2	21.35	276300
03/01/2017	21.1	21.25	21	21.2	626200
02/28/17	21.1	21.2	20.85	21.1	4339800
02/27/17	21.6	21.6	21.05	21.1	1615200
02/24/17	21.5	21.6	21.35	21.55	581100
02/23/17	21.75	22	21.2	21.2	2810800
02/22/17	22.05	22.1	21.6	21.6	762700
02/21/17	21.95	22.25	21.95	22	1473200
02/20/17	22.3	22.3	21.95	21.95	976000
02/17/17	22.2	22.4	22.15	22.2	435000
02/16/17	22.4	22.5	22.15	22.2	333000
02/15/17	22.3	22.55	22.15	22.3	464200
02/14/17	22.45	22.5	22.15	22.4	340300
02/13/17	21.9	22.4	21.9	22.4	233600
02/10/2017	22.05	22.05	21.95	22	632300
02/09/2017	22.1	22.15	22	22.05	655600
02/08/2017	22.25	22.5	22.05	22.1	827600
02/07/2017	22.45	22.5	22.2	22.25	1093500
02/06/2017	22.45	22.75	22.4	22.45	2665900
02/03/2017	22.2	22.6	22.2	22.45	1374600
02/02/2017	22.75	22.8	22.15	22.4	784600
02/01/2017	22.4	22.8	22.4	22.75	529900
01/31/17	22.8	22.9	22.3	22.4	1185300
01/30/17	22.8	23.2	22.65	22.8	2054400
01/27/17	22.5	22.85	22.5	22.8	505600
01/26/17	22.55	22.85	22.5	22.75	1343400
01/25/17	22.9	23	22.25	22.3	1348800
01/24/17	22.2	23	22.2	22.9	3309900
01/23/17	22	22.5	21.95	22.1	1412900
01/20/17	22.3	22.3	21.8	22	3647800
01/19/17	22.6	22.6	22.1	22.35	2888200
01/18/17	22.4	22.7	22.15	22.6	594800
01/17/17	22.8	22.8	22.1	22.6	1390300
01/16/17	22.2	22.8	22	22.8	2868200
01/13/17	21.95	22.2	21.75	22.2	1636100
01/12/2017	22	22.3	21.75	22	2976800
01/11/2017	21.55	22.3	21.55	22	4947600
01/10/2017	21.55	21.8	21.25	21.6	4889700
01/09/2017	21.8	21.8	21.45	21.6	1982400
01/06/2017	21.85	21.95	21.65	21.85	1502300
01/05/2017	21.7	22.15	21.55	21.9	4153900
01/04/2017	21.3	21.9	21.2	21.7	1230100
01/03/2017	21.75	21.75	21.15	21.35	670600
12/29/16	21.5	22	21.35	22	3756300
12/28/16	21.35	21.75	21.2	21.75	2018100
12/27/16	21.8	21.8	20.9	21.8	5284100
12/23/16	22.45	22.5	22.05	22.2	780500
12/22/16	22.75	22.8	22.15	22.45	405600
12/21/16	22.75	22.8	22.05	22.8	718500
12/20/16	22.45	22.75	22	22.75	416100
12/19/16	22.45	22.6	22	22.4	496900
12/16/16	22.2	22.45	22.05	22.15	752300
12/15/16	22.15	22.2	21.95	22.05	1553400
12/14/16	22.3	22.3	22.05	22.15	794000
12/13/16	22.2	22.3	21.9	22.3	1690100
12/12/2016	22.2	22.8	22	22.2	1202300
12/09/2016	22.7	22.7	22.05	22.2	4245100
12/08/2016	22	22.85	22	22	3675100
12/07/2016	22.1	22.35	21.9	21.9	289800
12/06/2016	22.2	22.4	21.9	22.1	396100
12/05/2016	22.2	22.2	21.8	22.2	113800
12/02/2016	22.45	22.45	21.7	22.2	405900
12/01/2016	21.85	22.2	21.8	22.2	1650900
11/29/16	21.5	21.85	21.2	21.8	566600
11/28/16	21.7	21.95	21.3	21.5	1519400
11/25/16	22	22.1	21.55	21.7	1733200
11/24/16	21.8	22.5	21.8	21.95	450400
11/23/16	22.3	22.45	21.65	21.8	2951700
11/22/16	23	23	22.2	22.3	1487800
11/21/16	22.9	23.1	22.8	23	536800
11/18/16	23	23.2	22.75	22.8	421900
11/17/16	22.7	23	22.7	22.9	1376300
11/16/16	22.1	22.75	22.1	22.65	546500
11/15/16	22.2	23.25	21.75	21.75	1644300
11/14/16	22.9	22.95	22.05	22.15	1642500
11/11/2016	24.1	24.1	22.85	22.9	2097300
11/10/2016	23.2	24.15	23.2	24	1184500
11/09/2016	23.4	23.95	22.5	23.2	1693700
11/08/2016	23.45	23.45	22.9	23.4	707100
11/07/2016	22.8	23.35	22.55	22.75	1223400
11/04/2016	22.65	23	22.65	22.8	2050000
11/03/2016	22.7	22.95	22.55	22.65	985700
11/02/2016	22.95	22.95	22.6	22.7	994300
10/28/16	22.75	22.95	22.55	22.95	1865000
10/27/16	22.85	23.45	22.65	22.75	1611700
10/26/16	23.45	23.75	22.65	22.85	7549300
10/25/16	23.45	23.5	23.3	23.45	566600
10/24/16	23.3	23.8	23.25	23.35	472000
10/21/16	23.75	23.75	23.25	23.25	2822300
10/20/16	23.85	23.9	23.45	23.6	432500
10/19/16	23.6	24	23.2	23.2	1193900
10/18/16	23.45	23.5	22.95	23.5	1435000
10/17/16	23.5	23.95	23.45	23.45	561700
10/14/16	23	23.5	23	23.5	1161800
10/13/16	22.85	23.45	22.7	23	2620100
10/12/2016	23.9	23.9	22.8	22.95	3141200
10/11/2016	24.05	24.25	23.95	24	1696800
10/10/2016	24.45	24.5	24.05	24.05	1228500
10/07/2016	24.5	24.75	24	24.45	3663800
10/06/2016	24.6	24.75	24.1	24.15	2085900
10/05/2016	24.7	24.85	24.4	24.85	1092300
10/04/2016	25	25	24.55	24.65	2884500
10/03/2016	25.35	25.35	24.8	24.9	2981200
09/30/16	25.2	25.2	24.9	25.05	2004800
09/29/16	25.2	25.25	25	25.2	2844500
09/28/16	25.1	25.25	25	25.1	2458600
09/27/16	25.1	25.2	24.8	25.1	3684400
09/26/16	25.4	25.5	25	25.1	3688200
09/23/16	25.35	26.15	25.2	25.4	3929600
09/22/16	25.15	25.75	25.1	25.35	2841300
09/21/16	24.8	25	24.8	24.95	3467800
09/20/16	24.9	25.3	24.8	24.8	1580200
09/19/16	25	25.05	24.75	24.9	327000
09/16/16	25	25.2	24.9	25.1	1251700
09/15/16	24.55	25.2	24.55	25	1738000
09/14/16	24.7	24.7	24.5	24.55	1013300
09/13/16	24.8	25	24.7	24.7	2584600
09/09/2016	25.2	25.2	24.8	24.8	2596800
09/08/2016	24.8	25.25	24.65	25.2	1957000
09/07/2016	24.85	25.4	24.7	25.3	12239600
09/06/2016	25	25.25	24.8	24.85	2609800
09/05/2016	25.3	25.35	24.9	24.9	3058100
09/02/2016	25.8	26.2	25.3	25.4	3764800
09/01/2016	25.45	26	25.1	25.8	4434500
08/31/16	25.4	25.5	25.25	25.45	1772600
08/30/16	25.3	25.85	24.8	25.65	4110800
08/26/16	25.65	25.65	24.6	25.35	4527300
08/25/16	24	25.75	24	25.65	5051600
08/24/16	24.8	24.85	24	24	1583500
08/23/16	25.1	25.15	24.8	24.8	1379300
08/22/16	25.2	25.4	25	25.15	544600
08/19/16	25.5	25.6	25.1	25.2	840500
08/18/16	24.95	25.6	24.95	25.6	2979900
08/17/16	25.2	25.75	24.9	24.9	5292900
08/16/16	25	25.2	24.8	25.1	1281500
08/15/16	24.85	25.05	24.8	25	993000
08/12/2016	25	25.1	24.75	24.85	1440000
08/11/2016	25.1	25.1	24.5	25	4225000
08/10/2016	25.1	25.35	24.9	24.9	1218200
08/09/2016	25	25.3	25	25.1	1533400
08/08/2016	25	25.2	24.9	24.95	1103600
08/05/2016	24.75	24.95	24.55	24.7	1471500
08/04/2016	24.3	24.95	24.3	24.75	2333100
08/03/2016	25.35	25.35	24.3	24.3	4367800
08/02/2016	25.75	25.8	24.95	25.4	2525600
08/01/2016	25.8	25.8	25.6	25.75	1212500
07/29/16	26	26.05	25.4	25.9	1438500
07/28/16	25.9	26	25.15	26	2366500
07/27/16	26	26	25.8	25.9	1348600
07/26/16	25.6	26	25.55	25.9	5692200
07/25/16	26.15	26.6	25.5	25.5	4151800
07/22/16	26	26.6	25.8	26.05	4102100
07/21/16	25.25	26.25	25.25	26	6858900
07/20/16	25.4	25.4	25.15	25.25	3151400
07/19/16	24.75	25.5	24.75	25.2	3815700
07/18/16	24.85	25.1	24.5	24.75	3887300
07/15/16	24.9	25.05	24.5	24.5	2819200
07/14/16	25.1	25.2	24.8	24.85	1306600
07/13/16	24.9	25.45	24.85	24.9	6425100
07/12/2016	24.35	25	24.35	24.7	8991800
07/11/2016	24.55	25	24.1	24.3	3430500
07/08/2016	24.35	24.7	24.05	24.05	1645700
07/07/2016	25	25	24.3	24.35	3438600
07/05/2016	24.85	25.15	24.75	25	2751500
07/04/2016	24.8	25.5	24.7	24.85	4153100
07/01/2016	25.1	25.25	24.8	24.8	2713000
06/30/16	25.2	25.5	24	24.9	5242900
06/29/16	25	25.1	24.9	25	6710500
06/28/16	25.3	25.3	24.5	24.65	2988200
06/27/16	24.3	25.5	23.3	25.3	4046200
06/24/16	24.9	25.45	24	24.4	11761800
06/23/16	24.95	26	24.9	24.9	12584400
06/22/16	23.55	24.9	23.45	24.9	17832301
06/21/16	22.75	23.05	22.7	22.9	3206300
06/20/16	22.2	22.55	22.2	22.5	563700
06/17/16	22.4	22.85	22.1	22.15	2353900
06/16/16	22.1	22.4	22.1	22.15	620600
06/15/16	22	22.5	21.95	22	1642100
06/14/16	22.6	22.6	21.9	22	1180600
06/13/16	22.55	22.65	22.2	22.4	2184100
06/10/2016	22.5	23	22.5	22.55	3070500
06/09/2016	22.9	23	22.5	22.5	3862700
06/08/2016	23.1	23.25	22.9	22.9	3198600
06/07/2016	23	23.5	22.9	23	4919000
06/06/2016	23	23	22.75	22.8	2371800
06/03/2016	22.9	23	22.55	22.7	3028600
06/02/2016	23.05	23.1	22.75	22.75	3623900
06/01/2016	22.5	23.05	22.5	23	1836700
05/31/16	23	23.5	22.3	22.3	4115000
05/30/16	22.5	23.1	22.5	23	5329900
05/27/16	21.55	23.2	21.55	22.45	10364000
05/26/16	21.4	21.7	21.4	21.5	1205800
05/25/16	21.75	21.9	21.2	21.2	2796000
05/24/16	21.7	21.8	21.5	21.7	1354700
05/23/16	21.65	21.7	21.25	21.7	536200
05/20/16	21.5	21.6	20.9	21.6	1205500
05/19/16	22.25	22.3	21.3	21.4	3308100
05/18/16	22.1	22.3	21.85	22.25	1391600
05/17/16	22.1	22.3	21.95	22.05	5832700
05/16/16	21.4	22.35	21.4	21.9	6579400
05/13/16	21	21.5	21	21.35	3922600
05/12/2016	21.15	21.2	20.95	21	2575300
05/11/2016	20.65	21.2	20.65	21.15	2198500
05/10/2016	19.64	20.6	19.64	20.5	2271200
05/06/2016	19.64	19.68	19.5	19.64	3014000
05/05/2016	19.58	20	19.58	19.6	1826200
05/04/2016	19.8	19.86	19.54	19.58	1722800
05/03/2016	19.58	20	19.58	19.58	1334400
05/02/2016	20.3	20.3	19.48	19.52	3444800
04/29/16	20.6	20.6	20.25	20.25	2694200
04/28/16	20.75	21	20.6	20.6	1649300
04/27/16	20.9	21.1	20.55	20.65	3045800
04/26/16	20.8	21	20.75	20.9	1220100
04/25/16	20.95	21.05	20.65	20.75	2313500
04/22/16	21.15	21.15	20.8	20.9	1328400
04/21/16	21	21.25	21	21.15	1937800
04/20/16	21.9	21.9	20.9	21	5091400
04/19/16	21.9	22	21.7	21.85	1441900
04/18/16	21.5	22	21.5	21.9	2124200
04/15/16	22.5	22.55	21.6	21.6	4044800
04/14/16	22.6	22.7	22.45	22.5	1888000
04/13/16	22.35	22.7	22.25	22.25	3218000
04/12/2016	22.6	22.65	22.15	22.3	868400
04/11/2016	22	22.75	21.9	22.5	4678200
04/08/2016	21.7	21.85	21.5	21.85	2657800
04/07/2016	21.6	22	21.6	21.7	2476600
04/06/2016	21.8	22	21.25	21.6	3048700
04/05/2016	22.4	22.4	21.25	21.75	3827200
04/04/2016	22.5	22.75	22.35	22.35	819800
04/01/2016	22.15	22.8	22	22.5	4262900
03/31/16	22.4	22.8	21.8	22.15	2377000
03/30/16	21.85	22.6	21.8	22.3	5904700
03/29/16	21.55	22.2	21.5	21.8	4308500
03/28/16	21.15	21.6	20.95	21.4	4213000
03/23/16	20.85	21.5	20.7	20.9	3959300
03/22/16	20.9	21.25	20.4	20.75	5684100
03/21/16	21.25	21.45	20.75	20.75	3595000
03/18/16	21.4	21.55	20.85	20.85	5354300
03/17/16	21.25	21.65	20.85	20.85	1654600
03/16/16	21.45	21.45	20.8	20.9	4474000
03/15/16	21.65	21.7	20.95	21.5	2627400
03/14/16	22	22.2	21.2	21.2	2403600
03/11/2016	21.25	22.05	21.25	21.9	6629500
03/10/2016	20	21.4	20	21.25	9128700
03/09/2016	19.68	20.15	19.68	19.9	4314400
03/08/2016	20.5	20.5	19.4	19.68	5083800
03/07/2016	20.4	20.55	19.9	20	3121000
03/04/2016	20.45	20.5	19.94	19.96	1709600
03/03/2016	20.35	20.8	20	20	3632700
03/02/2016	20.4	20.6	20.15	20.35	4203700
03/01/2016	19.8	20.4	19.58	20.4	1641300
02/29/16	20.25	20.8	19.5	19.8	1648200
02/26/16	20.15	20.5	20	20.2	684900
02/24/16	20.5	20.75	20.15	20.25	2000900
02/23/16	21.15	21.5	20.2	20.5	3871400
02/22/16	21.1	21.75	20.5	21	6467500
02/19/16	20.25	21.2	19.52	21.1	13658500
02/18/16	18.8	20.3	18.8	20.3	15899200
02/17/16	18.78	19	18.7	18.7	6909700
02/16/16	18.1	18.86	18.1	18.7	9566500
02/15/16	17.7	18.1	17.7	18	7025700
02/12/2016	18	18.08	17.66	17.68	4355700
02/11/2016	18.24	18.3	17.96	18.04	2860800
02/10/2016	18.4	18.4	18.2	18.24	1020700
02/09/2016	18.9	18.9	18.4	18.4	1506600
02/05/2016	19	19	18.68	18.9	4301200
02/04/2016	18.36	19.2	18.36	18.92	16395600
02/03/2016	18.36	18.4	18.1	18.3	12091200
02/02/2016	18.6	18.64	18.3	18.36	1191800
02/01/2016	18.68	18.9	18.28	18.4	4140700
01/29/16	18.54	18.54	17.98	18.4	4217000
01/28/16	18.6	18.74	18.28	18.28	4390700
01/27/16	18.3	18.6	18.28	18.6	2795500
01/26/16	18.08	18.7	17.76	18.12	3564700
01/25/16	18.12	18.88	18.1	18.1	7258300
01/22/16	18.24	18.24	17.6	17.9	8411300
01/21/16	18.28	18.6	18	18.24	1985900
01/20/16	18.5	18.62	18.18	18.26	2161300
01/19/16	19.06	19.2	18.12	18.5	6780300
01/18/16	19.02	19.28	19	19.06	2496300
01/15/16	20.15	20.8	19.36	19.38	5200600
01/14/16	20.45	20.7	20	20	1081000
01/13/16	20.2	20.7	20.2	20.45	1562100
01/12/2016	20.4	20.8	20.1	20.15	3266700
01/11/2016	21.1	21.2	20.1	20.4	4005200
01/08/2016	21.4	21.75	21	21.1	2619000
01/07/2016	22.3	22.3	21.5	21.5	1372400
01/06/2016	22.15	22.65	22.15	22.3	686400
01/05/2016	22.25	22.4	21.95	22.15	1030500
01/04/2016	22.6	22.6	21.9	22.15	1786800
12/29/15	22.7	22.7	22.5	22.6	986500
12/28/15	22.4	22.75	22.4	22.7	611700
12/23/15	22.7	22.8	22.15	22.4	1731300
12/22/15	22.8	22.95	22.25	22.25	1614000
12/21/15	22.25	22.95	22.25	22.8	535600
12/18/15	22.45	22.7	22.1	22.2	1828100
12/17/15	22.7	23.25	22.5	22.5	1840100
12/16/15	22.45	22.65	22	22.45	3904700
12/15/15	22.1	22.65	22.05	22.45	881200
12/14/15	21.8	22	21.3	22	2052900
12/11/2015	23.2	23.4	22	22	4366600
12/10/2015	24	24.25	23	23.1	529200
12/09/2015	23.7	24.5	23.65	23.85	1017000
12/08/2015	24.4	24.4	23.45	23.65	799700
12/07/2015	24.5	24.55	24.25	24.4	1506300
12/04/2015	24.5	24.5	24	24.3	1667200
12/03/2015	24.7	24.8	23.75	24.5	2060900
12/02/2015	23.8	24.7	23.75	24.7	2960000
12/01/2015	22.55	23.8	22.55	23.7	2780000
11/27/15	22.75	23	22.5	22.5	2557800
11/26/15	22.95	23	22.5	22.55	1615300
11/25/15	23	23	22.6	22.75	1983200
11/24/15	23.3	23.5	22.8	22.9	809500
11/23/15	22.55	23.4	22.55	23.2	2183000
11/20/15	21.9	22.45	21.9	22.2	1528700
11/17/15	22.5	22.95	21.8	21.8	3045900
11/16/15	23	23	22.1	22.1	1274600
11/13/15	23.3	23.4	22.75	23	1181600
11/12/2015	23.5	23.7	22.9	23	3253300
11/11/2015	23.95	24.15	23	23	1632000
11/10/2015	23.75	24.3	23.7	23.7	753900
11/09/2015	24.25	24.85	23.6	23.75	872500
11/06/2015	25	25.3	24.2	24.2	2959900
11/05/2015	25.5	25.5	24.95	25	2248500
11/04/2015	25.95	25.95	25.2	25.2	2161000
11/03/2015	26	26.05	25.5	25.9	1248400
11/02/2015	25.45	25.95	25	25.95	1316200
10/30/15	25.5	25.5	25	25.3	2121200
10/29/15	26.1	26.45	25.35	25.5	1952800
10/28/15	26.5	26.5	25.6	26	1468100
10/27/15	26.5	26.65	26.2	26.5	575200
10/26/15	26.75	27	26.6	26.6	2126700
10/23/15	26.25	26.7	26.25	26.7	1725400
10/22/15	26.1	26.5	25.5	26.2	1686900
10/21/15	26.25	26.75	25.9	26	1752000
10/20/15	25.3	26.3	25.3	26.25	4084000
10/19/15	24.55	25.2	24.4	25.2	4108500
10/16/15	23.5	24.75	23.4	24.55	7743000
10/15/15	23.7	23.7	23.2	23.3	544000
10/14/15	24	24.1	23.05	23.1	2998400
10/13/15	24.65	24.7	23.75	24	807500
10/12/2015	24	24.75	23.7	24.65	3543300
10/09/2015	23.65	24.15	23.4	23.4	2408200
10/08/2015	23.8	24	23.3	23.4	1911000
10/07/2015	23.95	23.95	23.45	23.75	4468800
10/06/2015	23	23.9	23	23.35	3055200
10/05/2015	22.05	22.9	22	22.7	3407200
10/02/2015	22.6	22.6	21.9	21.9	3398900
10/01/2015	22.5	22.7	22.25	22.25	2755000
09/30/15	22.75	22.75	22.05	22.15	2559300
09/29/15	22.05	23.3	21.95	22.95	2046300
09/28/15	22.75	22.75	22.05	22.05	1297500
09/24/15	23.25	23.25	22.5	22.6	1485200
09/23/15	23	23	22.6	22.6	1374600
09/22/15	23.7	23.95	22.9	22.95	2204800
09/21/15	24.1	24.1	23.3	23.5	964100
09/18/15	24	24.75	23.95	24	5509600
09/17/15	23.65	24.25	23.6	23.9	3240100
09/16/15	23.75	24	23.4	23.5	2753600
09/15/15	22.2	23.7	22.1	23.7	4899900
09/14/15	22	22.4	21.55	22	3746100
09/11/2015	22.45	22.95	21.9	21.9	1612200
09/10/2015	23.5	23.5	22.4	22.45	1512400
09/09/2015	23.05	23.8	23.05	23.4	2310800
09/08/2015	23	23	22.8	22.9	1950100
09/07/2015	23.4	23.5	22.85	23	2439100
09/04/2015	23.95	23.95	23.35	23.4	1558900
09/03/2015	23.7	24	23	24	784900
09/02/2015	23.7	23.8	23.15	23.8	784600
09/01/2015	23.6	23.95	23.6	23.8	4171800
08/28/15	23.7	23.8	23.15	23.35	2266000
08/27/15	23.4	23.8	23.1	23.35	2948500
08/26/15	22	23.5	22	22.9	5296400
08/25/15	21.5	22	21.3	21.6	2046700
08/24/15	23.25	23.25	21.3	22	5101500
08/20/15	24.45	24.5	23.75	23.75	2748600
08/19/15	24.55	24.75	24.35	24.4	1688700
08/18/15	24.75	25.15	24.5	24.55	1229100
08/17/15	25.6	25.6	24.75	24.75	2027200
08/14/15	26	26	25.6	25.6	1698900
08/13/15	26	26	25.3	25.4	1766600
08/12/2015	26	26	25.75	25.75	2991500
08/11/2015	26.1	26.25	26	26	1770900
08/10/2015	26.1	26.5	25.8	25.8	1687300
08/07/2015	26.45	26.7	25.85	25.9	3127400
08/06/2015	26.85	26.85	26.1	26.1	1978200
08/05/2015	26.95	27	26.55	26.75	6258700
08/04/2015	26.5	27	26.5	26.95	1198400
08/03/2015	26.05	26.55	26.05	26.5	1853600
07/31/15	26.3	26.3	25.85	25.85	846500
07/30/15	26.45	26.7	26	26.1	2131000
07/29/15	26.5	27	26.15	26.45	5051800
07/28/15	27.1	27.1	26.3	26.45	5029600
07/27/15	27.4	27.4	27	27.1	1374500
07/24/15	27.5	27.8	27.2	27.3	1663300
07/23/15	27.7	28.15	27.45	27.5	7594700
07/22/15	26	27.5	26	27.5	5909300
07/21/15	25.75	26.1	25.75	26	1717800
07/20/15	25.6	25.95	25.5	25.75	2792500
07/16/15	25.4	25.6	25.35	25.45	4580700
07/15/15	25.2	25.45	25.2	25.25	6224900
07/14/15	25.1	25.3	25.05	25.15	875100
07/13/15	24.9	25	24.7	24.85	6466700
07/10/2015	24.95	25.7	24.8	24.85	3587600
07/09/2015	24.9	24.9	24.5	24.75	4926800
07/08/2015	25.6	25.9	24.95	24.95	4261300
07/07/2015	26.1	26.25	25.55	25.55	2239200
07/06/2015	26.5	26.5	25.8	26	1065200
07/03/2015	26.7	26.8	26.15	26.15	769000
07/02/2015	26.5	27.1	26	26.6	5113700
07/01/2015	26.2	26.5	25.6	26.5	2677400
06/30/15	24.6	27	24.3	27	5836400
06/29/15	25	25	24.65	24.65	3286000
06/26/15	25.5	25.6	25	25	1598900
06/25/15	25.6	25.6	25.3	25.5	2086900
06/24/15	25.65	25.7	25.5	25.6	3548100
06/23/15	25.5	25.65	25.4	25.4	3267000
06/22/15	25.95	25.95	25.25	25.35	3266600
06/19/15	25.5	25.6	25.3	25.35	2816200
06/18/15	25.7	25.7	25	25.35	3850300
06/17/15	25.65	25.65	25.1	25.5	1506000
06/16/15	25.65	25.8	25.15	25.15	3470300
06/15/15	25	25.45	25	25.3	3282700
06/11/2015	25.4	25.85	25	25	1947200
06/10/2015	25.15	25.55	24.85	25.35	1621500
06/09/2015	26.1	26.3	24.75	25	3897400
06/08/2015	26.65	26.65	26.05	26.1	1457100
06/05/2015	26.5	26.75	26	26.7	3204100
06/04/2015	26.5	26.7	26.25	26.6	2071000
06/03/2015	26.4	26.4	25.8	26	4160200
06/02/2015	26.8	26.8	26.25	26.4	1909200
06/01/2015	26.95	26.95	25.9	26.75	4276800
05/29/15	26	26.95	26	26.95	5988500
05/28/15	26	26.15	25.45	26	6387900
05/27/15	26.8	26.95	25.55	25.55	8010300
05/26/15	26.75	27	26.3	26.7	4519900
05/25/15	27.05	27.5	26.65	26.65	2284900
05/22/15	27	27.3	26.85	27	6541300
05/21/15	27.25	27.25	26.75	26.85	2738700
05/20/15	27.5	27.5	27.1	27.25	4512500
05/19/15	27.8	27.8	27.05	27.05	3366600
05/18/15	27.95	28	27.3	27.8	3174100
05/15/15	27.75	27.95	27.7	27.8	1862500
05/14/15	27.25	27.8	27.15	27.3	9844500
05/13/15	27.25	27.3	27	27.15	3342200
05/12/2015	27.1	27.35	26.65	27.25	2029000
05/11/2015	27.65	28	26.9	27.1	4387500
05/08/2015	28.55	28.55	27.55	27.55	7370300
05/07/2015	28.3	28.5	27.9	28.5	3505700
05/06/2015	28.75	28.75	28.25	28.55	2719700
05/05/2015	28.3	28.85	28.15	28.75	3196600
05/04/2015	28.1	28.35	27.8	28	4207200
04/30/15	28.3	28.3	27.85	28.1	4729500
04/29/15	28.15	28.35	27.9	28.3	1632000
04/28/15	28.5	28.5	27.8	28.15	2693200
04/27/15	28.55	28.65	28.1	28.4	3691600
04/24/15	27.65	28.65	27.65	28.55	6322900
04/23/15	27.7	28.05	27.45	27.45	6227800
04/22/15	28.2	28.2	27.3	27.5	6335000
04/21/15	28.55	28.9	27.75	27.8	4909100
04/20/15	28.95	28.95	27.95	28.5	2089400
04/17/15	28.4	29	28.4	28.95	2655200
04/16/15	28.3	28.4	27.35	28.3	10873500
04/15/15	29.3	29.3	27.9	28.3	6606400
04/14/15	29.3	29.4	29	29.3	2796500
04/13/15	29.55	29.8	29.25	29.4	6665800
04/10/2015	30.05	30.3	29.4	29.55	5005100
04/08/2015	30.5	30.5	29.8	30	1993300
04/07/2015	30.95	30.95	30.2	30.5	2128500
04/06/2015	30.9	31.3	30.05	30.95	5286800
04/01/2015	30.5	30.95	30.3	30.95	5353100
03/31/15	30.4	30.75	30.35	30.5	5427300
03/30/15	30	30.45	29.85	30.4	2767700
03/27/15	29.75	30.2	29.45	30.2	3669400
03/26/15	28.95	29.65	28.85	29.5	1609700
03/25/15	29.05	29.2	28.75	28.95	3059300
03/24/15	29.5	29.5	29.05	29.05	1870100
03/23/15	29.2	29.7	29.2	29.5	1395900
03/20/15	29.8	29.9	29	29.1	2853300
03/19/15	29.5	29.8	29.2	29.3	3016500
03/18/15	29.7	29.75	29.4	29.4	2382100
03/17/15	29.6	29.75	29.5	29.55	2279000
03/16/15	29.65	29.75	29.2	29.45	3305300
03/13/15	29.65	30.2	29.5	29.6	3240100
03/12/2015	29.9	30.05	28.95	29.5	6444700
03/11/2015	30.3	30.3	29.35	29.85	11881700
03/10/2015	30.5	30.9	30.4	30.55	1664700
03/09/2015	30.9	30.95	29.9	30.5	3913700
03/06/2015	30.35	30.95	30.35	30.8	4190700
03/05/2015	30.1	30.6	30	30.3	2080900
03/04/2015	30.45	30.5	30	30.2	1668100
03/03/2015	29.7	30.85	29.7	30.15	9620400
03/02/2015	29.25	29.85	29.2	29.5	5162600
02/27/15	29.2	29.45	28.9	29.15	1180800
02/26/15	29	29.45	28.95	29.2	4426100
02/25/15	29.25	29.25	28.95	29	3685200
02/24/15	29	29.35	28.95	29	4442500
02/23/15	29.2	29.45	28.8	29	4304400
02/20/15	29.25	29.25	28.55	29	5833900
02/18/15	28.95	29.45	28.8	29	3803400
02/17/15	29	29.25	28.75	28.85	7249900
02/16/15	29.3	29.5	28.6	28.65	6012500
02/13/15	28.45	29.5	28.45	29.15	13616800
02/12/2015	28.3	28.9	27.9	28.15	7544500
02/11/2015	28.9	29.25	27.85	28.15	6000800
02/10/2015	28.95	29.75	28.45	28.7	10568500
02/09/2015	29.3	29.3	28.5	28.7	7309400
02/06/2015	30.05	30.45	28.8	29	8792100
02/05/2015	30.6	30.8	29.55	29.65	9770200
02/04/2015	30.95	31.25	30.3	30.45	4930500
02/03/2015	30.4	31.35	30.05	30.05	4398700
02/02/2015	31.1	31.1	29.8	30.35	4097100
01/30/15	30.9	31.6	30.9	31.1	3481500
01/29/15	31.5	31.8	30.7	30.85	8132700
01/28/15	29.75	31.5	29.75	31.2	14673100
01/27/15	29.5	29.9	28.9	29.5	18038100
01/26/15	29.4	30	28.6	28.6	13512400
01/23/15	27.7	29.5	27.7	29.25	17386400
01/22/15	26.5	27.5	26.15	27.4	16265100
01/21/15	25.9	26.7	25.7	26.15	10511300
01/20/15	26.25	26.45	25.8	26	3549900
01/19/15	26.2	26.4	25.5	26.25	1706700
01/14/15	26.1	26.5	26.1	26.2	12319800
01/13/15	26.2	26.3	26	26.05	2446500
01/12/2015	26.35	26.5	26.3	26.35	1099300
01/09/2015	26.6	26.65	26.3	26.35	1591800
01/08/2015	26.65	26.7	26.2	26.5	961600
01/07/2015	26.65	26.8	26.2	26.5	1872500
01/06/2015	26	26.8	25.9	26.2	3952200
01/05/2015	25.65	26.15	25.4	26	1164800
