GLO 1216

12/27/19	1965.911	1997.397	1965.911	1987.557	35662.7694
12/26/19	1983.622	1983.622	1954.103	1964.927	12470.28158
12/23/19	1979.686	1997.397	1963.943	1979.686	32141.21066
12/20/19	2007.236	2011.172	1967.879	1983.622	175666.3259
12/19/19	1967.879	2005.268	1943.28	1967.879	30408.38018
12/18/19	1948.2	2009.204	1913.762	2009.204	81427.78809
12/17/19	1903.923	1948.2	1903.923	1948.2	31302.7443
12/16/19	1946.232	1946.232	1903.923	1903.923	22013.5533
12/13/19	1946.232	1948.2	1908.842	1946.232	39489.22499
12/12/2019	1908.842	1933.441	1902.939	1902.939	61289.35048
12/11/2019	1904.906	1948.2	1901.955	1948.2	27704.96135
12/10/2019	1899.987	1914.746	1899.003	1899.003	12383.89413
12/09/2019	1912.778	1912.778	1902.939	1905.89	7251.463655
12/06/2019	1902.939	1918.682	1902.939	1912.778	9553.434948
12/05/2019	1903.923	1938.36	1903.923	1903.923	23588.85374
12/04/2019	1948.2	1948.2	1902.939	1902.939	30403.29856
12/03/2019	1947.216	1948.2	1899.987	1948.2	39011.55324
12/02/2019	1912.778	1948.2	1901.955	1948.2	61035.26977
11/29/19	1869.485	1908.842	1869.485	1908.842	40165.0797
11/28/19	1866.533	1899.003	1866.533	1899.003	24015.70934
11/27/19	1899.003	1915.73	1863.581	1863.581	38335.69854
11/26/19	1913.762	1918.682	1869.485	1918.682	102582.5486
11/25/19	1903.923	1913.762	1874.404	1913.762	29117.65013
11/22/19	1905.89	1918.682	1879.324	1910.81	45307.6734
11/21/19	1876.372	1916.714	1870.469	1905.89	99538.66158
11/20/19	1869.485	1886.212	1854.726	1869.485	33889.28599
11/19/19	1879.324	1922.617	1879.324	1898.019	52686.17742
11/18/19	1886.212	1888.179	1850.79	1879.324	20829.53716
11/15/19	1903.923	1903.923	1873.42	1886.212	32908.53443
11/14/19	1843.902	1898.019	1843.902	1897.035	34880.20079
11/13/19	1877.356	1878.34	1835.047	1839.966	53854.94871
11/12/2019	1887.196	1887.196	1850.79	1879.324	20387.43671
11/11/2019	1874.404	1898.019	1839.966	1839.966	25860.33535
11/08/2019	1856.693	1884.244	1837.999	1869.485	38691.41154
11/07/2019	1830.127	1839.966	1814.384	1839.966	16850.63313
11/06/2019	1849.806	1855.71	1794.705	1794.705	30875.88869
11/05/2019	1833.079	1848.822	1825.207	1837.999	67626.12356
11/04/2019	1810.448	1830.127	1804.545	1816.352	51517.40612
10/31/19	1814.384	1820.288	1790.77	1794.705	28690.79453
10/30/19	1813.4	1820.288	1805.529	1805.529	39377.42948
10/29/19	1835.047	1835.047	1813.4	1820.288	81549.74683
10/28/19	1870.469	1870.469	1835.047	1835.047	33995.9999
10/25/19	1871.453	1884.244	1860.629	1884.244	35703.42231
10/24/19	1887.196	1889.163	1870.469	1889.163	39971.97835
10/23/19	1849.806	1889.163	1849.806	1889.163	49733.75949
10/22/19	1859.645	1869.485	1842.918	1865.549	24213.8923
10/21/19	1848.822	1859.645	1837.015	1859.645	15016.17036
10/18/19	1840.95	1847.838	1839.966	1844.886	86910.84996
10/17/19	1810.448	1844.886	1810.448	1839.966	40683.40436
10/16/19	1807.496	1839.966	1806.513	1810.448	78749.77734
10/15/19	1815.368	1815.368	1796.673	1808.48	45612.57026
10/14/19	1790.77	1825.207	1790.77	1814.384	23959.81159
10/11/2019	1790.77	1793.721	1782.898	1788.802	17379.12102
10/10/2019	1776.994	1786.834	1776.994	1783.882	29331.07794
10/09/2019	1769.123	1788.802	1760.267	1780.93	36963.66267
10/08/2019	1771.091	1789.786	1762.235	1765.187	30210.19722
10/07/2019	1755.348	1770.107	1755.348	1769.123	15168.61879
10/04/2019	1741.573	1754.364	1736.653	1754.364	32395.29138
10/03/2019	1771.091	1771.091	1727.797	1741.573	19833.54075
10/02/2019	1796.673	1796.673	1756.332	1764.203	60364.49668
10/01/2019	1800.609	1804.545	1796.673	1798.641	23212.81428
09/30/19	1805.529	1829.143	1797.657	1800.609	31770.25282
09/27/19	1837.999	1838.983	1803.561	1805.529	64246.85003
09/26/19	1815.368	1838.983	1797.657	1827.175	64983.68411
09/25/19	1830.127	1847.838	1802.577	1823.24	39397.75593
09/24/19	1861.613	1861.613	1796.673	1796.673	58906.07336
09/23/19	1879.324	1879.324	1853.742	1853.742	15747.92282
09/20/19	1869.485	1893.099	1861.613	1879.324	63174.6294
09/19/19	1913.762	1913.762	1859.645	1859.645	93527.11182
09/18/19	1937.376	1937.376	1903.923	1903.923	19299.97124
09/17/19	1899.987	1938.36	1899.987	1938.36	36150.60437
09/16/19	1923.601	1929.505	1899.003	1917.698	24417.15688
09/13/19	1906.874	1937.376	1906.874	1936.393	26246.53804
09/12/2019	1903.923	1934.425	1903.923	1903.923	15031.4152
09/11/2019	1938.36	1958.039	1903.923	1908.842	51629.20163
09/10/2019	1928.521	1953.119	1928.521	1938.36	31023.25551
09/09/2019	1915.73	1948.2	1905.89	1948.2	29529.2609
09/06/2019	1918.682	1922.617	1879.324	1915.73	33660.61335
09/05/2019	1894.083	1907.858	1869.485	1869.485	73027.8796
09/04/2019	1965.911	1965.911	1891.131	1891.131	47467.3595
09/03/2019	1975.75	1975.75	1940.328	1956.071	13882.97036
09/02/2019	1919.666	1977.718	1919.666	1977.718	22953.65195
08/30/19	1870.469	1997.397	1870.469	1997.397	98842.48041
08/29/19	1869.485	1893.099	1859.645	1893.099	36917.92814
08/28/19	1878.34	1878.34	1849.806	1869.485	34697.26267
08/27/19	1868.501	1888.179	1849.806	1849.806	116241.9279
08/23/19	1859.645	1869.485	1859.645	1868.501	48300.74425
08/22/19	1869.485	1907.858	1863.581	1869.485	99045.74499
08/20/19	1899.003	1899.003	1852.758	1869.485	60908.22941
08/19/19	1887.196	1916.714	1849.806	1869.485	60044.35497
08/16/19	1928.521	1956.071	1884.244	1884.244	49296.74066
08/15/19	1928.521	1948.2	1879.324	1928.521	47436.86981
08/14/19	1923.601	1967.879	1879.324	1927.537	44835.08327
08/13/19	1944.264	1944.264	1860.629	1933.441	88973.98538
08/09/2019	1941.312	1989.525	1918.682	1918.682	27623.65552
08/08/2019	1948.2	1997.397	1939.344	1939.344	93862.49837
08/07/2019	1948.2	1961.975	1911.794	1928.521	39291.04203
08/06/2019	1948.2	1958.039	1903.923	1922.617	55603.02404
08/05/2019	2066.273	2066.273	1952.136	1952.136	64739.76662
08/02/2019	2064.305	2082.016	2024.947	2066.273	26734.37301
08/01/2019	2117.437	2117.437	2026.915	2064.305	49804.90209
07/31/19	2156.795	2180.409	2113.502	2113.502	91900.99523
07/30/19	2164.666	2207.96	2154.827	2154.827	36928.09137
07/29/19	2174.506	2223.703	2154.827	2223.703	26520.94521
07/26/19	2198.12	2200.088	2168.602	2184.345	37954.57746
07/25/19	2164.666	2200.088	2141.052	2200.088	69902.68678
07/24/19	2144.988	2164.666	2139.084	2154.827	32766.24923
07/23/19	2144.988	2178.442	2144.988	2144.988	17638.28335
07/22/19	2176.474	2202.056	2168.602	2180.409	19167.84927
07/19/19	2202.056	2223.703	2184.345	2207.96	95900.22571
07/18/19	2176.474	2196.152	2146.956	2194.185	51405.6106
07/17/19	2107.598	2172.538	2107.598	2144.988	19381.27707
07/16/19	2204.024	2209.928	2105.63	2105.63	55450.57561
07/15/19	2148.923	2205.992	2148.923	2196.152	77906.22936
07/12/2019	2164.666	2204.024	2078.08	2164.666	38701.57477
07/11/2019	2137.116	2184.345	2117.437	2164.666	84989.99974
07/10/2019	2097.759	2139.084	2097.759	2139.084	65349.56034
07/09/2019	2129.245	2129.245	2078.08	2097.759	63408.38366
07/08/2019	2225.671	2225.671	2143.02	2160.731	35108.87343
07/05/2019	2223.703	2223.703	2200.088	2221.735	33508.16492
07/04/2019	2200.088	2239.446	2198.12	2221.735	57615.34332
07/03/2019	2180.409	2202.056	2178.442	2200.088	57803.36305
07/02/2019	2217.799	2233.542	2178.442	2184.345	42014.78731
07/01/2019	2225.671	2231.574	2188.281	2194.185	45434.71376
06/28/19	2223.703	2233.542	2196.152	2225.671	137813.3807
06/27/19	2204.024	2243.382	2204.024	2243.382	65410.53971
06/26/19	2174.506	2231.574	2166.634	2223.703	56914.08054
06/25/19	2172.538	2192.217	2156.795	2164.666	39707.73441
06/24/19	2182.377	2194.185	2146.956	2172.538	37924.08778
06/21/19	2192.217	2194.185	2168.602	2194.185	48961.35411
06/20/19	2223.703	2223.703	2172.538	2178.442	40612.26176
06/19/19	2184.345	2223.703	2166.634	2223.703	62524.18277
06/18/19	2109.566	2164.666	2109.566	2164.666	34229.75415
06/17/19	2166.634	2202.056	2087.919	2127.277	33553.89945
06/14/19	2194.185	2204.024	2154.827	2184.345	54713.74154
06/13/19	2202.056	2237.478	2137.116	2184.345	92963.05263
06/11/2019	2194.185	2207.96	2164.666	2164.666	47792.58281
06/10/2019	2198.12	2207.96	2190.249	2190.249	11184.63315
06/07/2019	2194.185	2235.51	2194.185	2204.024	30728.52188
06/06/2019	2257.157	2270.932	2213.863	2237.478	51425.93706
06/04/2019	2231.574	2261.092	2166.634	2257.157	99701.27324
06/03/2019	2135.148	2223.703	2131.213	2223.703	73718.97915
05/31/19	2184.345	2202.056	2135.148	2135.148	83719.59616
05/30/19	2156.795	2194.185	2093.823	2174.506	82733.76297
05/29/19	2105.63	2150.891	2099.726	2141.052	62132.89846
05/28/19	2030.851	2133.18	2030.851	2078.08	202593.8003
05/27/19	2028.883	2076.112	2028.883	2046.594	31800.7425
05/24/19	2017.076	2068.24	2017.076	2054.465	74593.01681
05/23/19	2066.273	2115.469	2056.433	2066.273	95732.53244
05/22/19	2036.754	2117.437	2036.754	2115.469	89817.53336
05/21/19	1985.589	2080.048	1967.879	2080.048	136542.9772
05/20/19	1955.087	1989.525	1942.296	1985.589	40068.52902
05/17/19	1899.003	1967.879	1899.003	1966.895	77540.35312
05/16/19	1913.762	1952.136	1899.003	1918.682	40536.03754
05/15/19	1962.959	1985.589	1949.184	1953.119	62559.75407
05/14/19	1967.879	1979.686	1943.28	1965.911	107049.2876
05/10/2019	1967.879	1979.686	1943.28	1962.959	91840.01586
05/09/2019	1956.071	1977.718	1940.328	1966.895	102841.7109
05/08/2019	1966.895	1967.879	1929.505	1966.895	132528.5018
05/07/2019	1837.999	1965.911	1837.999	1958.039	177566.8497
05/06/2019	1809.464	1835.047	1808.48	1835.047	61848.32806
05/03/2019	1775.026	1798.641	1767.155	1771.091	71356.02848
05/02/2019	1761.251	1780.93	1761.251	1770.107	41679.40077
04/30/19	1773.059	1799.625	1751.412	1751.412	35652.60617
04/29/19	1742.556	1810.448	1742.556	1771.091	41125.50481
04/26/19	1751.412	1751.412	1733.701	1737.637	37090.70302
04/25/19	1761.251	1807.496	1726.813	1751.412	54149.68234
04/24/19	1801.593	1843.902	1761.251	1761.251	72621.35045
04/23/19	1830.127	1834.063	1800.609	1800.609	52264.40343
04/22/19	1835.047	1859.645	1829.143	1847.838	9558.516563
04/17/19	1836.031	1874.404	1835.047	1835.047	15788.57574
04/16/19	1853.742	1879.324	1836.031	1836.031	22816.44836
04/15/19	1860.629	1884.244	1848.822	1853.742	22008.47168
04/12/2019	1863.581	1889.163	1859.645	1859.645	19452.41967
04/11/2019	1879.324	1889.163	1863.581	1863.581	19970.74433
04/10/2019	1892.115	1892.115	1869.485	1879.324	40287.03844
04/08/2019	1877.356	1904.906	1869.485	1892.115	23385.58917
04/05/2019	1911.794	1911.794	1877.356	1877.356	15819.06542
04/04/2019	1903.923	1923.601	1881.292	1889.163	33106.71739
04/03/2019	1891.131	1923.601	1864.565	1923.601	27704.96135
04/02/2019	1887.196	1898.019	1870.469	1891.131	15326.14883
04/01/2019	1906.874	1918.682	1879.324	1887.196	15153.37394
03/29/19	1918.682	1947.216	1899.003	1906.874	35063.13891
03/28/19	1908.842	1945.248	1879.324	1918.682	13344.31924
03/27/19	1913.762	1958.039	1907.858	1913.762	12551.58741
03/26/19	1963.943	1965.911	1909.826	1915.73	25814.60082
03/25/19	1958.039	1966.895	1899.003	1966.895	22663.99993
03/22/19	1940.328	1963.943	1919.666	1963.943	24361.25912
03/21/19	1904.906	1948.2	1904.906	1940.328	19096.70667
03/20/19	1940.328	1947.216	1905.89	1905.89	14563.90668
03/19/19	1908.842	1955.087	1908.842	1955.087	33315.06357
03/18/19	1875.388	1930.489	1875.388	1928.521	30921.62322
03/15/19	1898.019	1915.73	1865.549	1885.228	182409.6281
03/14/19	1869.485	1899.003	1830.127	1899.003	26902.06629
03/13/19	1874.404	1874.404	1821.272	1821.272	44840.16488
03/12/2019	1859.645	1879.324	1835.047	1847.838	35703.42231
03/11/2019	1892.115	1894.083	1869.485	1869.485	27735.45104
03/08/2019	1882.276	1904.906	1882.276	1892.115	11474.28517
03/07/2019	1877.356	1886.212	1847.838	1881.292	24066.52549
03/06/2019	1868.501	1868.501	1844.886	1848.822	26866.49498
03/05/2019	1837.999	1868.501	1837.999	1848.822	23914.07706
03/04/2019	1859.645	1859.645	1833.079	1839.966	54683.25185
03/01/2019	1869.485	1878.34	1849.806	1872.436	32979.67703
02/28/19	1865.549	1869.485	1832.095	1869.485	59561.60161
02/27/19	1869.485	1880.308	1854.726	1865.549	37609.02769
02/26/19	1888.179	1888.179	1832.095	1869.485	41664.15593
02/22/19	1858.661	1876.372	1858.661	1870.469	19665.84747
02/21/19	1868.501	1868.501	1840.95	1859.645	62788.42671
02/20/19	1830.127	1874.404	1825.207	1836.031	69308.1379
02/19/19	1849.806	1869.485	1821.272	1821.272	58738.38009
02/18/19	1869.485	1906.874	1849.806	1849.806	82240.84638
02/15/19	1899.003	1951.152	1859.645	1859.645	34478.75326
02/14/19	1956.071	1957.055	1877.356	1877.356	20743.14971
02/13/19	1936.393	1940.328	1889.163	1889.163	42533.11198
02/12/2019	1951.152	1981.654	1924.585	1924.585	39153.83844
02/11/2019	1987.557	2007.236	1948.2	1948.2	37573.45639
02/08/2019	1977.718	2001.333	1969.846	1997.397	26175.39544
02/07/2019	1989.525	2017.076	1971.814	1983.622	38091.78105
02/06/2019	2015.108	2083.983	1985.589	1985.589	20570.37482
02/04/2019	2026.915	2034.786	1987.557	1997.397	55709.73795
02/01/2019	1987.557	2056.433	1987.557	2036.754	32695.10663
01/31/19	2050.529	2052.497	1987.557	1987.557	94441.8024
01/30/19	2076.112	2113.502	2036.754	2052.497	43356.3335
01/29/19	2107.598	2119.405	2078.08	2115.469	32395.29138
01/28/19	2085.951	2125.309	2083.983	2107.598	52630.27966
01/25/19	2066.273	2095.791	2058.401	2085.951	44545.43125
01/24/19	2066.273	2097.759	2062.337	2082.016	71401.76301
01/23/19	2054.465	2076.112	2026.915	2066.273	56538.04108
01/22/19	2046.594	2060.369	2019.043	2060.369	22211.73625
01/21/19	2058.401	2064.305	2026.915	2046.594	14990.76229
01/18/19	2028.883	2062.337	2028.883	2058.401	28817.83489
01/17/19	2007.236	2066.273	2007.236	2046.594	60298.43569
01/16/19	2052.497	2052.497	2003.3	2005.268	13293.5031
01/15/19	2026.915	2060.369	2005.268	2052.497	41445.64651
01/14/19	1983.622	2066.273	1958.039	2026.915	89604.10555
01/11/2019	1967.879	1983.622	1928.521	1983.622	28700.95776
01/10/2019	1899.003	1987.557	1889.163	1987.557	60100.25273
01/09/2019	1859.645	1903.923	1831.111	1899.003	54175.09042
01/08/2019	1849.806	1868.501	1830.127	1830.127	31465.35596
01/07/2019	1842.918	1904.906	1830.127	1830.127	27217.12637
01/04/2019	1854.726	1882.276	1841.934	1841.934	14096.39816
01/03/2019	1869.485	1874.404	1854.726	1858.661	29021.09946
01/02/2019	1889.163	1889.163	1859.645	1869.485	6717.89415
12/28/18	1869.485	1888.179	1865.549	1869.485	26714.04655
12/27/18	1877.356	1884.244	1849.806	1866.533	27476.2887
12/26/18	1869.485	1898.019	1849.806	1877.356	13827.0726
12/21/18	1919.666	1928.521	1869.485	1869.485	48935.94604
12/20/18	1915.73	1945.248	1903.923	1918.682	45637.97834
12/19/18	1943.28	1959.023	1918.682	1948.2	58555.44197
12/18/18	1965.911	1987.557	1938.36	1938.36	61497.69667
12/17/18	2005.268	2011.172	1967.879	1967.879	15519.25018
12/14/18	2007.236	2013.14	1967.879	1985.589	28767.01875
12/13/18	1987.557	2017.076	1985.589	1997.397	112557.7575
12/12/2018	1979.686	2013.14	1916.714	1938.36	55323.53526
12/11/2018	2046.594	2066.273	1979.686	1979.686	29747.77031
12/10/2018	2054.465	2056.433	2024.947	2046.594	8216.970378
12/07/2018	2056.433	2064.305	2015.108	2042.658	62630.89667
12/06/2018	2058.401	2066.273	2030.851	2046.594	53529.7254
12/05/2018	2046.594	2074.144	2011.172	2066.273	25535.11203
12/04/2018	2005.268	2066.273	2003.3	2056.433	87540.97013
12/03/2018	1967.879	1985.589	1944.264	1983.622	85050.97911
11/29/18	1977.718	2005.268	1938.36	1938.36	108888.832
11/28/18	1967.879	1977.718	1919.666	1967.879	24036.0358
11/27/18	1969.846	1985.589	1956.071	1967.879	43559.59807
11/26/18	1943.28	1969.846	1941.312	1969.846	42207.88866
11/23/18	1873.42	1943.28	1873.42	1943.28	48981.68057
11/22/18	1903.923	1938.36	1903.923	1920.649	11494.61162
11/21/18	1922.617	1958.039	1857.677	1889.163	76026.03205
11/20/18	1966.895	2007.236	1920.649	1973.782	91245.46698
11/19/18	1894.083	1966.895	1893.099	1966.895	40200.651
11/16/18	1866.533	1898.019	1862.597	1894.083	82754.08943
11/15/18	1838.983	1868.501	1821.272	1835.047	64785.50115
11/14/18	1810.448	1835.047	1788.802	1835.047	53997.23391
11/13/18	1725.83	1810.448	1725.83	1800.609	79791.50827
11/12/2018	1723.862	1766.171	1705.167	1725.83	152600.8785
11/09/2018	1794.705	1830.127	1662.857	1700.247	178115.664
11/08/2018	1869.485	1869.485	1721.894	1793.721	205297.2191
11/07/2018	2066.273	2076.112	1889.163	1889.163	81783.50109
11/06/2018	2074.144	2085.951	2032.819	2074.144	31744.84475
11/05/2018	2066.273	2085.951	1997.397	2066.273	69120.11817
10/31/18	2024.947	2056.433	1969.846	2056.433	64384.05361
10/30/18	2019.043	2026.915	2007.236	2017.076	27044.35149
10/29/18	2017.076	2019.043	1967.879	2019.043	31211.27524
10/26/18	2017.076	2017.076	1987.557	2017.076	38930.24741
10/25/18	1997.397	2019.043	1967.879	2017.076	67981.83656
10/24/18	1997.397	2017.076	1967.879	2015.108	27079.92279
10/23/18	1965.911	2013.14	1952.136	1997.397	40078.69225
10/22/18	1908.842	1965.911	1895.067	1965.911	70182.17557
10/19/18	1967.879	2007.236	1884.244	1884.244	81951.19437
10/18/18	2050.529	2052.497	1967.879	1967.879	73805.36659
10/17/18	1979.686	2052.497	1979.686	2026.915	55730.0644
10/16/18	1977.718	2003.3	1960.007	1987.557	44697.87968
10/15/18	2105.63	2105.63	1961.975	1977.718	85716.67059
10/12/2018	2113.502	2243.382	2066.273	2066.273	128163.3951
10/11/2018	2113.502	2133.18	2076.112	2113.502	92114.42304
10/10/2018	2174.506	2213.863	2117.437	2133.18	41496.46265
10/09/2018	2272.9	2272.9	2143.02	2174.506	61380.81954
10/08/2018	2227.639	2341.776	2207.96	2292.579	117436.1073
10/05/2018	2137.116	2253.221	2137.116	2233.542	91718.05712
10/04/2018	2174.506	2184.345	2162.699	2184.345	46720.36219
10/03/2018	2135.148	2174.506	2135.148	2174.506	23405.91562
10/02/2018	2164.666	2172.538	2125.309	2164.666	35312.13801
10/01/2018	2164.666	2172.538	2072.176	2172.538	57615.34332
09/28/18	2164.666	2174.506	2158.763	2164.666	138346.9502
09/27/18	2036.754	2164.666	2036.754	2164.666	63886.05541
09/26/18	2144.988	2164.666	2032.819	2032.819	33680.93981
09/25/18	2174.506	2182.377	2144.988	2144.988	23355.09948
09/24/18	2164.666	2174.506	2144.988	2174.506	30093.32009
09/21/18	2095.791	2160.731	2095.791	2135.148	96469.36652
09/20/18	2127.277	2174.506	2085.951	2085.951	58484.29937
09/19/18	2164.666	2186.313	2121.373	2127.277	79263.02038
09/18/18	2184.345	2192.217	2154.827	2186.313	106266.719
09/17/18	2156.795	2190.249	2152.859	2184.345	78729.45088
09/14/18	2172.538	2172.538	2146.956	2156.795	67580.38903
09/13/18	2156.795	2170.57	2156.795	2164.666	115479.6857
09/12/2018	2085.951	2170.57	2085.951	2144.988	134068.231
09/11/2018	2076.112	2085.951	2070.208	2085.951	58616.42134
09/10/2018	2070.208	2091.855	2046.594	2070.208	108014.7943
09/07/2018	2046.594	2070.208	2019.043	2070.208	54322.45723
09/06/2018	2066.273	2082.016	1997.397	2044.626	281795.8413
09/05/2018	2080.048	2089.887	2028.883	2056.433	60455.96573
09/04/2018	2056.433	2099.726	2052.497	2085.951	33045.73801
09/03/2018	2080.048	2080.048	2048.562	2066.273	18984.91115
08/31/18	2026.915	2082.016	2021.011	2082.016	85909.77193
08/30/18	2062.337	2083.983	2048.562	2076.112	65171.70384
08/29/18	2017.076	2062.337	1997.397	2062.337	71559.29305
08/28/18	1966.895	2036.754	1966.895	2034.786	101850.7961
08/24/18	1999.365	2001.333	1960.991	1965.911	51466.58998
08/23/18	1964.927	2003.3	1963.943	1999.365	86900.68673
08/22/18	1954.103	1966.895	1954.103	1964.927	100433.0257
08/20/18	1933.441	1953.119	1891.131	1953.119	54983.0671
08/17/18	1936.393	1969.846	1919.666	1938.36	30072.99363
08/16/18	1892.115	1943.28	1892.115	1938.36	44184.63664
08/15/18	1830.127	1889.163	1830.127	1889.163	386421.1988
08/14/18	1887.196	1888.179	1772.075	1830.127	103919.0131
08/13/18	1941.312	1941.312	1886.212	1889.163	21596.86092
08/10/2018	1943.28	1948.2	1937.376	1944.264	18039.73089
08/09/2018	1979.686	1987.557	1932.457	1943.28	87175.0939
08/08/2018	1852.758	1997.397	1852.758	1991.493	311502.9587
08/07/2018	1771.091	1839.966	1771.091	1833.079	24229.13715
08/06/2018	1820.288	1835.047	1737.637	1771.091	42838.00884
08/03/2018	1820.288	1844.886	1800.609	1820.288	20524.6403
08/02/2018	1842.918	1842.918	1811.432	1820.288	10214.04481
08/01/2018	1799.625	1842.918	1790.77	1842.918	35932.09496
07/31/18	1783.882	1805.529	1755.348	1805.529	94182.64007
07/30/18	1790.77	1790.77	1767.155	1783.882	17658.60981
07/27/18	1771.091	1790.77	1737.637	1790.77	38528.79988
07/26/18	1751.412	1780.93	1751.412	1775.026	37832.61872
07/25/18	1751.412	1771.091	1751.412	1751.412	20113.02953
07/24/18	1695.327	1770.107	1693.36	1770.107	35200.34249
07/23/18	1702.215	1721.894	1678.6	1712.054	10564.6762
07/20/18	1716.974	1716.974	1673.681	1702.215	15661.53538
07/19/18	1707.135	1716.974	1695.327	1716.974	14619.80444
07/18/18	1681.552	1707.135	1679.584	1707.135	13105.48337
07/17/18	1642.195	1681.552	1633.339	1681.552	18929.01339
07/16/18	1638.259	1638.259	1631.371	1635.307	6245.304017
07/13/18	1608.741	1664.825	1608.741	1633.339	16479.67529
07/12/2018	1607.757	1634.323	1604.805	1613.66	8242.37845
07/11/2018	1624.484	1625.468	1610.709	1624.484	15768.24928
07/10/2018	1631.371	1638.259	1607.757	1623.5	15742.84121
07/09/2018	1640.227	1643.179	1607.757	1607.757	9324.762303
07/06/2018	1623.5	1643.179	1584.142	1640.227	24676.31921
07/05/2018	1613.66	1653.018	1613.66	1623.5	18568.21878
07/04/2018	1613.66	1665.809	1592.014	1665.809	21093.7811
07/03/2018	1574.303	1621.532	1573.319	1621.532	47335.23752
07/02/2018	1515.267	1574.303	1508.379	1574.303	23375.42594
06/29/18	1485.748	1539.865	1485.748	1515.267	47736.68506
06/28/18	1520.186	1520.186	1479.845	1482.797	27953.96045
06/27/18	1480.829	1553.64	1480.829	1520.186	39224.98105
06/26/18	1525.106	1544.785	1475.909	1475.909	55496.31014
06/25/18	1574.303	1574.303	1503.459	1505.427	56289.04198
06/22/18	1574.303	1575.287	1515.267	1515.267	24823.68602
06/21/18	1643.179	1643.179	1554.624	1554.624	47015.09582
06/20/18	1634.323	1634.323	1608.741	1625.468	37192.33531
06/19/18	1638.259	1642.195	1613.66	1634.323	34260.24384
06/18/18	1620.548	1651.05	1613.66	1633.339	36104.86984
06/14/18	1601.853	1653.018	1555.608	1653.018	60654.14869
06/13/18	1662.857	1662.857	1601.853	1623.5	57351.09938
06/11/2018	1632.355	1663.841	1621.532	1662.857	10635.8188
06/08/2018	1662.857	1662.857	1596.933	1633.339	34798.89496
06/07/2018	1613.66	1662.857	1613.66	1643.179	46074.99717
06/06/2018	1603.821	1618.58	1576.271	1611.693	113426.7136
06/05/2018	1549.704	1615.628	1549.704	1603.821	48686.94694
06/04/2018	1572.335	1579.223	1535.929	1579.223	24691.56405
06/01/2018	1551.672	1573.319	1531.993	1557.576	26149.98736
05/31/18	1498.54	1590.046	1498.54	1590.046	131115.813
05/30/18	1505.427	1517.234	1485.748	1498.54	55196.4949
05/29/18	1506.411	1534.945	1501.491	1505.427	23192.48782
05/28/18	1515.267	1525.106	1503.459	1503.459	30936.86807
05/25/18	1564.463	1574.303	1501.491	1508.379	48971.51734
05/24/18	1525.106	1553.64	1505.427	1505.427	56527.87785
05/23/18	1605.789	1635.307	1517.234	1517.234	79811.83473
05/22/18	1605.789	1643.179	1603.821	1604.805	24823.68602
05/21/18	1613.66	1645.146	1603.821	1603.821	17358.79457
05/18/18	1680.568	1681.552	1611.693	1611.693	19269.48156
05/17/18	1737.637	1737.637	1679.584	1682.536	33243.92097
05/16/18	1719.926	1737.637	1545.769	1737.637	20870.19007
05/15/18	1721.894	1742.556	1716.974	1723.862	29864.64744
05/11/2018	1672.697	1733.701	1672.697	1714.022	48199.11196
05/10/2018	1712.054	1712.054	1644.163	1662.857	51344.63123
05/09/2018	1623.5	1721.894	1618.58	1721.894	71838.78184
05/08/2018	1554.624	1659.906	1554.624	1618.58	73947.65179
05/07/2018	1495.588	1560.528	1475.909	1554.624	89111.18896
05/04/2018	1476.893	1504.443	1451.31	1451.31	24711.89051
05/03/2018	1514.283	1514.283	1475.909	1475.909	29696.95417
05/02/2018	1495.588	1514.283	1495.588	1500.507	15646.29053
04/30/18	1484.764	1515.267	1476.893	1515.267	30769.17479
04/27/18	1475.909	1491.652	1459.182	1484.764	39021.71647
04/26/18	1474.925	1475.909	1459.182	1475.909	18664.76945
04/25/18	1477.877	1549.704	1456.23	1456.23	43056.51825
04/24/18	1502.475	1502.475	1475.909	1475.909	103481.9943
04/23/18	1522.154	1543.801	1502.475	1502.475	12963.19817
04/20/18	1544.785	1569.383	1500.507	1510.347	18613.95331
04/19/18	1515.267	1570.367	1475.909	1544.785	72662.00336
04/18/18	1573.319	1573.319	1530.026	1544.785	18883.27887
04/17/18	1550.688	1550.688	1520.186	1520.186	97851.56562
04/16/18	1551.672	1564.463	1549.704	1550.688	39885.59091
04/13/18	1574.303	1584.142	1550.688	1550.688	33924.85729
04/12/2018	1554.624	1573.319	1554.624	1565.447	27161.22862
04/11/2018	1554.624	1574.303	1550.688	1554.624	14299.66274
04/10/2018	1603.821	1604.805	1554.624	1554.624	68479.83477
04/06/2018	1603.821	1603.821	1574.303	1596.933	11459.04032
04/05/2018	1575.287	1592.014	1575.287	1585.126	22262.5524
04/04/2018	1631.371	1642.195	1592.014	1594.966	51680.01778
04/03/2018	1641.211	1643.179	1593.982	1641.211	65791.66078
04/02/2018	1595.95	1642.195	1584.142	1597.917	15666.61699
03/28/18	1573.319	1650.066	1563.48	1595.95	71909.92444
03/27/18	1566.431	1584.142	1547.737	1563.48	56573.61238
03/26/18	1534.945	1564.463	1515.267	1564.463	34773.48689
03/23/18	1507.395	1572.335	1495.588	1531.993	33655.53174
03/22/18	1525.106	1574.303	1505.427	1574.303	36226.82859
03/21/18	1567.415	1606.773	1515.267	1515.267	73576.69394
03/20/18	1660.89	1660.89	1559.544	1565.447	93283.19433
03/19/18	1648.098	1648.098	1626.452	1642.195	40159.99808
03/16/18	1671.713	1671.713	1622.516	1643.179	160863.5834
03/15/18	1694.343	1702.215	1625.468	1625.468	44194.79986
03/14/18	1721.894	1721.894	1687.456	1692.376	27440.7174
03/13/18	1751.412	1756.332	1712.054	1721.894	21134.43402
03/12/2018	1712.054	1761.251	1705.167	1731.733	48432.86622
03/09/2018	1682.536	1682.536	1657.938	1677.616	15544.65825
03/08/2018	1657.938	1680.568	1657.938	1662.857	45236.5308
03/07/2018	1685.488	1685.488	1653.018	1655.97	52869.11553
03/06/2018	1688.44	1694.343	1683.52	1686.472	30891.13354
03/05/2018	1697.295	1699.263	1687.456	1692.376	20788.88424
03/02/2018	1728.781	1729.765	1681.552	1716.974	23675.24118
03/01/2018	1687.456	1731.733	1682.536	1701.231	11489.53001
02/28/18	1712.054	1712.054	1679.584	1694.343	83673.86163
02/27/18	1707.135	1712.054	1682.536	1694.343	59134.74601
02/26/18	1713.038	1758.3	1707.135	1707.135	28761.93713
02/23/18	1732.717	1733.701	1712.054	1715.006	48493.84559
02/22/18	1779.946	1779.946	1717.958	1731.733	25316.60261
02/21/18	1820.288	1820.288	1761.251	1761.251	36613.03128
02/20/18	1770.107	1820.288	1770.107	1820.288	55709.73795
02/19/18	1761.251	1814.384	1731.733	1791.753	31643.21246
02/15/18	1771.091	1771.091	1716.974	1771.091	20295.96765
02/14/18	1761.251	1771.091	1693.36	1771.091	27491.53355
02/13/18	1751.412	1770.107	1751.412	1761.251	49738.8411
02/12/2018	1756.332	1764.203	1746.492	1746.492	26998.61696
02/09/2018	1779.946	1779.946	1742.556	1746.492	58499.54421
02/08/2018	1849.806	1849.806	1800.609	1800.609	48188.94873
02/07/2018	1798.641	1869.485	1798.641	1839.966	25591.00979
02/06/2018	1798.641	1799.625	1774.043	1797.657	49754.08595
02/05/2018	1859.645	1859.645	1790.77	1812.416	46440.8734
02/02/2018	1869.485	1869.485	1861.613	1868.501	17831.3847
02/01/2018	1854.726	1872.436	1826.191	1869.485	19452.41967
01/31/18	1829.143	1869.485	1817.336	1869.485	77184.64012
01/30/18	1865.549	1868.501	1771.091	1830.127	117131.2104
01/29/18	1721.894	1879.324	1721.894	1868.501	185016.4963
01/26/18	1707.135	1717.958	1699.263	1717.958	61390.98277
01/25/18	1716.974	1721.894	1702.215	1707.135	32725.59631
01/24/18	1720.91	1722.878	1694.343	1702.215	82291.66253
01/23/18	1721.894	1721.894	1688.44	1710.086	35296.89317
01/22/18	1702.215	1712.054	1699.263	1707.135	57681.40431
01/19/18	1701.231	1716.974	1694.343	1697.295	46369.7308
01/18/18	1733.701	1733.701	1679.584	1704.183	61263.94241
01/17/18	1720.91	1726.813	1713.038	1726.813	49804.90209
01/16/18	1683.52	1712.054	1683.52	1710.086	36130.27792
01/15/18	1716.974	1731.733	1682.536	1682.536	30093.32009
01/12/2018	1711.07	1712.054	1695.327	1712.054	39052.20616
01/11/2018	1699.263	1716.974	1682.536	1695.327	49296.74066
01/10/2018	1667.777	1700.247	1667.777	1692.376	59251.62314
01/09/2018	1702.215	1716.974	1658.922	1662.857	56980.14153
01/08/2018	1789.786	1789.786	1671.713	1692.376	64211.27873
01/05/2018	1835.047	1835.047	1773.059	1776.01	43839.08686
01/04/2018	1839.966	1844.886	1805.529	1820.288	24274.87167
01/03/2018	1869.485	1869.485	1830.127	1844.886	22531.87796
12/29/17	1825.207	1869.485	1825.207	1869.485	36501.23576
12/28/17	1798.641	1830.127	1773.059	1820.288	31958.27255
12/27/17	1745.508	1820.288	1745.508	1771.091	32029.41515
12/22/17	1789.786	1824.223	1737.637	1824.223	22811.36675
12/21/17	1769.123	1796.673	1737.637	1737.637	13694.95063
12/20/17	1800.609	1800.609	1769.123	1769.123	10569.75782
12/19/17	1775.026	1785.85	1771.091	1780.93	97815.99432
12/18/17	1746.492	1771.091	1746.492	1769.123	53199.42046
12/15/17	1726.813	1746.492	1717.958	1734.685	58296.27964
12/14/17	1725.83	1731.733	1712.054	1721.894	57940.56664
12/13/17	1657.938	1731.733	1657.938	1711.07	106688.4929
12/12/2017	1662.857	1672.697	1653.018	1653.018	115718.5216
12/11/2017	1730.749	1730.749	1634.323	1662.857	71071.45808
12/08/2017	1733.701	1744.524	1726.813	1731.733	64668.62402
12/07/2017	1742.556	1761.251	1722.878	1733.701	30926.70484
12/06/2017	1771.091	1785.85	1731.733	1731.733	64627.9711
12/05/2017	1731.733	1771.091	1728.781	1771.091	24818.60441
12/04/2017	1789.786	1789.786	1721.894	1721.894	20860.02684
12/01/2017	1771.091	1776.994	1761.251	1767.155	249212.5302
11/29/17	1756.332	1800.609	1715.006	1800.609	110377.745
11/28/17	1785.85	1785.85	1748.46	1753.38	94396.06787
11/27/17	1770.107	1786.834	1754.364	1771.091	110489.5405
11/24/17	1838.983	1838.983	1751.412	1751.412	135917.9386
11/23/17	1839.966	1839.966	1826.191	1839.966	23624.42504
11/22/17	1868.501	1868.501	1830.127	1843.902	35434.09675
11/21/17	1883.26	1886.212	1864.565	1868.501	66177.86347
11/20/17	1887.196	1899.003	1884.244	1888.179	58133.66798
11/17/17	1889.163	1912.778	1884.244	1884.244	39204.65459
11/16/17	1923.601	1938.36	1889.163	1889.163	82738.84459
11/15/17	1958.039	1967.879	1938.36	1938.36	42431.47969
11/14/17	1973.782	1977.718	1938.36	1971.814	43396.98641
11/13/17	1987.557	2013.14	1967.879	1967.879	46268.09851
11/10/2017	2005.268	2022.979	1975.75	1975.75	46654.3012
11/09/2017	1997.397	2026.915	1987.557	2017.076	84547.89929
11/08/2017	2034.786	2034.786	1987.557	1987.557	18984.91115
11/07/2017	2007.236	2036.754	1987.557	2017.076	75172.32085
11/06/2017	2009.204	2038.722	1997.397	2007.236	31079.15327
11/03/2017	2009.204	2013.14	1997.397	1997.397	34295.81514
11/02/2017	2013.14	2017.076	1973.782	2009.204	204697.5886
10/30/17	2009.204	2015.108	1965.911	2009.204	27054.51472
10/27/17	2011.172	2011.172	1969.846	2009.204	18187.0977
10/26/17	1967.879	2005.268	1962.959	1966.895	68855.87423
10/25/17	2011.172	2011.172	1967.879	1985.589	10097.16768
10/24/17	1999.365	2013.14	1995.429	1999.365	46074.99717
10/23/17	1967.879	2005.268	1966.895	1997.397	26810.59723
10/20/17	2003.3	2003.3	1950.168	1967.879	155116.2776
10/19/17	2003.3	2003.3	1977.718	1983.622	35815.21783
10/18/17	2030.851	2030.851	1989.525	2007.236	126206.9736
10/17/17	2026.915	2046.594	2017.076	2026.915	104772.7243
10/13/17	2034.786	2038.722	2005.268	2007.236	49743.92272
10/12/2017	2083.983	2083.983	2036.754	2038.722	23116.26361
10/11/2017	2044.626	2083.983	2040.69	2083.983	50333.38998
10/10/2017	2036.754	2048.562	2032.819	2040.69	24864.33894
10/09/2017	2036.754	2044.626	2026.915	2036.754	9512.782034
10/06/2017	2050.529	2050.529	2026.915	2036.754	57742.38368
10/05/2017	2030.851	2052.497	2017.076	2052.497	24600.09499
10/04/2017	2007.236	2034.786	2007.236	2030.851	38442.41244
10/03/2017	2017.076	2026.915	2005.268	2017.076	33619.96043
10/02/2017	2021.011	2026.915	2005.268	2017.076	19736.99007
09/29/17	2013.14	2030.851	1993.461	2017.076	42360.33709
09/28/17	2019.043	2019.043	1989.525	2007.236	28619.65193
09/27/17	1991.493	2015.108	1981.654	2015.108	56278.87875
09/26/17	2044.626	2044.626	2017.076	2044.626	33050.81963
09/25/17	2017.076	2044.626	2001.333	2044.626	16022.33
09/22/17	2036.754	2040.69	2013.14	2040.69	23019.71293
09/21/17	2017.076	2056.433	2011.172	2011.172	18278.56676
09/20/17	1997.397	2036.754	1985.589	2036.754	29371.73085
09/19/17	2005.268	2005.268	1971.814	1997.397	42075.76669
09/18/17	2003.3	2005.268	1969.846	1997.397	33238.83936
09/15/17	1977.718	2007.236	1963.943	2007.236	65664.62043
09/14/17	1962.959	1977.718	1948.2	1948.2	27461.04386
09/13/17	1993.461	1993.461	1962.959	1962.959	62371.73434
09/11/2017	1958.039	1991.493	1958.039	1987.557	11926.54884
09/08/2017	2005.268	2005.268	1960.007	1967.879	25799.35597
09/07/2017	1981.654	2003.3	1977.718	2003.3	66289.65899
09/06/2017	1967.879	1987.557	1962.959	1967.879	13877.88875
09/05/2017	1969.846	1977.718	1963.943	1967.879	17785.65017
09/04/2017	1987.557	1987.557	1963.943	1969.846	32507.0869
08/31/17	1967.879	1995.429	1963.943	1967.879	47731.60344
08/30/17	1969.846	1975.75	1956.071	1967.879	24218.97392
08/29/17	2007.236	2009.204	1958.039	1967.879	76300.43923
08/25/17	2030.851	2030.851	1997.397	2017.076	16621.96049
08/24/17	2017.076	2017.076	1997.397	2017.076	10605.32912
08/23/17	2032.819	2032.819	1995.429	2017.076	30814.90932
08/22/17	1997.397	2026.915	1995.429	2026.915	8034.032262
08/18/17	2015.108	2015.108	1991.493	2015.108	27186.63669
08/17/17	2042.658	2042.658	2013.14	2022.979	17048.81609
08/16/17	2024.947	2046.594	1987.557	2017.076	18730.83044
08/15/17	2007.236	2032.819	2007.236	2026.915	5361.103123
08/14/17	1993.461	2017.076	1993.461	2007.236	30515.09408
08/11/2017	1997.397	2032.819	1989.525	1989.525	23329.69141
08/10/2017	2015.108	2036.754	2011.172	2017.076	16642.28694
08/09/2017	2007.236	2017.076	1995.429	2009.204	11072.83763
08/08/2017	2026.915	2046.594	1987.557	2046.594	12856.48427
08/07/2017	1985.589	2015.108	1981.654	2013.14	37182.17208
08/04/2017	2017.076	2017.076	1967.879	1985.589	41943.64471
08/03/2017	2021.011	2034.786	1995.429	2007.236	28660.30484
08/02/2017	2095.791	2095.791	2009.204	2021.011	41969.05279
08/01/2017	2076.112	2095.791	2036.754	2095.791	46689.8725
07/31/17	2087.919	2091.855	2017.076	2082.016	51476.7532
07/28/17	2056.433	2095.791	2026.915	2091.855	10000.61701
07/27/17	2066.273	2091.855	2046.594	2046.594	29158.30305
07/26/17	2056.433	2080.048	2026.915	2040.69	20656.76227
07/25/17	2017.076	2066.273	2017.076	2060.369	30997.84744
07/24/17	1997.397	2036.754	1997.397	2017.076	23482.13984
07/21/17	1985.589	2015.108	1973.782	1995.429	24325.68782
07/20/17	2003.3	2003.3	1977.718	1987.557	48570.06981
07/19/17	1987.557	2030.851	1983.622	2011.172	24600.09499
07/18/17	2001.333	2017.076	1987.557	1987.557	28868.65103
07/17/17	1977.718	2026.915	1977.718	1999.365	42284.11287
07/14/17	2060.369	2060.369	2021.011	2036.754	12246.69055
07/13/17	2060.369	2080.048	2009.204	2050.529	49184.94514
07/12/2017	2001.333	2056.433	2001.333	2050.529	67671.85809
07/11/2017	2005.268	2011.172	1987.557	1995.429	43549.43484
07/10/2017	2026.915	2036.754	1979.686	2003.3	31678.78376
07/07/2017	2024.947	2036.754	2022.979	2026.915	11545.42777
07/06/2017	2036.754	2036.754	2019.043	2024.947	12002.77306
07/05/2017	2017.076	2046.594	2007.236	2046.594	6860.179351
07/04/2017	2028.883	2044.626	2005.268	2017.076	30916.54161
07/03/2017	2015.108	2026.915	1989.525	2019.043	36409.7667
06/30/17	1987.557	2015.108	1962.959	2015.108	62676.6312
06/29/17	2074.144	2074.144	1989.525	2007.236	36059.13532
06/28/17	2083.983	2083.983	2064.305	2076.112	70319.37916
06/27/17	2085.951	2101.694	2078.08	2083.983	49144.29223
06/23/17	2058.401	2085.951	2058.401	2083.983	29021.09946
06/22/17	2056.433	2085.951	2056.433	2064.305	33198.18645
06/21/17	2099.726	2105.63	2056.433	2066.273	40220.97745
06/20/17	2099.726	2111.534	2099.726	2105.63	15026.33359
06/19/17	2121.373	2121.373	2105.63	2109.566	77911.31097
06/16/17	2105.63	2125.309	2093.823	2121.373	731290.0372
06/15/17	2115.469	2182.377	2105.63	2115.469	126217.1368
06/14/17	2101.694	2160.731	2080.048	2143.02	55846.94153
06/13/17	2115.469	2117.437	2074.144	2101.694	58174.3209
06/09/2017	2119.405	2178.442	2103.662	2117.437	107537.1225
06/08/2017	2192.217	2192.217	2117.437	2117.437	79659.3863
06/07/2017	2158.763	2215.831	2152.859	2192.217	123986.3081
06/06/2017	2146.956	2170.57	2107.598	2158.763	64140.13613
06/05/2017	2127.277	2158.763	2105.63	2144.988	82698.19167
06/02/2017	2125.309	2154.827	2099.726	2125.309	100321.2302
06/01/2017	2062.337	2135.148	2034.786	2125.309	116846.64
05/31/17	2072.176	2083.983	2062.337	2076.112	123554.3709
05/30/17	2026.915	2080.048	2026.915	2068.24	84629.20512
05/29/17	2038.722	2076.112	2026.915	2026.915	25072.68512
05/26/17	2062.337	2074.144	2040.69	2062.337	39433.32723
05/25/17	1962.959	2076.112	1958.039	2076.112	77042.35492
05/24/17	1967.879	1983.622	1958.039	1983.622	18141.36317
05/23/17	1979.686	1979.686	1961.975	1971.814	32893.28958
05/22/17	1981.654	1987.557	1958.039	1967.879	37177.09047
05/19/17	1969.846	1981.654	1953.119	1981.654	41293.19808
05/18/17	1979.686	1979.686	1928.521	1967.879	115332.3189
05/17/17	1963.943	1991.493	1958.039	1979.686	32451.18914
05/16/17	1973.782	1983.622	1948.2	1967.879	118731.9189
05/15/17	1999.365	2003.3	1958.039	1967.879	74272.87511
05/12/2017	2021.011	2021.011	1973.782	1999.365	117288.7404
05/11/2017	2024.947	2062.337	1997.397	2021.011	92581.93155
05/10/2017	2066.273	2074.144	2015.108	2024.947	119631.3647
05/09/2017	2093.823	2093.823	2056.433	2085.951	43854.3317
05/08/2017	2026.915	2095.791	2015.108	2095.791	52152.60791
05/05/2017	1971.814	2058.401	1971.814	2011.172	115240.8499
05/04/2017	1967.879	2048.562	1965.911	2042.658	55435.33077
05/03/2017	2013.14	2013.14	1967.879	1967.879	121973.9889
05/02/2017	2056.433	2060.369	2013.14	2013.14	105611.1907
04/27/17	2066.273	2066.273	2040.69	2044.626	81544.66522
04/26/17	2046.594	2115.469	2036.754	2115.469	48712.35501
04/25/17	1997.397	2056.433	1991.493	2046.594	44896.06264
04/24/17	1967.879	1989.525	1962.959	1987.557	87622.27596
04/21/17	1963.943	1999.365	1962.959	1987.557	84456.43023
04/20/17	1958.039	1987.557	1950.168	1962.959	26810.59723
04/19/17	2007.236	2017.076	1958.039	1958.039	64953.19442
04/18/17	2007.236	2017.076	1987.557	2007.236	66315.06706
04/17/17	2019.043	2021.011	2007.236	2007.236	157159.0865
04/12/2017	2046.594	2066.273	2019.043	2024.947	97104.56831
04/11/2017	2046.594	2066.273	2036.754	2044.626	76132.74595
04/10/2017	2036.754	2066.273	2036.754	2066.273	40398.83396
04/07/2017	2046.594	2066.273	1981.654	2036.754	38686.32993
04/06/2017	2054.465	2074.144	2017.076	2036.754	105275.8042
04/05/2017	2026.915	2066.273	2017.076	2050.529	93125.66429
04/04/2017	2021.011	2056.433	2021.011	2046.594	138092.8695
04/03/2017	1997.397	2019.043	1993.461	2017.076	22826.61159
03/31/17	1997.397	2001.333	1958.039	1999.365	67199.26795
03/30/17	1987.557	1997.397	1977.718	1997.397	47167.54425
03/29/17	1960.007	2009.204	1960.007	1987.557	106551.2894
03/28/17	1932.457	1960.007	1911.794	1960.007	44957.04201
03/27/17	1910.81	1928.521	1879.324	1928.521	11443.79548
03/24/17	1913.762	1923.601	1906.874	1912.778	35312.13801
03/23/17	1899.003	1918.682	1869.485	1913.762	47655.37923
03/22/17	1877.356	1898.019	1863.581	1898.019	30408.38018
03/21/17	1879.324	1907.858	1875.388	1882.276	86921.01319
03/20/17	1879.324	1890.147	1859.645	1870.469	42472.1326
03/17/17	1918.682	1930.489	1879.324	1879.324	100163.7001
03/16/17	1924.585	1942.296	1911.794	1918.682	78363.57465
03/15/17	1917.698	1942.296	1913.762	1918.682	53946.41777
03/14/17	1913.762	1943.28	1889.163	1917.698	56141.67516
03/13/17	1869.485	1928.521	1869.485	1913.762	53621.19445
03/10/2017	1952.136	1952.136	1856.693	1879.324	42904.06982
03/09/2017	1953.119	1971.814	1909.826	1938.36	104579.623
03/08/2017	1869.485	1957.055	1869.485	1956.071	175087.0219
03/07/2017	1812.416	1868.501	1807.496	1868.501	81666.62396
03/06/2017	1814.384	1840.95	1795.689	1805.529	106383.5961
03/03/2017	1776.01	1805.529	1773.059	1805.529	37817.37387
03/02/2017	1768.139	1805.529	1767.155	1771.091	49870.96308
03/01/2017	1798.641	1798.641	1759.283	1768.139	29320.91471
02/28/17	1771.091	1798.641	1751.412	1798.641	73241.3074
02/27/17	1803.561	1803.561	1757.316	1771.091	28797.50843
02/24/17	1818.32	1838.983	1801.593	1801.593	109559.605
02/23/17	1771.091	1825.207	1751.412	1818.32	148388.2202
02/22/17	1761.251	1771.091	1743.54	1771.091	130175.7144
02/21/17	1764.203	1765.187	1752.396	1761.251	32944.10573
02/20/17	1761.251	1788.802	1760.267	1764.203	108406.0786
02/17/17	1765.187	1781.914	1751.412	1761.251	56675.24467
02/16/17	1751.412	1788.802	1751.412	1780.93	51669.85455
02/15/17	1766.171	1780.93	1760.267	1761.251	67748.0823
02/14/17	1763.219	1780.93	1761.251	1766.171	66889.28948
02/13/17	1771.091	1771.091	1742.556	1763.219	28883.89588
02/10/2017	1771.091	1782.898	1751.412	1771.091	78317.84012
02/09/2017	1725.83	1757.316	1725.83	1751.412	65105.64285
02/08/2017	1693.36	1728.781	1693.36	1721.894	105936.414
02/07/2017	1672.697	1682.536	1643.179	1672.697	60984.45362
02/06/2017	1655.97	1692.376	1639.243	1672.697	45571.91735
02/03/2017	1665.809	1665.809	1633.339	1648.098	72595.94238
02/02/2017	1687.456	1701.231	1657.938	1665.809	48514.17205
02/01/2017	1696.311	1749.444	1672.697	1672.697	54871.27158
01/31/17	1765.187	1766.171	1692.376	1692.376	62742.69218
01/30/17	1776.01	1776.994	1761.251	1765.187	13232.52373
01/27/17	1746.492	1780.93	1731.733	1776.01	27430.55418
01/26/17	1740.589	1764.203	1721.894	1751.412	33777.49048
01/25/17	1759.283	1759.283	1712.054	1740.589	43513.86354
01/24/17	1721.894	1761.251	1692.376	1761.251	62427.6321
01/23/17	1677.616	1721.894	1645.146	1721.894	41664.15593
01/20/17	1661.873	1688.44	1639.243	1654.986	74293.20157
01/19/17	1622.516	1662.857	1615.628	1660.89	104757.4795
01/18/17	1643.179	1643.179	1609.725	1628.42	110814.7638
01/17/17	1675.649	1676.633	1632.355	1643.179	69709.58544
01/16/17	1671.713	1702.215	1641.211	1675.649	80863.7289
01/13/17	1702.215	1702.215	1653.018	1672.697	71686.33341
01/12/2017	1753.38	1753.38	1690.408	1712.054	40414.0788
01/11/2017	1790.77	1790.77	1747.476	1754.364	144455.0507
01/10/2017	1731.733	1844.886	1702.215	1796.673	333506.3488
01/09/2017	1653.018	1766.171	1642.195	1761.251	153439.3448
01/06/2017	1554.624	1656.954	1550.688	1656.954	289458.9157
01/05/2017	1495.588	1559.544	1495.588	1559.544	115489.849
01/04/2017	1489.684	1503.459	1476.893	1497.556	125988.4642
01/03/2017	1489.684	1489.684	1426.712	1489.684	116033.5817
12/29/16	1460.166	1484.764	1455.246	1484.764	102399.6104
12/28/16	1441.471	1463.118	1435.567	1461.15	44962.12363
12/27/16	1411.953	1456.23	1411.953	1441.471	10747.61432
12/23/16	1416.873	1426.712	1411.953	1421.792	71406.84462
12/22/16	1422.776	1425.728	1405.065	1417.857	103964.7477
12/21/16	1416.873	1459.182	1411.953	1421.792	134876.2077
12/20/16	1414.905	1426.712	1402.113	1416.873	104203.5835
12/19/16	1407.033	1413.921	1401.13	1407.033	116877.1297
12/16/16	1414.905	1422.776	1403.097	1403.097	376608.6015
12/15/16	1403.097	1414.905	1377.515	1406.049	33096.55416
12/14/16	1397.194	1414.905	1397.194	1407.033	31678.78376
12/13/16	1395.226	1418.84	1387.354	1397.194	75324.76928
12/12/2016	1421.792	1421.792	1380.467	1380.467	91306.44636
12/09/2016	1423.76	1433.6	1388.338	1421.792	125866.5054
12/08/2016	1388.338	1425.728	1377.515	1423.76	78897.14415
12/07/2016	1365.708	1377.515	1356.852	1372.595	65080.23478
12/06/2016	1338.157	1361.772	1328.318	1347.013	70009.40068
12/05/2016	1367.676	1369.643	1333.238	1338.157	57600.09848
12/02/2016	1381.451	1388.338	1315.527	1367.676	166382.2165
12/01/2016	1436.551	1446.391	1380.467	1380.467	103492.1575
11/29/16	1409.001	1436.551	1391.29	1436.551	154557.3
11/28/16	1426.712	1446.391	1426.712	1436.551	79496.77464
11/25/16	1415.889	1446.391	1411.953	1426.712	90991.38627
11/24/16	1406.049	1414.905	1401.13	1409.001	43214.0483
11/23/16	1407.033	1416.873	1367.676	1398.178	277801.6924
11/22/16	1407.033	1413.921	1377.515	1397.194	88409.92619
11/21/16	1379.483	1412.937	1372.595	1399.162	142915.3215
11/18/16	1350.949	1367.676	1339.141	1357.836	332662.8008
11/17/16	1414.905	1414.905	1313.559	1329.302	235131.3769
11/16/16	1377.515	1426.712	1377.515	1387.354	164181.8775
11/15/16	1416.873	1421.792	1377.515	1377.515	169385.4506
11/14/16	1461.15	1461.15	1426.712	1428.68	119524.6508
11/11/2016	1527.074	1531.993	1458.198	1466.07	127914.396
11/10/2016	1568.399	1572.335	1533.961	1545.769	71965.8222
11/09/2016	1534.945	1557.576	1482.797	1511.331	119727.9153
11/08/2016	1619.564	1627.436	1525.106	1525.106	265046.8404
11/07/2016	1662.857	1662.857	1601.853	1613.66	124773.9584
11/04/2016	1712.054	1714.022	1685.488	1702.215	56289.04198
11/03/2016	1697.295	1775.026	1682.536	1702.215	48163.54066
11/02/2016	1750.428	1790.77	1700.247	1712.054	86214.66879
10/28/16	1771.091	1859.645	1747.476	1751.412	91972.13783
10/27/16	1790.77	1790.77	1766.171	1771.091	87159.84906
10/26/16	1849.806	1849.806	1782.898	1790.77	83668.78001
10/25/16	1859.645	1859.645	1825.207	1830.127	29834.15776
10/24/16	1870.469	1889.163	1820.288	1831.111	74054.36569
10/21/16	1899.003	1923.601	1842.918	1861.613	233759.341
10/20/16	1879.324	1934.425	1869.485	1869.485	161219.2964
10/19/16	1906.874	1910.81	1858.661	1869.485	91245.46698
10/18/16	1839.966	1916.714	1838.983	1908.842	85609.95669
10/17/16	1810.448	1858.661	1809.464	1839.966	86585.62664
10/14/16	1771.091	1845.87	1771.091	1805.529	69785.80965
10/13/16	1780.93	1816.352	1767.155	1771.091	76341.09214
10/12/2016	1798.641	1798.641	1761.251	1780.93	72819.53341
10/11/2016	1791.753	1815.368	1790.77	1794.705	104193.4203
10/10/2016	1792.737	1817.336	1771.091	1790.77	102811.2212
10/07/2016	1870.469	1895.067	1771.091	1791.753	181728.6918
10/06/2016	1948.2	1948.2	1854.726	1869.485	129794.5933
10/05/2016	2007.236	2007.236	1928.521	1933.441	126801.5225
10/04/2016	2066.273	2076.112	2007.236	2007.236	91677.4042
10/03/2016	2017.076	2028.883	2009.204	2017.076	43529.10839
09/30/16	2076.112	2087.919	2007.236	2007.236	98512.17548
09/29/16	2062.337	2089.887	2062.337	2076.112	120449.5046
09/28/16	2056.433	2060.369	2044.626	2048.562	18268.40353
09/27/16	2046.594	2056.433	1997.397	2056.433	57844.01597
09/26/16	2056.433	2056.433	2038.722	2046.594	77896.06613
09/23/16	2083.983	2099.726	2036.754	2058.401	86280.72978
09/22/16	1987.557	2076.112	1977.718	2066.273	198091.49
09/21/16	1967.879	1989.525	1965.911	1977.718	88857.10825
09/20/16	1948.2	1967.879	1948.2	1961.975	68901.60876
09/19/16	1949.184	1956.071	1928.521	1948.2	67356.798
09/16/16	1965.911	1965.911	1929.505	1929.505	311467.3874
09/15/16	1964.927	1967.879	1948.2	1958.039	147539.5906
09/14/16	1958.039	1965.911	1942.296	1964.927	66198.18993
09/13/16	1967.879	1977.718	1943.28	1943.28	73866.34596
09/09/2016	1987.557	1987.557	1948.2	1948.2	68068.22401
09/08/2016	1943.28	1969.846	1943.28	1944.264	83247.00602
09/07/2016	2048.562	2048.562	1967.879	1977.718	112227.4526
09/06/2016	2001.333	2044.626	1997.397	2036.754	57676.32269
09/05/2016	1995.429	2026.915	1995.429	2001.333	41501.54427
09/02/2016	1967.879	1987.557	1964.927	1977.718	75766.86972
09/01/2016	1987.557	1997.397	1942.296	1964.927	89969.98179
08/31/16	2036.754	2044.626	1938.36	1938.36	156945.6587
08/30/16	2078.08	2078.08	1981.654	1987.557	111373.7414
08/26/16	2093.823	2093.823	2042.658	2046.594	82062.98988
08/25/16	2072.176	2105.63	2072.176	2093.823	56441.49041
08/24/16	2083.983	2083.983	2070.208	2072.176	50663.69491
08/23/16	2117.437	2117.437	2072.176	2091.855	67524.49127
08/22/16	2115.469	2127.277	2103.662	2125.309	34239.91738
08/19/16	2115.469	2123.341	2091.855	2111.534	34377.12097
08/18/16	2115.469	2121.373	2072.176	2115.469	72057.29126
08/17/16	2111.534	2111.534	2072.176	2091.855	159943.8112
08/16/16	2105.63	2125.309	2097.759	2109.566	37009.3972
08/15/16	2095.791	2103.662	2066.273	2076.112	43834.00525
08/12/2016	2085.951	2105.63	2076.112	2095.791	194437.8093
08/11/2016	2115.469	2117.437	2076.112	2085.951	66528.49486
08/10/2016	2154.827	2154.827	2111.534	2115.469	100321.2302
08/09/2016	2192.217	2192.217	2150.891	2162.699	128839.2498
08/08/2016	2213.863	2233.542	2192.217	2192.217	117492.005
08/05/2016	2227.639	2227.639	2207.96	2211.896	107140.7566
08/04/2016	2207.96	2235.51	2204.024	2221.735	90356.18448
08/03/2016	2213.863	2215.831	2196.152	2202.056	66492.92356
08/02/2016	2233.542	2235.51	2198.12	2213.863	61634.90026
08/01/2016	2202.056	2223.703	2200.088	2215.831	112283.3503
07/29/16	2213.863	2249.285	2204.024	2231.574	43147.98731
07/28/16	2243.382	2243.382	2202.056	2217.799	61634.90026
07/27/16	2227.639	2259.125	2211.896	2233.542	56405.91911
07/26/16	2213.863	2227.639	2205.992	2207.96	69597.78992
07/25/16	2245.349	2270.932	2209.928	2209.928	129840.3279
07/22/16	2290.611	2290.611	2241.414	2245.349	31511.09049
07/21/16	2298.482	2298.482	2249.285	2255.189	95280.26877
07/20/16	2302.418	2302.418	2263.06	2263.06	105458.7423
07/19/16	2276.836	2312.257	2257.157	2302.418	75771.95134
07/18/16	2310.289	2312.257	2263.06	2274.868	40317.52813
07/15/16	2288.643	2322.097	2274.868	2286.675	93562.68312
07/14/16	2274.868	2288.643	2253.221	2266.996	72108.1074
07/13/16	2320.129	2331.936	2253.221	2276.836	85157.69301
07/12/2016	2349.647	2351.615	2312.257	2312.257	46552.66892
07/11/2016	2361.454	2361.454	2266.996	2322.097	100819.2284
07/08/2016	2312.257	2328	2302.418	2318.161	57066.52897
07/07/2016	2361.454	2361.454	2302.418	2312.257	48747.92631
07/05/2016	2324.065	2375.229	2316.193	2318.161	43793.35233
07/04/2016	2322.097	2331.936	2282.739	2320.129	97922.70822
07/01/2016	2361.454	2361.454	2316.193	2322.097	38411.92275
06/30/16	2400.812	2410.651	2333.904	2333.904	118259.3288
06/29/16	2367.358	2404.748	2367.358	2381.133	144698.9682
06/28/16	2359.486	2381.133	2331.936	2365.39	116678.9467
06/27/16	2318.161	2371.294	2263.06	2361.454	48549.74335
06/24/16	2361.454	2369.326	2302.418	2322.097	167530.6614
06/23/16	2353.583	2361.454	2337.84	2343.743	29412.38377
06/22/16	2302.418	2390.972	2294.546	2345.711	60654.14869
06/21/16	2274.868	2316.193	2249.285	2302.418	115815.0723
06/20/16	2280.771	2280.771	2239.446	2243.382	166417.7878
06/17/16	2265.028	2266.996	2235.51	2247.317	260539.4485
06/16/16	2243.382	2274.868	2243.382	2253.221	105280.8858
06/15/16	2263.06	2284.707	2233.542	2233.542	67778.57199
06/14/16	2322.097	2322.097	2253.221	2272.9	78261.94236
06/13/16	2296.514	2322.097	2233.542	2322.097	93140.90913
06/10/2016	2349.647	2349.647	2302.418	2331.936	37908.84293
06/09/2016	2371.294	2389.005	2326.032	2326.032	31973.51739
06/08/2016	2361.454	2402.78	2322.097	2373.262	64643.21594
06/07/2016	2381.133	2404.748	2351.615	2361.454	80777.34146
06/06/2016	2312.257	2400.812	2308.322	2369.326	67224.67603
06/03/2016	2341.776	2361.454	2282.739	2312.257	90462.89838
06/02/2016	2408.683	2408.683	2359.486	2361.454	88374.35489
06/01/2016	2371.294	2455.912	2341.776	2410.651	118884.3673
05/31/16	2312.257	2420.491	2312.257	2371.294	300394.5497
05/30/16	2184.345	2292.579	2176.474	2272.9	73983.22309
05/27/16	2113.502	2184.345	2113.502	2152.859	89283.96385
05/26/16	2125.309	2144.988	2080.048	2091.855	128727.4543
05/25/16	2125.309	2139.084	2117.437	2123.341	46979.52452
05/24/16	2119.405	2144.988	2117.437	2127.277	44204.96309
05/23/16	2133.18	2160.731	2127.277	2139.084	30072.99363
05/20/16	2190.249	2190.249	2125.309	2125.309	32222.51649
05/19/16	2204.024	2204.024	2174.506	2190.249	41725.1353
05/18/16	2198.12	2257.157	2192.217	2198.12	68317.22311
05/17/16	2194.185	2207.96	2184.345	2198.12	111038.3548
05/16/16	2154.827	2215.831	2154.827	2211.896	72407.92265
05/13/16	2215.831	2282.739	2211.896	2215.831	83556.9845
05/12/2016	2213.863	2243.382	2204.024	2215.831	48605.64111
05/11/2016	2186.313	2282.739	2186.313	2257.157	117674.9431
05/10/2016	2068.24	2184.345	2068.24	2184.345	105453.6607
05/06/2016	2117.437	2164.666	2117.437	2143.02	102770.5683
05/05/2016	2131.213	2184.345	2066.273	2135.148	71833.70023
05/04/2016	2135.148	2143.02	2068.24	2143.02	38320.45369
05/03/2016	2115.469	2131.213	2095.791	2125.309	82931.94593
05/02/2016	2143.02	2143.02	2044.626	2105.63	99645.37548
04/29/16	2174.506	2184.345	2141.052	2158.763	76950.88586
04/28/16	2174.506	2178.442	2160.731	2164.666	103537.8921
04/27/16	2154.827	2166.634	2143.02	2166.634	140440.5754
04/26/16	2164.666	2166.634	2152.859	2156.795	79567.91724
04/25/16	2144.988	2174.506	2125.309	2164.666	33767.32725
04/22/16	2131.213	2143.02	2119.405	2143.02	22841.85643
04/21/16	2087.919	2143.02	2076.112	2131.213	57859.26081
04/20/16	2154.827	2154.827	2097.759	2105.63	122878.5162
04/19/16	2133.18	2162.699	2078.08	2162.699	60298.43569
04/18/16	2119.405	2143.02	2105.63	2133.18	38859.10481
04/15/16	2078.08	2131.213	2078.08	2119.405	35037.73083
04/14/16	2085.951	2125.309	2076.112	2078.08	69938.25808
04/13/16	2050.529	2080.048	2036.754	2070.208	104467.8275
04/12/2016	2064.305	2070.208	2046.594	2052.497	42375.58193
04/11/2016	2085.951	2085.951	2042.658	2064.305	79522.18272
04/08/2016	1981.654	2072.176	1981.654	2042.658	84776.57194
04/07/2016	1997.397	2036.754	1975.75	2017.076	78216.20783
04/06/2016	2017.076	2017.076	1975.75	2017.076	83145.37374
04/05/2016	2064.305	2064.305	1997.397	2026.915	96250.8571
04/04/2016	2046.594	2101.694	1971.814	1987.557	86936.25803
04/01/2016	2164.666	2164.666	2048.562	2058.401	130226.5305
03/31/16	2141.052	2184.345	2141.052	2184.345	149943.1942
03/30/16	2095.791	2192.217	2095.791	2158.763	178334.1734
03/29/16	2095.791	2144.988	2095.791	2113.502	161000.7869
03/28/16	2072.176	2095.791	2050.529	2095.791	46384.97564
03/23/16	2131.213	2131.213	2040.69	2072.176	179558.8425
03/22/16	2174.506	2174.506	2068.24	2131.213	193167.4057
03/21/16	2164.666	2194.185	2148.923	2194.185	92632.7477
03/18/16	2144.988	2164.666	2127.277	2154.827	181367.8972
03/17/16	2066.273	2164.666	2066.273	2144.988	152931.1834
03/16/16	2036.754	2082.016	2001.333	2048.562	166102.7277
03/15/16	1918.682	2076.112	1918.682	2040.69	528853.767
03/14/16	1830.127	1889.163	1830.127	1879.324	349264.4348
03/11/2016	1718.942	1767.155	1718.942	1741.573	73769.79529
03/10/2016	1683.52	1722.878	1683.52	1718.942	74344.01771
03/09/2016	1672.697	1721.894	1672.697	1691.392	97307.83288
03/08/2016	1687.456	1687.456	1673.681	1682.536	67189.10473
03/07/2016	1712.054	1712.054	1674.665	1687.456	69557.13701
03/04/2016	1740.589	1740.589	1689.424	1716.974	58062.52538
03/03/2016	1707.135	1769.123	1707.135	1741.573	59963.04914
03/02/2016	1689.424	1716.974	1689.424	1707.135	109894.9916
03/01/2016	1674.665	1687.456	1644.163	1656.954	210790.4442
02/29/16	1762.235	1780.93	1721.894	1739.605	189508.6434
02/26/16	1787.818	1787.818	1771.091	1781.914	142229.3036
02/24/16	1789.786	1790.77	1783.882	1786.834	103964.7477
02/23/16	1796.673	1828.159	1780.93	1790.77	95808.75666
02/22/16	1810.448	1814.384	1780.93	1795.689	25591.00979
02/19/16	1848.822	1848.822	1805.529	1810.448	52142.44468
02/18/16	1863.581	1864.565	1835.047	1848.822	93898.06967
02/17/16	1857.677	1857.677	1839.966	1840.95	62600.40698
02/16/16	1858.661	1863.581	1857.677	1858.661	87017.56386
02/15/16	1825.207	1868.501	1818.32	1836.031	118040.8194
02/12/2016	1825.207	1825.207	1795.689	1820.288	18801.97304
02/11/2016	1801.593	1837.999	1796.673	1825.207	103238.0768
02/10/2016	1822.256	1846.854	1795.689	1844.886	31633.04923
02/09/2016	1874.404	1874.404	1795.689	1844.886	33868.95954
02/05/2016	1834.063	1867.517	1834.063	1867.517	97500.93423
02/04/2016	1796.673	1828.159	1796.673	1825.207	83008.17015
02/03/2016	1835.047	1835.047	1771.091	1780.93	56878.50924
02/02/2016	1849.806	1849.806	1833.079	1840.95	41135.66803
02/01/2016	1839.966	1862.597	1839.966	1851.774	88445.49749
01/29/16	1818.32	1860.629	1817.336	1834.063	170615.2013
01/28/16	1808.48	1808.48	1771.091	1800.609	72951.65538
01/27/16	1676.633	1810.448	1676.633	1810.448	95087.16742
01/26/16	1715.006	1715.006	1671.713	1707.135	74511.71098
01/25/16	1690.408	1726.813	1690.408	1720.91	82789.66073
01/22/16	1708.119	1708.119	1659.906	1690.408	51771.48684
01/21/16	1646.13	1667.777	1645.146	1659.906	77306.59887
01/20/16	1654.002	1718.942	1653.018	1677.616	87967.82574
01/19/16	1708.119	1708.119	1672.697	1675.649	41755.62498
01/18/16	1643.179	1666.793	1623.5	1658.922	92160.15756
01/15/16	1667.777	1721.894	1662.857	1667.777	84827.38808
01/14/16	1662.857	1669.745	1641.211	1648.098	49713.43303
01/13/16	1658.922	1683.52	1658.922	1679.584	163445.0434
01/12/2016	1672.697	1719.926	1654.002	1654.002	86570.3818
01/11/2016	1729.765	1729.765	1657.938	1658.922	87525.72529
01/08/2016	1731.733	1761.251	1728.781	1729.765	90046.206
01/07/2016	1763.219	1763.219	1731.733	1731.733	82632.13069
01/06/2016	1766.171	1782.898	1761.251	1768.139	100326.3118
01/05/2016	1780.93	1780.93	1751.412	1776.01	82698.19167
01/04/2016	1825.207	1825.207	1771.091	1782.898	80604.56657
12/29/15	1903.923	1903.923	1820.288	1822.256	40774.87342
12/28/15	1849.806	1903.923	1849.806	1903.923	50765.3272
12/23/15	1889.163	1898.019	1869.485	1869.485	27328.92189
12/22/15	1849.806	1869.485	1849.806	1869.485	28578.99902
12/21/15	1859.645	1859.645	1839.966	1849.806	20026.64209
12/18/15	1839.966	1859.645	1794.705	1859.645	67468.59351
12/17/15	1854.726	1868.501	1650.066	1839.966	81753.01141
12/16/15	1761.251	1800.609	1737.637	1785.85	54967.82225
12/15/15	1767.155	1768.139	1721.894	1721.894	62051.59263
12/14/15	1751.412	1771.091	1721.894	1721.894	73485.22489
12/11/2015	1811.432	1828.159	1761.251	1761.251	125383.7521
12/10/2015	1887.196	1889.163	1811.432	1811.432	147615.8148
12/09/2015	1900.971	1900.971	1889.163	1889.163	39712.81602
12/08/2015	1944.264	1947.216	1896.051	1908.842	91291.20151
12/07/2015	1956.071	1971.814	1942.296	1942.296	23299.20172
12/04/2015	1973.782	1973.782	1949.184	1956.071	67189.10473
12/03/2015	2013.14	2013.14	1969.846	1975.75	56355.10297
12/02/2015	2015.108	2015.108	1995.429	2009.204	69120.11817
12/01/2015	1948.2	2009.204	1940.328	2001.333	159816.7708
11/27/15	1965.911	1977.718	1946.232	1967.879	111958.127
11/26/15	1973.782	1979.686	1962.959	1962.959	114753.0149
11/25/15	1963.943	1973.782	1959.023	1960.007	118091.6355
11/24/15	1967.879	1979.686	1956.071	1963.943	73226.06256
11/23/15	1967.879	1987.557	1960.991	1966.895	81361.7271
11/20/15	1973.782	1977.718	1911.794	1967.879	147956.283
11/17/15	1977.718	2015.108	1977.718	1987.557	120947.5028
11/16/15	2036.754	2036.754	1967.879	1969.846	45571.91735
11/13/15	1999.365	2062.337	1973.782	2062.337	25260.70486
11/12/2015	2038.722	2103.662	1999.365	1999.365	90767.79524
11/11/2015	2083.983	2083.983	2038.722	2050.529	55892.67606
11/10/2015	2105.63	2105.63	2097.759	2103.662	101718.6741
11/09/2015	2129.245	2144.988	2129.245	2135.148	28970.28332
11/06/2015	2121.373	2139.084	2111.534	2123.341	25977.21248
11/05/2015	2144.988	2144.988	2107.598	2123.341	57549.28233
11/04/2015	2253.221	2253.221	2139.084	2146.956	72540.04462
11/03/2015	2261.092	2261.092	2215.831	2233.542	125155.0794
11/02/2015	2243.382	2284.707	2241.414	2266.996	54571.45633
10/30/15	2223.703	2261.092	2221.735	2243.382	101561.1441
10/29/15	2282.739	2288.643	2237.478	2272.9	68266.40697
10/28/15	2312.257	2312.257	2263.06	2282.739	21972.90038
10/27/15	2355.551	2355.551	2245.349	2312.257	24564.52369
10/26/15	2312.257	2341.776	2312.257	2333.904	83170.78181
10/23/15	2249.285	2302.418	2249.285	2290.611	92637.82931
10/22/15	2263.06	2280.771	2247.317	2272.9	45018.02139
10/21/15	2215.831	2290.611	2215.831	2263.06	13334.15601
10/20/15	2300.45	2300.45	2261.092	2263.06	43645.98552
10/19/15	2263.06	2263.06	2202.056	2263.06	40581.77207
10/16/15	2249.285	2257.157	2200.088	2257.157	61838.16483
10/15/15	2144.988	2223.703	2144.988	2198.12	60085.00789
10/14/15	2257.157	2257.157	2127.277	2144.988	69643.52445
10/13/15	2263.06	2263.06	2168.602	2213.863	71635.51727
10/12/2015	2215.831	2263.06	2213.863	2263.06	60643.98546
10/09/2015	2245.349	2268.964	2205.992	2205.992	58443.64646
10/08/2015	2292.579	2292.579	2243.382	2245.349	73673.24462
10/07/2015	2284.707	2296.514	2263.06	2292.579	84405.61409
10/06/2015	2304.386	2308.322	2272.9	2302.418	151604.882
10/05/2015	2312.257	2318.161	2263.06	2292.579	191836.0227
10/02/2015	2349.647	2349.647	2270.932	2316.193	57005.5496
10/01/2015	2282.739	2331.936	2282.739	2318.161	38467.82051
09/30/15	2312.257	2328	2272.9	2310.289	82845.55849
09/29/15	2331.936	2331.936	2284.707	2312.257	85523.56924
09/28/15	2339.808	2363.422	2292.579	2331.936	107653.9997
09/24/15	2450.009	2450.009	2322.097	2341.776	115845.562
09/23/15	2463.784	2463.784	2392.94	2414.587	231574.2468
09/22/15	2485.431	2485.431	2479.527	2483.463	28960.12009
09/21/15	2507.077	2507.077	2463.784	2483.463	8430.39818
09/18/15	2479.527	2505.109	2469.688	2487.399	81925.7863
09/17/15	2518.885	2528.724	2465.752	2469.688	203615.2048
09/16/15	2518.885	2532.66	2501.174	2505.109	83897.45266
09/15/15	2526.756	2536.595	2507.077	2532.66	94370.6598
09/14/15	2503.142	2526.756	2459.848	2526.756	80858.64729
09/11/2015	2489.366	2491.334	2461.816	2479.527	31836.3138
09/10/2015	2507.077	2507.077	2430.33	2479.527	165670.7905
09/09/2015	2479.527	2528.724	2459.848	2528.724	56004.47158
09/08/2015	2499.206	2499.206	2459.848	2471.655	31948.10932
09/07/2015	2518.885	2518.885	2471.655	2509.045	31363.72367
09/04/2015	2499.206	2526.756	2499.206	2518.885	68977.83297
09/03/2015	2538.563	2538.563	2530.692	2534.628	63225.44555
09/02/2015	2538.563	2538.563	2459.848	2532.66	116318.1521
09/01/2015	2534.628	2572.017	2534.628	2540.531	212706.2128
08/28/15	2459.848	2554.306	2459.848	2534.628	107110.2669
08/27/15	2459.848	2469.688	2430.33	2453.945	254055.3086
08/26/15	2412.619	2503.142	2400.812	2430.33	126562.6866
08/25/15	2290.611	2489.366	2290.611	2410.651	95757.94051
08/24/15	2459.848	2509.045	2410.651	2410.651	207695.7411
08/20/15	2609.407	2611.375	2568.082	2581.857	57412.07875
08/19/15	2577.921	2607.439	2532.66	2607.439	68550.97737
08/18/15	2540.531	2587.76	2530.692	2577.921	39468.89853
08/17/15	2607.439	2607.439	2546.435	2558.242	53311.21598
08/14/15	2560.21	2625.15	2560.21	2593.664	36648.60258
08/13/15	2558.242	2627.118	2558.242	2613.343	75741.46165
08/12/2015	2495.27	2636.957	2495.27	2558.242	125175.4059
08/11/2015	2636.957	2638.925	2587.76	2597.6	42355.25548
08/10/2015	2607.439	2636.957	2603.503	2609.407	134322.3117
08/07/2015	2617.279	2646.797	2605.471	2607.439	165325.2407
08/06/2015	2636.957	2664.508	2623.182	2623.182	125963.0561
08/05/2015	2627.118	2654.668	2621.214	2631.054	172434.4192
08/04/2015	2579.889	2640.893	2579.889	2627.118	294753.9578
08/03/2015	2542.499	2597.6	2536.595	2591.696	163272.2686
07/31/15	2530.692	2544.467	2501.174	2538.563	113015.1028
07/30/15	2507.077	2540.531	2499.206	2530.692	265875.1436
07/29/15	2479.527	2509.045	2479.527	2497.238	166727.7663
07/28/15	2469.688	2469.688	2434.266	2459.848	119793.9763
07/27/15	2479.527	2499.206	2479.527	2485.431	133077.3162
07/24/15	2487.399	2497.238	2485.431	2485.431	110347.2553
07/23/15	2410.651	2499.206	2410.651	2487.399	88887.59793
07/22/15	2499.206	2499.206	2479.527	2489.366	88592.8643
07/21/15	2489.366	2507.077	2479.527	2503.142	82159.54055
07/20/15	2485.431	2499.206	2459.848	2487.399	225664.3294
07/16/15	2479.527	2493.302	2463.784	2485.431	98684.95037
07/15/15	2455.912	2469.688	2444.105	2459.848	220237.1652
07/14/15	2341.776	2438.202	2341.776	2416.555	177195.8918
07/13/15	2345.711	2345.711	2314.225	2341.776	144028.1951
07/10/2015	2349.647	2363.422	2345.711	2345.711	87068.38
07/09/2015	2347.679	2381.133	2341.776	2349.647	214139.228
07/08/2015	2422.459	2436.234	2361.454	2371.294	124443.6534
07/07/2015	2361.454	2426.394	2361.454	2367.358	171473.9941
07/06/2015	2442.137	2442.137	2351.615	2361.454	108360.3441
07/03/2015	2473.623	2499.206	2440.169	2442.137	51669.85455
07/02/2015	2465.752	2518.885	2448.041	2459.848	143941.8076
07/01/2015	2469.688	2471.655	2457.88	2461.816	75649.99259
06/30/15	2509.045	2534.628	2469.688	2469.688	132696.1951
06/29/15	2548.403	2548.403	2485.431	2485.431	88115.19255
06/26/15	2522.82	2548.403	2522.82	2532.66	55333.69848
06/25/15	2558.242	2558.242	2522.82	2522.82	38162.92365
06/24/15	2518.885	2605.471	2518.885	2548.403	80934.8715
06/23/15	2548.403	2560.21	2528.724	2528.724	26114.41606
06/22/15	2548.403	2552.339	2546.435	2548.403	68246.08051
06/19/15	2595.632	2605.471	2542.499	2544.467	55333.69848
06/18/15	2597.6	2597.6	2540.531	2558.242	385293.0804
06/17/15	2575.953	2577.921	2540.531	2573.985	62900.22223
06/16/15	2597.6	2597.6	2558.242	2575.953	172505.5618
06/15/15	2607.439	2627.118	2597.6	2599.568	182612.8927
06/11/2015	2589.728	2676.315	2587.76	2654.668	189498.4801
06/10/2015	2573.985	2607.439	2560.21	2587.76	97836.32078
06/09/2015	2599.568	2656.636	2548.403	2550.371	150995.0883
06/08/2015	2636.957	2646.797	2609.407	2623.182	54322.45723
06/05/2015	2656.636	2662.54	2613.343	2658.604	44306.59538
06/04/2015	2599.568	2676.315	2599.568	2656.636	158089.0219
06/03/2015	2538.563	2648.765	2514.949	2599.568	165040.6703
06/02/2015	2550.371	2577.921	2511.013	2562.178	60339.0886
06/01/2015	2509.045	2577.921	2509.045	2564.146	64378.972
05/29/15	2585.792	2607.439	2509.045	2509.045	169868.204
05/28/15	2607.439	2607.439	2518.885	2587.76	69023.5675
05/27/15	2558.242	2615.311	2530.692	2607.439	72911.00247
05/26/15	2558.242	2601.535	2511.013	2558.242	135109.9619
05/25/15	2566.114	2568.082	2556.274	2558.242	27283.18736
05/22/15	2512.981	2566.114	2467.72	2566.114	213122.9052
05/21/15	2505.109	2509.045	2467.72	2467.72	87154.76745
05/20/15	2455.912	2532.66	2400.812	2524.788	90610.26519
05/19/15	2459.848	2477.559	2396.876	2400.812	69790.89127
05/18/15	2509.045	2528.724	2410.651	2410.651	75873.58362
05/15/15	2463.784	2542.499	2463.784	2509.045	66345.55675
05/14/15	2312.257	2469.688	2312.257	2463.784	171606.1161
05/13/15	2172.538	2292.579	2172.538	2290.611	91967.05622
05/12/2015	2154.827	2202.056	2148.923	2164.666	18654.60622
05/11/2015	2194.185	2202.056	2150.891	2202.056	25281.03131
05/08/2015	2162.699	2164.666	2146.956	2148.923	32913.61604
05/07/2015	2141.052	2211.896	2141.052	2160.731	55221.90297
05/06/2015	2144.988	2194.185	2144.988	2194.185	126603.3395
05/05/2015	2146.956	2186.313	2146.956	2176.474	26490.45552
05/04/2015	2146.956	2154.827	2144.988	2146.956	126689.727
04/30/15	2198.12	2198.12	2144.988	2146.956	110301.5207
04/29/15	2194.185	2204.024	2125.309	2125.309	47726.52183
04/28/15	2243.382	2302.418	2194.185	2194.185	89660.00331
04/27/15	2225.671	2282.739	2225.671	2282.739	61411.30923
04/24/15	2204.024	2233.542	2194.185	2225.671	41516.78911
04/23/15	2139.084	2207.96	2139.084	2204.024	71975.98543
04/22/15	2144.988	2164.666	2125.309	2137.116	84054.9827
04/21/15	2209.928	2209.928	2125.309	2144.988	76452.88766
04/20/15	2174.506	2174.506	2007.236	2160.731	91585.93514
04/17/15	2166.634	2221.735	2166.634	2204.024	40159.99808
04/16/15	2154.827	2227.639	2154.827	2166.634	63819.99442
04/15/15	2233.542	2241.414	2154.827	2154.827	72839.85987
04/14/15	2204.024	2233.542	2204.024	2233.542	45571.91735
04/13/15	2194.185	2204.024	2164.666	2184.345	41826.76758
04/10/2015	2180.409	2202.056	2144.988	2164.666	214413.6352
04/08/2015	2174.506	2174.506	2121.373	2164.666	141228.2256
04/07/2015	2085.951	2213.863	2085.951	2174.506	53829.54064
04/06/2015	2026.915	2105.63	2026.915	2105.63	46425.62856
04/01/2015	1997.397	2056.433	1997.397	2028.883	66757.16751
03/31/15	2026.915	2044.626	1981.654	1981.654	83663.6984
03/30/15	1995.429	2026.915	1995.429	2007.236	132965.5207
03/27/15	1987.557	2007.236	1969.846	1969.846	70075.46167
03/26/15	1967.879	1991.493	1967.879	1991.493	71645.6805
03/25/15	1952.136	1987.557	1952.136	1977.718	128275.1906
03/24/15	1918.682	1961.975	1918.682	1952.136	85355.87597
03/23/15	1918.682	1943.28	1908.842	1941.312	68185.10114
03/20/15	1899.003	1938.36	1899.003	1908.842	50694.1846
03/19/15	1913.762	1948.2	1913.762	1928.521	163729.6138
03/18/15	1908.842	1913.762	1899.987	1908.842	92292.27954
03/17/15	1904.906	1913.762	1904.906	1908.842	57127.50834
03/16/15	1889.163	1918.682	1889.163	1904.906	18176.93447
03/13/15	1907.858	1918.682	1907.858	1911.794	45637.97834
03/12/2015	1899.003	1913.762	1894.083	1907.858	51436.10029
03/11/2015	1903.923	1923.601	1879.324	1907.858	63789.50474
03/10/2015	1908.842	1918.682	1899.003	1907.858	58880.66529
03/09/2015	1877.356	1908.842	1859.645	1908.842	28584.08063
03/06/2015	1899.003	1916.714	1899.003	1908.842	23543.11921
03/05/2015	1907.858	1913.762	1889.163	1906.874	29224.36404
03/04/2015	1901.955	1908.842	1897.035	1907.858	26155.06898
03/03/2015	1900.971	1903.923	1886.212	1901.955	76269.94954
03/02/2015	1875.388	1899.003	1859.645	1899.003	25707.88692
02/27/15	1899.003	1899.003	1869.485	1874.404	54063.2949
02/26/15	1899.003	1899.003	1882.276	1889.163	51420.85545
02/25/15	1879.324	1899.003	1879.324	1897.035	97948.11629
02/24/15	1879.324	1889.163	1875.388	1879.324	45825.99807
02/23/15	1869.485	1889.163	1869.485	1879.324	37436.2528
02/20/15	1884.244	1889.163	1860.629	1869.485	35987.99271
02/18/15	1864.565	1928.521	1859.645	1884.244	72504.47332
02/17/15	1861.613	1869.485	1843.902	1859.645	20128.27438
02/16/15	1880.308	1889.163	1839.966	1843.902	60008.78367
02/13/15	1878.34	1883.26	1844.886	1877.356	31800.7425
02/12/2015	1864.565	1897.035	1863.581	1889.163	73398.83744
02/11/2015	1879.324	1885.228	1859.645	1864.565	37476.90571
02/10/2015	1854.726	1899.003	1854.726	1879.324	117441.1889
02/09/2015	1864.565	1864.565	1823.24	1849.806	13039.42238
02/06/2015	1794.705	1864.565	1783.882	1864.565	137742.2381
02/05/2015	1742.556	1795.689	1742.556	1795.689	239770.8907
02/04/2015	1726.813	1746.492	1726.813	1741.573	26256.70126
02/03/2015	1721.894	1744.524	1702.215	1726.813	18817.21788
02/02/2015	1717.958	1744.524	1697.295	1744.524	26795.35238
01/30/15	1731.733	1731.733	1707.135	1717.958	36521.56222
01/29/15	1721.894	1740.589	1698.279	1712.054	46359.56757
01/28/15	1731.733	1731.733	1705.167	1721.894	84695.26611
01/27/15	1760.267	1760.267	1692.376	1704.183	48905.45635
01/26/15	1731.733	1760.267	1731.733	1760.267	32756.086
01/23/15	1722.878	1740.589	1720.91	1731.733	44108.41242
01/22/15	1721.894	1721.894	1700.247	1712.054	27313.67705
01/21/15	1719.926	1721.894	1715.99	1720.91	60288.27246
01/20/15	1702.215	1718.942	1692.376	1712.054	86433.17821
01/19/15	1704.183	1719.926	1692.376	1697.295	42533.11198
01/14/15	1692.376	1715.99	1692.376	1703.199	48011.09223
01/13/15	1684.504	1715.99	1684.504	1690.408	35088.54698
01/12/2015	1684.504	1684.504	1678.6	1684.504	22958.73356
01/09/2015	1688.44	1715.006	1683.52	1684.504	51405.6106
01/08/2015	1694.343	1721.894	1684.504	1687.456	45815.83484
01/07/2015	1682.536	1713.038	1682.536	1692.376	30657.37928
01/06/2015	1683.52	1720.91	1683.52	1716.974	22140.59365
01/05/2015	1721.894	1721.894	1715.99	1721.894	13186.7892
