GTCAP 1216

12/27/19	845	881	845	847	197790
12/26/19	852	879	845	879	66230
12/23/19	838	855	824.5	854	105950
12/20/19	814	839	783	839	272850
12/19/19	825	826	811	814.5	157670
12/18/19	830	840	824	824	108630
12/17/19	856	869.5	828	830	89210
12/16/19	890	897	856	856	83200
12/13/19	895	898	883	895	114250
12/12/2019	874	895	872	891	99120
12/11/2019	873	884.5	873	874	27300
12/10/2019	895	895	873	873	25150
12/09/2019	900	900	890.5	900	67700
12/06/2019	902	902	881	900	97710
12/05/2019	893.5	900	891	895	45140
12/04/2019	898	904	893.5	899	66410
12/03/2019	905	905	894.5	900	51160
12/02/2019	899	904	894	899.5	54970
11/29/19	880	895.5	880	894.5	81560
11/28/19	875	895.5	875	893.5	35410
11/27/19	878	890	872.5	880	61490
11/26/19	882	882	872	878	285090
11/25/19	871.5	892.5	871	880	40760
11/22/19	876.5	895	874	894	85660
11/21/19	890	890	871.5	876.5	74390
11/20/19	890	898.5	885	891	47390
11/19/19	882	900	882	900	77700
11/18/19	900	900	876	890	20230
11/15/19	898	900.5	889	900	106100
11/14/19	899.5	899.5	881.5	890	36320
11/13/19	903	903	871	902	75210
11/12/2019	890	909.5	875	904	47340
11/11/2019	900	901.5	880	890	64800
11/08/2019	898	900	890	900	42630
11/07/2019	914	914	897	901	34240
11/06/2019	910	914	900.5	905	66850
11/05/2019	905	914	890.5	910	106710
11/04/2019	894	905	892.5	905	39970
10/31/19	892	896	875	894	84230
10/30/19	888	896.5	873.5	893.5	67440
10/29/19	867	888	866	888	59110
10/28/19	880	880	865.5	870	40770
10/25/19	879	881.5	876	880	54550
10/24/19	869	875	865.5	870	38850
10/23/19	880	880	863	869.5	57600
10/22/19	860	890	857	880	110120
10/21/19	873	875	860	865	32930
10/18/19	864.5	874	860.5	873	44320
10/17/19	862	862.5	855.5	862	152000
10/16/19	853	862.5	850.5	860	109870
10/15/19	849	864.5	840	853	64570
10/14/19	848	865	844	849	52960
10/11/2019	840.5	852	839.5	844	112300
10/10/2019	834	847	833	840	23640
10/09/2019	855	855	834	834	26130
10/08/2019	840	860	840	850	60900
10/07/2019	840	848.5	837	846	38300
10/04/2019	830	840.5	826	840	19090
10/03/2019	830	830	826.5	828	46620
10/02/2019	843	843	830	835	74500
10/01/2019	840	847	836.5	844	30840
09/30/19	838	847.5	835	842	86750
09/27/19	841	860	836	836	16850
09/26/19	833	848	833	841	85970
09/25/19	845	860	825.5	833	159460
09/24/19	860	861	845	845	143650
09/23/19	885	885	851.5	860	117640
09/20/19	892	900	880	880	206310
09/19/19	885.5	885.5	871.5	880	117160
09/18/19	897	897	886	890	73850
09/17/19	907	917.5	889.5	898	89670
09/16/19	920	920	900.5	919	70760
09/13/19	930	930	912	920	124050
09/12/2019	921	930	921	929.5	73550
09/11/2019	920.5	935	919.5	930	214320
09/10/2019	921	935	917	930	207890
09/09/2019	900.5	923	900	921	84240
09/06/2019	912.5	915	900	900	116000
09/05/2019	913	917.5	901.5	912.5	111590
09/04/2019	904.5	917	898	915	109470
09/03/2019	912	917.5	897	912	41820
09/02/2019	910	915	885.5	910	80970
08/30/19	891	914	890	908	210620
08/29/19	868	890	865	890	169010
08/28/19	853.5	881	853	881	56800
08/27/19	860	866.5	851	853.5	276540
08/23/19	850	866.5	850	864	93980
08/22/19	874	874.5	850	856.5	274780
08/20/19	883.5	888.5	865	888.5	73420
08/19/19	870	884	852.5	884	119130
08/16/19	865	881	863	870	151840
08/15/19	849.5	875	830	864.5	117910
08/14/19	855	898	849	858	234250
08/13/19	882	882	850	855	107210
08/09/2019	900	903	882	882	45740
08/08/2019	909.5	918	885	900	80140
08/07/2019	884	909.5	883	909.5	187720
08/06/2019	892	898	872	887	200700
08/05/2019	919.5	919.5	900	903.5	107380
08/02/2019	920	928.5	898	928.5	119260
08/01/2019	926	926	913	921	50240
07/31/19	953	953	927	927	86960
07/30/19	960	963.5	950	955	80030
07/29/19	965	968	941	967	91620
07/26/19	967	969	939	969	162730
07/25/19	924	972	908.5	972	147020
07/24/19	915	936.5	910	924	256130
07/23/19	910	929	909.5	924	124180
07/22/19	908	918.5	908	910	75940
07/19/19	930	935	917.5	920	74370
07/18/19	914	930	914	930	120300
07/17/19	915	922.5	910	910.5	49530
07/16/19	907.5	932	900.5	923	191200
07/15/19	900	910	895	908	128340
07/12/2019	881	901	881	900	317720
07/11/2019	850	877	850	875	152630
07/10/2019	846	850	835	845	84920
07/09/2019	840	858	840	846	112940
07/08/2019	859	866	840	840	55180
07/05/2019	878	878	855	855	65630
07/04/2019	870	875.5	865	865	41270
07/03/2019	861	893.5	856	869	107320
07/02/2019	856.481	865.741	853.704	856.481	62402.40107
07/01/2019	870.37	875.926	853.704	853.704	47865.60082
06/28/19	870.37	874.074	854.63	870.37	48243.60083
06/27/19	851.852	870.37	850.926	870.37	66592.80115
06/26/19	850.926	852.315	835.185	851.852	85384.80147
06/25/19	871.296	871.296	843.519	852.315	139017.6024
06/24/19	887.963	887.963	871.296	871.296	82695.60142
06/21/19	879.63	889.815	863.889	889.815	201808.8035
06/20/19	851.852	888.889	834.259	888.889	138888.0024
06/19/19	805.556	851.852	805.556	851.852	220136.4038
06/18/19	787.5	814.815	787.5	814.815	273596.4047
06/17/19	810.185	814.352	787.5	787.5	38750.40067
06/14/19	811.574	814.815	798.611	810.185	110311.2019
06/13/19	815.741	815.741	792.13	799.074	80697.60139
06/11/2019	825.926	832.407	817.593	819.444	45997.20079
06/10/2019	812.963	827.778	805.556	826.852	47174.40081
06/07/2019	797.222	813.889	794.907	813.889	29019.6005
06/06/2019	805.556	805.556	787.037	797.222	83494.80144
06/04/2019	805.556	808.796	791.667	794.444	79779.60137
06/03/2019	803.241	817.13	800	800.926	98096.40169
05/31/19	808.333	822.222	799.074	799.074	127396.8022
05/30/19	810.185	820.37	805.556	807.407	55166.40095
05/29/19	800.926	814.815	800.926	807.407	50414.40087
05/28/19	833.333	833.333	799.537	799.537	339238.8058
05/27/19	818.056	842.593	811.111	834.259	146664.0025
05/24/19	819.444	819.444	796.296	818.056	82231.20141
05/23/19	814.815	825.463	803.704	819.444	90914.40156
05/22/19	803.704	814.815	787.963	814.815	71010.00122
05/21/19	787.037	802.778	778.241	787.5	50770.80087
05/20/19	775.926	787.037	759.259	787.037	85989.60148
05/17/19	741.204	777.778	740.741	759.259	106736.4018
05/16/19	739.352	744.907	737.963	741.204	130053.6022
05/15/19	756.019	761.111	737.963	737.963	122644.8021
05/14/19	785.185	785.185	750.463	754.63	204454.8035
05/10/2019	782.407	800.926	782.407	787.037	338925.6058
05/09/2019	796.296	799.074	782.407	782.407	421243.2072
05/08/2019	824.074	825	791.667	791.667	114004.802
05/07/2019	823.148	839.352	809.722	832.407	68655.60118
05/06/2019	828.704	831.019	810.185	822.222	90514.80156
05/03/2019	812.963	831.481	812.037	824.074	445273.2077
05/02/2019	800.926	813.426	800.926	812.963	63266.40109
04/30/19	802.315	813.889	793.519	800.926	121575.6021
04/29/19	800.926	824.074	796.296	800.926	465447.608
04/26/19	789.815	812.037	789.352	796.296	63061.20108
04/25/19	788.889	804.167	767.13	788.889	557820.0096
04/24/19	787.037	801.389	785.185	787.963	56300.40097
04/23/19	793.056	793.056	787.037	787.037	61970.40107
04/22/19	798.148	798.611	789.352	793.056	463255.208
04/17/19	795.37	805.093	795.37	798.148	182800.8031
04/16/19	807.407	810.185	789.815	794.907	175100.403
04/15/19	805.556	810.185	793.519	793.519	119642.4021
04/12/2019	808.333	817.13	801.852	805.556	49377.60085
04/11/2019	833.333	833.796	801.852	801.852	181634.4031
04/10/2019	837.963	842.13	824.074	833.333	219596.4038
04/08/2019	830.556	837.963	819.907	823.611	125344.8022
04/05/2019	825.926	850.926	825	829.63	33760.80058
04/04/2019	833.333	841.667	815.741	825.463	168145.2029
04/03/2019	824.074	840.278	824.074	833.333	89434.80154
04/02/2019	849.074	849.074	819.444	824.074	134470.8023
04/01/2019	868.519	877.778	830.556	847.222	234716.404
03/29/19	906.481	908.333	862.5	862.5	235256.404
03/28/19	896.296	907.407	883.796	907.407	77403.60133
03/27/19	915.741	915.741	879.63	888.426	154062.0026
03/26/19	934.259	945.37	912.5	918.519	103253.4018
03/25/19	958.333	958.333	920.37	935.185	139282.2024
03/22/19	952.778	962.963	950	962.963	106196.4018
03/21/19	938.889	952.778	938.889	950.926	77430.60133
03/20/19	925.926	942.593	925	942.593	145497.6025
03/19/19	927.778	927.778	921.759	925.926	75416.4013
03/18/19	921.296	925.926	909.259	921.296	255981.6044
03/15/19	925.926	927.778	901.852	921.296	360444.6062
03/14/19	919.444	929.63	910.185	925.926	167454.0029
03/13/19	912.037	921.296	902.315	919.907	76928.40132
03/12/2019	893.519	922.222	893.519	902.315	213775.2037
03/11/2019	919.444	919.444	888.889	893.519	168901.2029
03/08/2019	924.074	925.926	917.13	919.444	122623.2021
03/07/2019	912.963	924.074	905.556	924.074	56084.40096
03/06/2019	868.519	903.704	865.278	902.778	138304.8024
03/05/2019	888.426	888.889	856.481	868.519	120495.6021
03/04/2019	867.593	885.185	861.574	875	90730.80156
03/01/2019	870.37	895.833	851.852	861.111	204174.0035
02/28/19	893.519	909.259	870.833	884.259	245905.2042
02/27/19	925	939.815	882.87	884.259	115214.402
02/26/19	937.963	958.333	916.667	924.537	89380.80154
02/22/19	958.333	961.111	916.667	927.778	63131.40109
02/21/19	944.444	958.333	932.407	958.333	130491.0022
02/20/19	925.926	949.074	925.926	943.519	89791.20154
02/19/19	925.926	934.259	924.074	925.926	91627.20158
02/18/19	916.667	930.556	914.815	925.926	134805.6023
02/15/19	925.926	925.926	908.333	916.667	345389.4059
02/14/19	981.481	981.481	944.444	944.444	85109.40146
02/13/19	990.741	990.741	961.111	970.37	143758.8025
02/12/2019	996.296	1000.926	974.074	990.741	112460.4019
02/11/2019	1013.889	1013.889	1000	1009.259	35013.6006
02/08/2019	1009.259	1025.926	1009.259	1013.889	53551.80092
02/07/2019	1045.37	1045.37	1018.519	1018.519	141555.6024
02/06/2019	1037.037	1047.222	1032.407	1045.37	88765.20153
02/04/2019	1024.074	1037.037	1000	1037.037	56943.00098
02/01/2019	987.037	1036.111	987.037	1036.111	160390.8028
01/31/19	945.37	988.889	945.37	987.963	114042.602
01/30/19	962.963	979.63	944.444	953.704	130161.6022
01/29/19	958.333	970.37	951.852	962.963	143251.2025
01/28/19	957.407	972.222	949.074	958.333	101239.2017
01/25/19	962.963	971.296	944.444	944.444	46164.60079
01/24/19	947.222	971.296	941.667	962.963	78337.80135
01/23/19	958.333	962.037	930.556	962.037	66841.20115
01/22/19	962.037	967.593	946.296	967.593	71101.80122
01/21/19	962.963	972.222	946.296	960.185	64713.60111
01/18/19	941.667	980.556	928.704	972.222	196160.4034
01/17/19	925.926	942.593	925.926	942.593	113297.4019
01/16/19	925.926	935.185	915.278	932.407	109090.8019
01/15/19	928.704	928.704	910.185	916.667	118881.002
01/14/19	919.907	929.63	900.463	929.63	144039.6025
01/11/2019	944.444	944.444	916.667	924.537	115214.402
01/10/2019	939.815	944.444	930.556	944.444	96757.20166
01/09/2019	907.407	936.111	898.611	933.333	166330.8029
01/08/2019	913.889	925.926	890.278	890.278	45370.80078
01/07/2019	921.296	944.444	912.963	912.963	120312.0021
01/04/2019	930.556	932.407	917.593	921.296	98949.6017
01/03/2019	916.204	935.185	893.981	930.556	165391.2028
01/02/2019	902.778	916.204	885.185	916.204	15390.00026
12/28/18	884.259	902.778	884.259	902.778	72608.40125
12/27/18	888.889	897.222	867.593	867.593	47077.20081
12/26/18	918.056	918.056	879.167	884.259	59032.80102
12/21/18	902.778	919.444	897.685	918.056	148316.4026
12/20/18	884.259	920.833	872.685	919.444	120463.2021
12/19/18	873.148	894.444	870.37	894.444	130852.8023
12/18/18	842.593	873.148	842.593	873.148	39722.40068
12/17/18	879.63	879.63	851.852	851.852	59432.40102
12/14/18	887.037	887.037	874.537	881.944	77155.20133
12/13/18	872.222	888.426	872.222	888.426	40186.80069
12/12/2018	861.111	870.37	857.407	870.37	98442.00169
12/11/2018	827.778	856.481	827.778	856.481	84866.40146
12/10/2018	851.852	852.778	817.593	827.778	127375.2022
12/07/2018	878.704	888.889	851.852	851.852	58525.20101
12/06/2018	902.315	902.778	870.37	870.37	195966.0034
12/05/2018	888.889	902.778	872.222	902.315	149774.4026
12/04/2018	854.63	899.074	854.63	899.074	322185.6055
12/03/2018	832.407	857.407	831.944	849.074	155174.4027
11/29/18	815.741	827.778	814.815	822.222	344952.0059
11/28/18	814.815	815.278	804.63	806.019	113216.4019
11/27/18	802.778	818.519	802.778	814.352	202046.4035
11/26/18	809.259	814.815	800.926	802.778	132656.4023
11/23/18	810.185	828.704	809.259	812.037	134190.0023
11/22/18	818.981	819.444	806.944	813.889	133498.8023
11/21/18	819.444	831.481	798.148	819.444	282150.0049
11/20/18	796.296	847.222	759.259	832.87	530971.2091
11/19/18	747.222	800.926	743.056	796.296	289137.605
11/16/18	675.926	754.63	675.926	747.222	340610.4059
11/15/18	662.037	671.296	657.407	666.667	105969.6018
11/14/18	653.704	666.667	653.704	662.037	81183.6014
11/13/18	664.815	668.056	643.519	662.037	37076.40064
11/12/2018	671.296	671.296	658.333	668.519	49820.40086
11/09/2018	657.407	678.704	652.778	674.074	93949.20162
11/08/2018	664.815	664.815	638.889	660.185	115430.402
11/07/2018	701.852	701.852	653.704	653.704	78116.40134
11/06/2018	702.778	726.852	685.185	701.852	174052.803
11/05/2018	713.889	722.222	700	702.778	219456.0038
10/31/18	708.333	712.963	703.241	703.704	181396.8031
10/30/18	720.37	720.37	694.444	699.074	47757.60082
10/29/18	726.852	726.852	708.333	720.833	87372.0015
10/26/18	726.852	729.63	703.704	726.852	66592.80115
10/25/18	725.926	726.852	685.185	726.852	74044.80127
10/24/18	731.481	737.963	717.593	726.852	89413.20154
10/23/18	717.593	738.426	716.667	731.481	307584.0053
10/22/18	692.593	717.593	674.537	717.593	86032.80148
10/19/18	685.185	694.444	671.296	674.537	87642.00151
10/18/18	680.556	685.185	674.074	685.185	76496.40132
10/17/18	665.741	699.074	665.741	667.593	90450.00156
10/16/18	665.741	665.741	652.778	658.333	79293.60136
10/15/18	648.611	670.37	648.148	657.407	247330.8043
10/12/2018	625	648.148	612.037	648.148	335620.8058
10/11/2018	657.407	657.407	611.574	621.296	254188.8044
10/10/2018	670.37	672.222	654.63	657.407	103615.2018
10/09/2018	685.185	685.185	666.667	670.37	68828.40118
10/08/2018	737.963	737.963	685.185	685.185	67262.40116
10/05/2018	725.463	738.426	707.407	707.407	86702.40149
10/04/2018	740.741	740.741	723.148	725.463	67348.80116
10/03/2018	740.741	740.741	739.815	740.741	85924.80148
10/02/2018	755.093	755.093	738.426	740.741	134319.6023
10/01/2018	759.259	768.519	738.889	738.889	51537.60089
09/28/18	753.241	769.444	751.852	759.259	53481.60092
09/27/18	746.296	754.63	736.111	751.852	156956.4027
09/26/18	792.593	792.593	740.741	745.37	130107.6022
09/25/18	787.963	796.296	782.407	787.037	69703.2012
09/24/18	775	802.778	768.519	787.963	143002.8025
09/21/18	758.333	793.981	745.37	775.926	232826.404
09/20/18	759.259	763.889	743.519	743.519	113022.0019
09/19/18	759.259	770.833	745.833	759.259	31989.60055
09/18/18	761.111	772.222	753.704	757.407	35802.00062
09/17/18	759.259	776.852	754.63	761.111	58816.80101
09/14/18	790.741	796.296	753.704	754.63	290973.605
09/13/18	803.704	804.167	782.407	787.037	118335.602
09/12/2018	810.185	818.981	797.685	797.685	112168.8019
09/11/2018	823.148	823.611	805.556	805.556	61095.60105
09/10/2018	806.019	824.074	795.833	823.148	100872.0017
09/07/2018	820.37	821.296	800.926	806.019	102794.4018
09/06/2018	824.074	824.074	802.778	818.519	106650.0018
09/05/2018	837.5	838.889	800.926	833.333	165434.4028
09/04/2018	814.815	837.963	814.815	837.5	117730.802
09/03/2018	815.741	847.222	812.963	814.815	634888.8109
08/31/18	824.074	824.074	810.185	811.111	229705.204
08/30/18	797.222	830.556	797.222	824.074	444420.0076
08/29/18	805.556	805.556	783.796	788.889	234316.804
08/28/18	821.296	821.296	798.148	798.148	185684.4032
08/24/18	828.704	830.556	805.556	805.556	181936.8031
08/23/18	824.074	833.333	806.944	828.704	172800.003
08/22/18	812.5	829.63	804.63	828.704	105613.2018
08/20/18	828.704	833.333	809.259	809.259	92178.00159
08/17/18	833.333	837.037	824.074	828.704	126975.6022
08/16/18	842.593	843.519	821.296	823.148	232923.604
08/15/18	879.63	879.63	842.593	842.593	142905.6025
08/14/18	879.63	883.796	853.704	883.796	143100.0025
08/13/18	906.944	906.944	879.63	879.63	53168.40091
08/10/2018	898.148	907.407	898.148	907.407	74401.20128
08/09/2018	907.407	911.574	891.204	898.148	130042.8022
08/08/2018	912.037	912.037	893.519	902.778	75481.2013
08/07/2018	913.426	913.426	898.148	900	119037.602
08/06/2018	924.074	924.074	906.019	906.019	42714.00073
08/03/2018	925.926	926.852	907.407	924.074	83268.00143
08/02/2018	930.556	930.556	922.222	924.537	84461.40145
08/01/2018	903.704	935.185	903.704	935.185	127526.4022
07/31/18	920.37	921.296	886.574	898.148	317466.0055
07/30/18	911.574	920.37	911.574	920.37	126975.6022
07/27/18	915.741	916.667	893.519	901.852	157204.8027
07/26/18	914.815	916.667	897.685	912.037	112158.0019
07/25/18	902.778	924.074	893.981	897.685	182941.2031
07/24/18	897.685	902.778	888.889	902.778	117255.602
07/23/18	879.63	901.852	865.741	888.889	88398.00152
07/20/18	860.185	879.63	854.167	879.63	77857.20134
07/19/18	897.222	902.315	847.222	860.185	164980.8028
07/18/18	888.889	906.481	888.889	897.222	49194.00085
07/17/18	879.63	888.889	875	888.889	68374.80118
07/16/18	884.259	888.889	870.37	879.63	20552.40035
07/13/18	881.481	889.352	881.481	884.259	152733.6026
07/12/2018	851.852	886.574	849.074	881.481	112147.2019
07/11/2018	850.926	862.037	842.593	849.074	75708.0013
07/10/2018	842.593	851.852	828.704	851.852	34441.20059
07/09/2018	830.556	833.796	822.222	826.852	50101.20086
07/06/2018	824.074	835.185	822.222	824.074	104738.4018
07/05/2018	833.333	871.296	820.37	829.63	327920.4056
07/04/2018	850.926	850.926	826.389	833.333	172411.203
07/03/2018	831.991	838.254	821.256	825.729	109097.2787
07/02/2018	814.099	838.254	814.099	831.991	203383.7076
06/29/18	818.572	838.254	812.31	814.099	80548.66704
06/28/18	803.364	817.23	789.945	805.153	287665.8266
06/27/18	813.205	813.205	789.497	791.734	215120.6074
06/26/18	795.312	804.706	780.104	804.706	83041.36101
06/25/18	840.043	840.043	777.867	777.867	105509.1407
06/22/18	831.991	839.148	806.942	806.942	99540.08881
06/21/18	872.249	872.249	823.045	823.045	140954.5783
06/20/18	885.668	889.247	872.249	872.249	158761.1321
06/19/18	877.617	881.195	867.776	877.617	115871.1466
06/18/18	882.984	892.825	870.013	885.668	207927.5645
06/14/18	894.614	900.877	876.722	900.877	430090.3119
06/13/18	918.769	924.137	881.195	894.614	248609.895
06/11/2018	894.614	921.453	894.614	918.769	87987.62595
06/08/2018	909.823	909.823	890.141	894.614	309831.8003
06/07/2018	892.378	916.98	890.589	909.823	197425.8336
06/06/2018	881.195	896.404	881.195	891.931	237454.2512
06/05/2018	876.722	881.195	873.591	881.195	70298.44116
06/04/2018	881.195	881.195	867.776	875.828	45203.83146
06/01/2018	872.249	884.774	867.776	874.933	75708.5931
05/31/18	876.722	892.378	867.776	867.776	391274.7073
05/30/18	894.167	894.614	872.249	872.249	179384.5419
05/29/18	909.823	911.612	892.825	894.167	72740.83413
05/28/18	891.036	903.561	888.352	903.561	50155.6854
05/25/18	897.298	908.928	884.774	890.589	51161.70539
05/24/18	871.354	892.378	871.354	890.141	55141.07334
05/23/18	900.877	907.139	868.671	868.671	108929.6087
05/22/18	920.558	920.558	890.141	890.141	84762.77299
05/21/18	922.347	922.347	905.35	908.034	36004.33757
05/18/18	899.088	923.242	898.193	923.242	93045.67089
05/17/18	930.399	930.399	896.404	897.298	163226.7431
05/16/18	933.083	933.083	907.139	910.717	113842.3396
05/15/18	928.61	948.291	925.926	933.083	156648.4901
05/11/2018	935.767	952.764	921.453	928.61	127373.3085
05/10/2018	894.614	917.874	894.614	908.928	255730.281
05/09/2018	904.455	917.874	888.352	891.931	120068.4856
05/08/2018	886.563	909.823	886.563	904.455	109767.9587
05/07/2018	892.825	908.034	878.959	878.959	79945.05505
05/04/2018	894.614	903.561	876.722	876.722	111539.6717
05/03/2018	912.507	927.715	894.614	894.614	114976.9066
05/02/2018	939.345	954.554	894.614	894.614	126546.1365
04/30/18	937.556	954.554	936.661	939.345	70415.81016
04/27/18	925.031	942.029	916.98	936.661	85444.63098
04/26/18	897.298	925.031	896.404	925.031	90893.90592
04/25/18	899.088	921.453	892.825	894.614	114948.9616
04/24/18	913.401	933.083	894.614	894.614	111360.8237
04/23/18	935.767	957.237	912.507	916.085	163724.1641
04/20/18	970.657	970.657	931.294	934.872	114015.5986
04/19/18	958.132	996.6	924.137	943.818	238667.0642
04/18/18	959.027	991.233	959.027	976.919	214986.4714
04/17/18	979.603	1001.074	959.027	959.027	89776.10593
04/16/18	1001.074	1001.074	970.657	979.603	67515.1192
04/13/18	1015.387	1015.387	988.549	990.338	158934.3911
04/12/2018	1001.968	1006.441	990.338	1004.652	92956.24689
04/11/2018	1015.387	1015.387	971.551	991.233	108940.7867
04/10/2018	1028.807	1031.49	984.076	984.076	162192.7781
04/06/2018	1040.437	1041.331	1018.966	1019.86	213281.8265
04/05/2018	1030.596	1035.069	1024.334	1027.017	159476.5241
04/04/2018	1044.91	1044.91	1027.912	1028.807	83443.76901
04/03/2018	1026.123	1048.488	1025.228	1028.807	65911.07622
04/02/2018	1053.856	1053.856	1019.86	1028.807	91413.68291
03/28/18	1040.437	1062.802	1028.807	1045.804	193301.1517
03/27/18	1030.596	1054.75	1030.596	1040.437	147365.1612
03/26/18	1046.699	1046.699	1018.071	1026.123	139272.2893
03/23/18	1072.643	1072.643	1043.12	1046.699	208933.5845
03/22/18	1083.378	1103.06	1077.116	1081.589	179971.3869
03/21/18	1127.214	1145.106	1083.378	1083.378	112160.0507
03/20/18	1157.631	1157.631	1120.057	1120.057	127390.0755
03/19/18	1160.315	1177.313	1153.158	1159.42	80554.25604
03/16/18	1162.999	1170.156	1153.158	1161.21	183721.6058
03/15/18	1162.999	1164.788	1162.999	1162.999	77614.44208
03/14/18	1173.734	1179.996	1155.842	1170.156	68716.75418
03/13/18	1185.364	1185.364	1173.734	1183.575	22557.20373
03/12/2018	1190.732	1197.889	1176.418	1185.364	87674.64196
03/09/2018	1189.837	1189.837	1171.945	1180.891	28319.46266
03/08/2018	1159.42	1180.891	1159.42	1180.891	45572.70546
03/07/2018	1171.945	1188.943	1167.472	1180.891	145559.9143
03/06/2018	1165.683	1180.891	1162.999	1162.999	94286.42888
03/05/2018	1189.837	1189.837	1167.472	1176.418	37994.02155
03/02/2018	1171.945	1189.837	1168.366	1189.837	58360.33731
03/01/2018	1200.573	1200.573	1171.945	1196.994	68694.39818
02/28/18	1195.205	1207.729	1171.945	1207.729	175187.2029
02/27/18	1189.837	1207.729	1164.788	1195.205	114406.8286
02/26/18	1167.472	1189.837	1162.999	1189.837	92184.9649
02/23/18	1180.891	1196.994	1171.945	1186.259	138668.6773
02/22/18	1216.676	1216.676	1171.945	1180.891	86456.23997
02/21/18	1213.992	1216.676	1205.046	1216.676	117972.6106
02/20/18	1189.837	1216.676	1188.943	1216.676	71220.62615
02/19/18	1171.945	1206.835	1162.999	1189.837	85684.95798
02/15/18	1160.315	1184.47	1153.158	1184.47	58170.31131
02/14/18	1154.947	1172.84	1154.053	1162.999	97187.11984
02/13/18	1189.837	1189.837	1169.261	1185.364	76988.47408
02/12/2018	1145.106	1185.364	1145.106	1185.364	54844.85635
02/09/2018	1167.472	1167.472	1125.425	1158.526	148086.1422
02/08/2018	1185.364	1185.364	1167.472	1173.734	53279.93637
02/07/2018	1180.891	1198.783	1171.945	1185.364	96505.26185
02/06/2018	1136.16	1174.629	1091.43	1169.261	208765.9145
02/05/2018	1196.994	1196.994	1164.788	1165.683	140261.5423
02/02/2018	1199.678	1216.676	1199.678	1207.729	58600.6643
02/01/2018	1204.151	1215.781	1198.783	1203.256	76474.28609
01/31/18	1207.729	1209.519	1171.05	1203.256	175561.6659
01/30/18	1221.149	1234.568	1200.573	1207.729	128083.1115
01/29/18	1207.729	1234.568	1206.835	1234.568	77972.13807
01/26/18	1199.678	1211.308	1198.783	1207.729	105207.3347
01/25/18	1196.994	1212.203	1196.994	1202.362	243825.7111
01/24/18	1209.519	1221.149	1196.994	1196.994	173661.4059
01/23/18	1234.568	1238.146	1207.729	1226.516	101563.3068
01/22/18	1243.514	1244.409	1219.359	1244.409	111433.4807
01/19/18	1169.261	1245.303	1169.261	1245.303	231356.6522
01/18/18	1185.364	1189.837	1162.999	1171.05	252214.8
01/17/18	1269.458	1269.458	1189.837	1207.729	366794.8876
01/16/18	1285.561	1287.35	1270.352	1283.772	172169.143
01/15/18	1278.404	1292.718	1273.931	1287.35	98819.10782
01/12/2018	1261.406	1283.772	1261.406	1279.299	141502.3003
01/11/2018	1238.146	1297.191	1216.676	1297.191	136410.7214
01/10/2018	1216.676	1243.514	1216.676	1236.357	99215.92682
01/09/2018	1216.676	1239.041	1205.046	1239.041	146968.3423
01/08/2018	1225.622	1230.095	1206.835	1217.57	155888.3861
01/05/2018	1180.891	1243.514	1180.891	1222.938	303303.8484
01/04/2018	1156.736	1184.47	1151.369	1184.47	247531.2181
01/03/2018	1158.526	1160.315	1149.58	1156.736	170179.459
12/29/17	1145.106	1155.842	1142.423	1155.842	78424.84707
12/28/17	1145.106	1151.369	1144.212	1149.58	133672.1114
12/27/17	1129.003	1148.685	1129.003	1144.212	94023.74588
12/22/17	1145.106	1145.106	1118.268	1134.371	86914.53797
12/21/17	1145.106	1145.106	1113.795	1145.106	85930.87398
12/20/17	1156.736	1157.631	1135.266	1145.106	57069.27832
12/19/17	1137.055	1160.315	1137.055	1156.736	113071.0577
12/18/17	1127.214	1159.42	1127.214	1154.053	256820.1359
12/15/17	1136.16	1137.95	1118.268	1137.055	254880.753
12/14/17	1082.483	1136.16	1075.327	1136.16	537740.0396
12/13/17	1064.591	1087.851	1063.697	1082.483	172633.0299
12/12/2017	1056.54	1064.591	1038.647	1058.329	52944.59637
12/11/2017	1051.172	1055.645	1043.12	1055.645	38905.02854
12/08/2017	1010.914	1051.172	1010.914	1051.172	166160.968
12/07/2017	1019.86	1030.596	1010.02	1010.914	95627.78886
12/06/2017	1024.334	1027.912	1014.493	1019.86	224471.0043
12/05/2017	1027.912	1033.28	1020.755	1024.334	103552.9908
12/04/2017	1011.809	1019.86	1006.441	1010.914	64877.11123
12/01/2017	1028.807	1035.964	1011.809	1014.493	163047.8951
11/29/17	1046.699	1054.75	1028.807	1028.807	284658.9446
11/28/17	1072.643	1072.643	1032.385	1039.542	239913.4111
11/27/17	1068.17	1073.537	1055.645	1073.537	100065.4548
11/24/17	1057.434	1069.064	1037.753	1069.064	37541.31255
11/23/17	1052.067	1063.697	1044.91	1054.75	94431.74288
11/22/17	1042.226	1051.172	1037.753	1044.015	72204.29014
11/21/17	1052.961	1060.118	1046.699	1046.699	237800.7692
11/20/17	1046.699	1055.645	1041.331	1046.699	66721.48121
11/17/17	1038.647	1055.645	1035.069	1045.804	52978.13037
11/16/17	1030.596	1048.488	1026.123	1026.123	93666.04988
11/15/17	1048.488	1055.645	1033.28	1051.172	81029.32104
11/14/17	1048.488	1048.488	1030.596	1048.488	102233.9868
11/13/17	1069.959	1077.116	1048.488	1048.488	70007.81317
11/10/2017	1082.483	1082.483	1064.591	1068.17	233782.2782
11/09/2017	1078.01	1082.483	1072.643	1076.221	193010.5237
11/08/2017	1069.064	1072.643	1060.118	1072.643	224241.8553
11/07/2017	1065.486	1082.483	1052.067	1068.17	148818.3012
11/06/2017	1074.432	1075.327	1061.013	1062.802	153909.8802
11/03/2017	1073.537	1081.589	1069.064	1073.537	200891.0136
11/02/2017	1055.645	1078.01	1051.172	1070.853	390212.7974
10/30/17	1024.334	1063.697	1023.439	1055.645	82678.07602
10/27/17	1020.755	1035.069	1013.598	1019.86	100233.1248
10/26/17	1015.387	1035.069	1010.914	1018.966	25167.2667
10/25/17	1042.226	1042.226	1007.336	1008.23	130363.4234
10/24/17	1064.591	1067.275	1027.912	1033.28	364743.7247
10/23/17	1065.486	1073.537	1056.54	1056.54	52178.90338
10/20/17	1103.954	1103.954	1064.591	1064.591	136002.7244
10/19/17	1110.217	1110.217	1084.273	1086.957	205876.4015
10/18/17	1118.268	1122.741	1100.376	1105.743	257306.3789
10/17/17	1106.638	1125.425	1093.219	1118.268	365151.7217
10/13/17	1082.483	1092.324	1079.8	1091.43	162181.6001
10/12/2017	1081.589	1085.167	1073.537	1078.01	70723.20516
10/11/2017	1088.746	1091.43	1078.01	1081.589	65368.94322
10/10/2017	1081.589	1082.483	1073.537	1081.589	144090.0073
10/09/2017	1089.64	1094.113	1072.643	1072.643	97310.07784
10/06/2017	1106.638	1118.268	1089.64	1089.64	177746.9649
10/05/2017	1088.746	1106.638	1088.746	1106.638	101691.8538
10/04/2017	1078.905	1106.638	1078.905	1083.378	98176.37283
10/03/2017	1073.537	1091.43	1073.537	1078.01	219468.8494
10/02/2017	1053.856	1079.8	1052.067	1078.905	225823.5423
09/29/17	1051.172	1064.591	1034.174	1038.647	221302.0414
09/28/17	1063.697	1063.697	1046.699	1051.172	270993.8398
09/27/17	1045.804	1064.591	1035.069	1064.591	120185.8546
09/26/17	1063.697	1070.853	1044.015	1044.91	114054.7216
09/25/17	1074.432	1075.327	1055.645	1069.064	21942.41374
09/22/17	1055.645	1077.116	1055.645	1074.432	133945.9724
09/21/17	1044.91	1060.118	1044.91	1051.172	108706.0487
09/20/17	1034.174	1061.013	1033.28	1043.12	86137.66697
09/19/17	1074.432	1077.116	1027.912	1028.807	134113.6424
09/18/17	1063.697	1074.432	1052.067	1072.643	88837.15394
09/15/17	1072.643	1080.694	1050.277	1050.277	332534.318
09/14/17	1037.753	1072.643	1037.753	1072.643	165400.864
09/13/17	1008.23	1037.753	1000.179	1037.753	293053.6225
09/11/2017	1009.125	1010.914	999.284	1001.074	176277.0579
09/08/2017	997.495	1010.914	988.549	993.022	210112.8635
09/07/2017	989.444	1001.074	989.444	993.022	177674.3079
09/06/2017	1012.704	1012.704	986.76	988.549	353761.3398
09/05/2017	1023.439	1027.017	1003.757	1010.914	114440.3626
09/04/2017	1019.86	1019.86	1001.968	1012.704	137584.4114
08/31/17	1010.914	1010.914	999.284	1000.179	176875.0809
08/30/17	1022.544	1022.544	1007.336	1010.02	140244.7753
08/29/17	1019.86	1031.49	1005.547	1010.914	172146.787
08/25/17	1027.017	1027.912	1009.125	1009.125	124036.6755
08/24/17	1003.757	1033.28	1003.757	1018.071	200505.3726
08/23/17	1010.914	1024.334	1000.179	1001.968	256283.5919
08/22/17	1028.807	1028.807	1009.125	1010.914	192546.6367
08/18/17	1046.699	1055.645	1018.966	1024.334	153809.2782
08/17/17	1072.643	1072.643	1042.226	1047.593	114384.4726
08/16/17	1055.645	1061.013	1048.488	1055.645	152836.7922
08/15/17	1046.699	1055.645	1044.015	1045.804	28459.18766
08/14/17	1037.753	1050.277	1037.753	1044.015	165367.33
08/11/2017	1057.434	1061.013	1014.493	1024.334	150031.1142
08/10/2017	1073.537	1073.537	1042.226	1044.91	74942.90011
08/09/2017	1087.851	1087.851	1069.959	1073.537	74931.72211
08/08/2017	1099.481	1099.481	1076.221	1086.957	56465.66633
08/07/2017	1078.01	1093.219	1078.01	1091.43	77228.80108
08/04/2017	1069.959	1082.483	1069.959	1073.537	42431.68749
08/03/2017	1091.43	1094.113	1069.064	1069.064	102166.9188
08/02/2017	1078.01	1093.219	1073.537	1082.483	113607.6016
08/01/2017	1085.167	1091.43	1071.748	1073.537	149902.5672
07/31/17	1119.163	1119.163	1078.905	1085.167	119012.1646
07/28/17	1124.53	1124.53	1110.217	1111.111	78469.55907
07/27/17	1105.743	1134.371	1105.743	1124.53	268026.0808
07/26/17	1086.957	1106.638	1086.957	1100.376	169106.371
07/25/17	1084.273	1086.957	1078.905	1083.378	104765.8038
07/24/17	1070.853	1086.957	1068.17	1073.537	289482.2516
07/21/17	1100.376	1100.376	1061.907	1069.064	396573.0793
07/20/17	1107.533	1112.9	1099.481	1100.376	133023.7874
07/19/17	1111.111	1127.214	1102.165	1109.322	210213.4655
07/18/17	1080.694	1113.795	1080.694	1109.322	224046.2403
07/17/17	1079.8	1079.8	1072.643	1079.8	226740.1383
07/14/17	1078.905	1082.483	1069.064	1073.537	73864.22312
07/13/17	1075.327	1085.167	1069.064	1073.537	225588.8043
07/12/2017	1073.537	1075.327	1071.748	1073.537	206848.8875
07/11/2017	1069.064	1079.8	1069.064	1069.064	46165.13945
07/10/2017	1082.483	1083.378	1069.064	1069.064	73568.00612
07/07/2017	1074.432	1078.01	1071.748	1073.537	438088.1708
07/06/2017	1082.483	1083.378	1074.432	1078.01	82488.05002
07/05/2017	1073.537	1082.483	1069.959	1082.483	82940.75901
07/04/2017	1075.327	1080.694	1073.537	1076.221	18969.06577
07/03/2017	1082.483	1085.167	1065.486	1075.327	55129.89534
06/30/17	1062.802	1082.483	1062.802	1082.483	88608.00495
06/29/17	1077.116	1082.483	1062.802	1064.591	93381.01089
06/28/17	1075.327	1080.694	1072.643	1078.01	224722.5093
06/27/17	1081.589	1081.589	1070.853	1076.221	100283.4258
06/23/17	1084.273	1085.167	1070.853	1078.905	86003.53098
06/22/17	1080.694	1086.957	1074.432	1078.905	190076.2987
06/21/17	1086.062	1086.062	1072.643	1073.537	604472.6988
06/20/17	1081.589	1081.589	1065.486	1073.537	216517.8574
06/19/17	1073.537	1081.589	1062.802	1066.38	259692.8819
06/16/17	1108.427	1108.427	1073.537	1073.537	1636408.88
06/15/17	1099.481	1113.795	1091.43	1108.427	278667.5367
06/14/17	1102.165	1102.165	1082.483	1091.43	247760.3671
06/13/17	1082.483	1109.322	1070.853	1109.322	400451.8452
06/09/2017	1083.378	1083.378	1071.748	1071.748	87685.81996
06/08/2017	1069.064	1082.483	1064.591	1082.483	183084.4598
06/07/2017	1091.43	1104.849	1060.118	1069.064	536158.3526
06/06/2017	1098.587	1104.849	1078.905	1091.43	163008.7721
06/05/2017	1076.221	1103.954	1076.221	1097.692	207374.2535
06/02/2017	1045.804	1100.376	1045.804	1075.327	532497.5577
06/01/2017	1061.013	1065.486	1028.807	1039.542	552780.0384
05/31/17	1072.643	1081.589	1060.118	1069.064	761506.8299
05/30/17	1072.643	1073.537	1062.802	1072.643	221005.8244
05/29/17	1064.591	1078.01	1064.591	1072.643	290354.1355
05/26/17	1073.537	1073.537	1063.697	1063.697	202629.1926
05/25/17	1064.591	1073.537	1064.591	1073.537	362899.3547
05/24/17	1078.905	1086.062	1060.118	1060.118	156698.7911
05/23/17	1105.743	1105.743	1073.537	1073.537	207921.9755
05/22/17	1126.32	1126.32	1104.849	1104.849	108163.9157
05/19/17	1108.427	1127.214	1099.481	1117.373	188958.4988
05/18/17	1136.16	1136.16	1097.692	1107.533	109823.8487
05/17/17	1120.952	1135.266	1110.217	1127.214	143989.4053
05/16/17	1127.214	1141.528	1110.217	1121.846	109382.3177
05/15/17	1112.9	1118.268	1104.849	1104.849	132861.7064
05/12/2017	1141.528	1141.528	1118.268	1123.636	193776.2167
05/11/2017	1134.371	1152.263	1113.795	1121.846	295624.5625
05/10/2017	1163.893	1171.05	1109.322	1109.322	145101.6163
05/09/2017	1149.58	1165.683	1139.739	1162.999	319210.1422
05/08/2017	1125.425	1153.158	1125.425	1149.58	321322.7842
05/05/2017	1096.797	1136.16	1096.797	1122.741	233899.6472
05/04/2017	1086.957	1104.849	1086.957	1095.903	166636.033
05/03/2017	1116.479	1120.952	1086.957	1086.957	80699.57004
05/02/2017	1131.687	1137.95	1113.795	1116.479	259469.3219
04/27/17	1132.582	1132.582	1110.217	1127.214	85539.64398
04/26/17	1129.898	1144.212	1110.217	1133.476	272217.8308
04/25/17	1101.27	1130.793	1101.27	1129.003	228372.1263
04/24/17	1084.273	1100.376	1078.01	1099.481	72126.04414
04/21/17	1077.116	1088.746	1059.223	1080.694	134571.9404
04/20/17	1078.01	1078.905	1045.804	1051.172	306003.3354
04/19/17	1093.219	1093.219	1073.537	1078.905	118229.7046
04/18/17	1110.217	1110.217	1095.903	1100.376	89714.62693
04/17/17	1133.476	1134.371	1100.376	1113.795	69281.24318
04/12/2017	1135.266	1140.633	1118.268	1140.633	71203.85915
04/11/2017	1098.587	1147.79	1098.587	1135.266	400882.1982
04/10/2017	1049.383	1109.322	1049.383	1095.903	258278.8649
04/07/2017	1024.334	1069.064	1024.334	1049.383	261587.5529
04/06/2017	1020.755	1037.753	1020.755	1021.65	64452.34723
04/05/2017	1013.598	1028.807	1012.704	1020.755	430939.8399
04/04/2017	1014.493	1015.387	998.39	1001.968	264035.5349
04/03/2017	1024.334	1024.334	1012.704	1014.493	234290.8772
03/31/17	1052.961	1052.961	1017.177	1024.334	278114.2257
03/30/17	1068.17	1082.483	1037.753	1052.961	126680.2725
03/29/17	1064.591	1065.486	1053.856	1062.802	63440.73824
03/28/17	1064.591	1066.38	1060.118	1062.802	66296.71721
03/27/17	1061.907	1067.275	1047.593	1057.434	133616.2214
03/24/17	1045.804	1054.75	1042.226	1046.699	82040.93002
03/23/17	1046.699	1051.172	1037.753	1045.804	70209.01716
03/22/17	1035.964	1054.75	1030.596	1035.069	207078.0365
03/21/17	1051.172	1064.591	1051.172	1063.697	226075.0473
03/20/17	1042.226	1054.75	1041.331	1046.699	105866.8367
03/17/17	1050.277	1060.118	1030.596	1030.596	327878.6811
03/16/17	1069.064	1069.064	1042.226	1045.804	244613.7601
03/15/17	1065.486	1071.748	1054.75	1055.645	129245.6235
03/14/17	1064.591	1069.064	1063.697	1064.591	206457.6575
03/13/17	1082.483	1086.957	1061.013	1065.486	201265.4766
03/10/2017	1090.535	1100.376	1056.54	1100.376	171375.505
03/09/2017	1086.957	1086.957	1079.8	1080.694	108147.1487
03/08/2017	1080.694	1090.535	1078.01	1080.694	86193.55697
03/07/2017	1104.849	1111.111	1077.116	1080.694	161712.1241
03/06/2017	1080.694	1102.165	1080.694	1091.43	95286.85987
03/03/2017	1087.851	1087.851	1073.537	1082.483	194117.1457
03/02/2017	1080.694	1110.217	1078.01	1092.324	147778.7472
03/01/2017	1079.8	1082.483	1074.432	1074.432	98584.36983
02/28/17	1095.008	1095.008	1078.905	1081.589	230082.3603
02/27/17	1127.214	1127.214	1080.694	1082.483	79665.60505
02/24/17	1106.638	1106.638	1091.43	1104.849	188209.5728
02/23/17	1106.638	1112.9	1084.273	1109.322	167329.069
02/22/17	1104.849	1109.322	1091.43	1098.587	165216.427
02/21/17	1107.533	1107.533	1102.165	1104.849	59293.70029
02/20/17	1095.903	1118.268	1095.903	1108.427	121320.4216
02/17/17	1095.903	1109.322	1085.167	1091.43	165903.874
02/16/17	1098.587	1116.479	1091.43	1095.903	201192.8196
02/15/17	1093.219	1100.376	1091.43	1098.587	184710.8588
02/14/17	1109.322	1119.163	1091.43	1091.43	176232.3459
02/13/17	1128.109	1133.476	1107.533	1109.322	176148.5109
02/10/2017	1149.58	1149.58	1100.376	1119.163	196492.4707
02/09/2017	1144.212	1154.053	1138.844	1145.106	144906.0013
02/08/2017	1137.95	1149.58	1133.476	1144.212	239946.9451
02/07/2017	1092.324	1134.371	1092.324	1134.371	278527.8117
02/06/2017	1109.322	1112.006	1073.537	1092.324	431666.4099
02/03/2017	1133.476	1133.476	1103.954	1113.795	200410.3596
02/02/2017	1153.158	1164.788	1118.268	1132.582	225225.5193
02/01/2017	1166.577	1187.153	1148.685	1153.158	302504.6214
01/31/17	1207.729	1207.729	1164.788	1166.577	212203.1495
01/30/17	1241.725	1243.514	1207.729	1207.729	28967.78666
01/27/17	1221.149	1241.725	1221.149	1235.463	148868.6022
01/26/17	1199.678	1223.833	1199.678	1220.254	257518.7609
01/25/17	1203.256	1212.203	1189.837	1199.678	54179.76535
01/24/17	1203.256	1206.835	1179.102	1203.256	159918.0551
01/23/17	1207.729	1207.729	1193.416	1203.256	146169.1153
01/20/17	1207.729	1208.624	1189.837	1198.783	62345.29426
01/19/17	1206.835	1210.413	1191.626	1198.783	387748.0484
01/18/17	1188.943	1210.413	1181.786	1198.783	469313.9134
01/17/17	1179.996	1196.994	1179.996	1188.943	122611.4805
01/16/17	1180.891	1193.416	1178.207	1179.996	82974.29301
01/13/17	1176.418	1194.31	1174.629	1180.891	192876.3877
01/12/2017	1180.891	1193.416	1161.21	1162.999	153423.6372
01/11/2017	1166.577	1207.729	1161.21	1162.999	81297.59303
01/10/2017	1189.837	1189.837	1163.893	1180.891	201276.6546
01/09/2017	1207.729	1207.729	1189.837	1190.732	61216.31627
01/06/2017	1200.573	1229.2	1189.837	1196.099	104793.7488
01/05/2017	1189.837	1243.514	1186.259	1207.729	202802.4516
01/04/2017	1164.788	1190.732	1164.788	1186.259	108013.0127
01/03/2017	1145.106	1163.893	1132.582	1162.999	84259.763
12/29/16	1109.322	1148.685	1109.322	1136.16	157604.2091
12/28/16	1091.43	1100.376	1091.43	1100.376	130173.3975
12/27/16	1081.589	1089.64	1081.589	1084.273	60953.63327
12/23/16	1056.54	1081.589	1051.172	1081.589	79565.00305
12/22/16	1056.54	1091.43	1056.54	1086.062	64061.11724
12/21/16	1066.38	1089.64	1057.434	1070.853	63653.12024
12/20/16	1069.064	1069.064	1046.699	1066.38	192261.5977
12/19/16	1082.483	1090.535	1063.697	1069.064	119291.6146
12/16/16	1116.479	1116.479	1082.483	1082.483	152931.8052
12/15/16	1095.903	1117.373	1093.219	1100.376	60987.16727
12/14/16	1145.106	1145.106	1110.217	1126.32	139663.5193
12/13/16	1112.006	1145.106	1073.537	1145.106	183073.2818
12/12/2016	1139.739	1139.739	1111.111	1127.214	112076.2157
12/09/2016	1129.898	1143.317	1110.217	1139.739	154753.8192
12/08/2016	1118.268	1127.214	1106.638	1127.214	161857.4381
12/07/2016	1069.064	1115.584	1057.434	1115.584	171984.706
12/06/2016	1071.748	1071.748	1048.488	1071.748	84578.33599
12/05/2016	1060.118	1060.118	1046.699	1046.699	167915.914
12/02/2016	1048.488	1069.064	1048.488	1060.118	161656.2341
12/01/2016	1069.064	1080.694	1046.699	1046.699	436702.0988
11/29/16	1054.75	1054.75	1004.652	1036.858	257993.8259
11/28/16	1091.43	1099.481	1037.753	1037.753	211627.4825
11/25/16	1069.064	1091.43	1069.064	1088.746	140457.1573
11/24/16	1044.015	1071.748	1034.174	1071.748	109136.4017
11/23/16	1019.86	1044.015	1008.23	1042.226	318863.6242
11/22/16	1033.28	1033.28	969.762	1001.968	532011.3147
11/21/16	1073.537	1079.8	1028.807	1028.807	156888.8171
11/18/16	1079.8	1079.8	1062.802	1073.537	135762.3974
11/17/16	1107.533	1113.795	1078.01	1078.01	112450.6787
11/16/16	1089.64	1109.322	1081.589	1091.43	184666.1468
11/15/16	1082.483	1091.43	1055.645	1078.905	290806.8445
11/14/16	1118.268	1120.057	1073.537	1073.537	217646.8354
11/11/2016	1187.153	1187.153	1119.163	1129.898	446505.2047
11/10/2016	1180.891	1216.676	1180.891	1194.31	117715.5166
11/09/2016	1230.095	1230.095	1161.21	1180.891	164294.242
11/08/2016	1217.57	1232.779	1206.835	1221.149	87255.46696
11/07/2016	1207.729	1225.622	1191.626	1216.676	130877.6114
11/04/2016	1194.31	1239.936	1180.891	1237.252	156670.8461
11/03/2016	1167.472	1204.151	1167.472	1198.783	198135.6366
11/02/2016	1180.891	1185.364	1163.893	1174.629	170011.789
10/28/16	1171.945	1181.786	1161.21	1172.84	169536.724
10/27/16	1195.205	1195.205	1171.945	1171.945	265701.0568
10/26/16	1210.413	1210.413	1188.943	1196.099	205764.6216
10/25/16	1228.306	1232.779	1217.57	1226.516	123544.8435
10/24/16	1267.669	1270.352	1225.622	1228.306	185292.1148
10/21/16	1288.245	1288.245	1244.409	1270.352	39240.36853
10/20/16	1261.406	1281.982	1261.406	1274.826	92447.6479
10/19/16	1261.406	1281.088	1261.406	1277.509	154496.7252
10/18/16	1198.783	1269.458	1197.889	1261.406	170514.799
10/17/16	1212.203	1213.097	1195.205	1198.783	138791.6353
10/14/16	1180.891	1252.46	1180.891	1194.31	134655.7754
10/13/16	1223.833	1223.833	1189.837	1189.837	351587.2188
10/12/2016	1251.566	1251.566	1221.149	1225.622	268780.5958
10/11/2016	1240.83	1261.406	1239.936	1251.566	174835.0959
10/10/2016	1261.406	1261.406	1238.146	1239.041	368097.1246
10/07/2016	1249.776	1266.774	1247.987	1261.406	301766.8734
10/06/2016	1249.776	1270.352	1248.882	1249.776	218501.9524
10/05/2016	1274.826	1274.826	1249.776	1252.46	428944.5669
10/04/2016	1270.352	1274.826	1267.669	1268.563	158123.9861
10/03/2016	1288.245	1288.245	1268.563	1270.352	158202.2321
09/30/16	1310.61	1318.662	1283.772	1288.245	185403.8948
09/29/16	1320.451	1324.029	1315.083	1315.083	180479.9859
09/28/16	1319.556	1322.24	1298.086	1313.294	266483.5168
09/27/16	1323.135	1323.135	1297.191	1297.191	397920.0283
09/26/16	1324.029	1324.029	1310.61	1323.135	125484.2265
09/23/16	1307.032	1329.397	1307.032	1324.029	157514.7851
09/22/16	1298.086	1325.819	1298.086	1324.029	294780.6235
09/21/16	1308.821	1308.821	1288.245	1297.191	69107.98418
09/20/16	1243.514	1304.348	1243.514	1304.348	235671.3602
09/19/16	1253.355	1268.563	1253.355	1261.406	182218.1648
09/16/16	1301.664	1301.664	1253.355	1253.355	329667.1611
09/15/16	1279.299	1301.664	1279.299	1301.664	263308.9649
09/14/16	1297.191	1298.98	1279.299	1279.299	299771.6004
09/13/16	1322.24	1322.24	1298.086	1303.453	470599.3834
09/09/2016	1368.76	1368.76	1320.451	1324.029	299922.5034
09/08/2016	1323.135	1337.449	1307.032	1331.186	293763.4255
09/07/2016	1352.657	1352.657	1318.662	1324.029	484420.9802
09/06/2016	1342.816	1349.973	1342.816	1345.5	282892.8206
09/05/2016	1362.498	1374.128	1351.762	1359.814	63541.34024
09/02/2016	1350.868	1371.444	1350.868	1362.498	336709.301
09/01/2016	1364.287	1364.287	1334.765	1350.868	319176.6082
08/31/16	1374.128	1379.495	1341.922	1373.233	240751.7611
08/30/16	1366.076	1376.812	1366.076	1374.128	350324.1048
08/26/16	1380.39	1382.179	1377.706	1380.39	117944.6656
08/25/16	1378.601	1380.39	1368.76	1380.39	77798.87907
08/24/16	1375.917	1378.601	1368.76	1378.601	213796.0145
08/23/16	1376.812	1382.179	1375.917	1379.495	84226.229
08/22/16	1368.76	1382.179	1364.287	1376.812	97818.67684
08/19/16	1366.971	1383.969	1364.287	1368.76	176958.9159
08/18/16	1376.812	1380.39	1366.076	1368.76	239505.4141
08/17/16	1368.76	1376.812	1347.289	1376.812	449869.7826
08/16/16	1386.652	1386.652	1341.922	1341.922	263817.5639
08/15/16	1373.233	1391.125	1373.233	1377.706	157274.4581
08/12/2016	1390.231	1392.02	1373.233	1373.233	245977.4761
08/11/2016	1395.599	1396.493	1377.706	1390.231	736300.4402
08/10/2016	1452.854	1462.695	1443.013	1449.275	201651.1176
08/09/2016	1441.224	1452.854	1440.329	1447.486	386088.1154
08/08/2016	1431.383	1449.275	1406.334	1440.329	130134.2745
08/05/2016	1430.488	1431.383	1421.542	1431.383	107169.0737
08/04/2016	1392.02	1430.488	1368.76	1430.488	109555.5767
08/03/2016	1417.964	1417.964	1386.652	1392.915	142692.7573
08/02/2016	1423.332	1429.594	1395.599	1413.491	119252.4916
08/01/2016	1386.652	1428.699	1386.652	1422.437	155374.1982
07/29/16	1404.545	1404.545	1377.706	1377.706	64329.38923
07/28/16	1385.758	1400.072	1384.863	1400.072	169341.109
07/27/16	1386.652	1404.545	1386.652	1395.599	110891.3477
07/26/16	1410.807	1410.807	1386.652	1387.547	86445.06197
07/25/16	1400.072	1419.753	1400.072	1410.807	163433.5361
07/22/16	1400.072	1406.334	1392.915	1400.072	63574.87424
07/21/16	1407.229	1407.229	1395.599	1401.861	78352.19007
07/20/16	1395.599	1407.229	1385.758	1407.229	165087.88
07/19/16	1385.758	1403.65	1384.863	1395.599	139602.0403
07/18/16	1389.336	1392.915	1377.706	1385.758	102004.8378
07/15/16	1368.76	1391.125	1368.76	1389.336	206295.5765
07/14/16	1350.868	1377.706	1335.659	1368.76	207877.2635
07/13/16	1359.814	1368.76	1341.922	1350.868	105805.3577
07/12/2016	1332.976	1359.814	1332.976	1359.814	267808.1098
07/11/2016	1324.924	1337.449	1319.556	1328.502	112182.4067
07/08/2016	1298.086	1315.083	1298.086	1315.083	67788.98019
07/07/2016	1315.083	1319.556	1302.559	1306.137	266612.0638
07/05/2016	1325.819	1327.608	1301.664	1306.137	147929.6502
07/04/2016	1314.189	1328.502	1311.505	1317.767	122974.7655
07/01/2016	1297.191	1310.61	1297.191	1310.61	182223.7538
06/30/16	1315.083	1341.027	1274.826	1288.245	218876.4154
06/29/16	1318.662	1324.029	1310.61	1315.083	144185.0203
06/28/16	1315.083	1315.083	1286.456	1293.612	163288.2221
06/27/16	1297.191	1358.025	1273.931	1314.189	159034.9931
06/24/16	1359.814	1364.287	1288.245	1312.399	205172.1876
06/23/16	1359.814	1359.814	1331.186	1341.922	76401.62909
06/22/16	1341.922	1359.814	1341.922	1359.814	258787.4639
06/21/16	1297.191	1346.395	1294.507	1341.922	408662.0861
06/20/16	1288.245	1296.296	1266.774	1292.718	176528.5629
06/17/16	1287.35	1292.718	1270.352	1280.193	254763.384
06/16/16	1286.456	1291.823	1281.982	1287.35	108745.1717
06/15/16	1288.245	1288.245	1274.826	1286.456	115077.5086
06/14/16	1287.35	1288.245	1259.617	1288.245	118151.4586
06/13/16	1270.352	1294.507	1259.617	1294.507	42286.3735
06/10/2016	1256.933	1281.982	1256.933	1270.352	73098.53013
06/09/2016	1296.296	1296.296	1255.144	1256.933	114546.5536
06/08/2016	1314.189	1316.872	1270.352	1270.352	114395.6506
06/07/2016	1292.718	1316.872	1284.666	1307.926	321289.2502
06/06/2016	1287.35	1287.35	1263.196	1273.931	71516.84315
06/03/2016	1259.617	1278.404	1255.144	1262.301	70382.27616
06/02/2016	1256.933	1262.301	1252.46	1256.933	98427.87783
06/01/2016	1269.458	1285.561	1252.46	1265.879	135639.4394
05/31/16	1288.245	1288.245	1247.987	1247.987	412054.6091
05/30/16	1284.666	1300.769	1279.299	1297.191	76418.39609
05/27/16	1279.299	1297.191	1265.879	1288.245	297172.7155
05/26/16	1281.088	1281.982	1256.933	1274.826	56739.52732
05/25/16	1252.46	1276.615	1252.46	1276.615	122281.7295
05/24/16	1234.568	1252.46	1234.568	1247.987	56767.47232
05/23/16	1243.514	1245.303	1233.673	1236.357	83421.41301
05/20/16	1261.406	1271.247	1234.568	1234.568	102608.4498
05/19/16	1279.299	1280.193	1272.142	1279.299	166809.292
05/18/16	1292.718	1292.718	1265.879	1279.299	251069.055
05/17/16	1314.189	1314.189	1274.826	1292.718	126166.0845
05/16/16	1261.406	1306.137	1261.406	1301.664	217434.4534
05/13/16	1273.036	1317.767	1272.142	1298.086	376044.6825
05/12/2016	1265.879	1270.352	1239.936	1261.406	107074.0607
05/11/2016	1226.516	1284.666	1226.516	1265.879	230747.4513
05/10/2016	1218.465	1230.989	1194.31	1221.149	229188.1203
05/06/2016	1190.732	1250.671	1190.732	1219.359	116139.4186
05/05/2016	1189.837	1221.149	1189.837	1203.256	214293.4354
05/04/2016	1196.099	1203.256	1190.732	1203.256	205876.4015
05/03/2016	1197.889	1204.151	1196.099	1198.783	147952.0062
05/02/2016	1207.729	1207.729	1188.048	1198.783	84813.07399
04/29/16	1225.622	1230.989	1218.465	1222.938	105268.8137
04/28/16	1224.727	1241.725	1222.938	1222.938	156844.1051
04/27/16	1223.833	1230.095	1215.781	1223.833	63831.96824
04/26/16	1212.203	1232.779	1212.203	1225.622	75160.87111
04/25/16	1235.463	1237.252	1225.622	1230.989	51435.56639
04/22/16	1234.568	1252.46	1234.568	1235.463	71734.81415
04/21/16	1224.727	1245.303	1221.149	1234.568	123511.3095
04/20/16	1227.411	1243.514	1219.359	1224.727	100205.1798
04/19/16	1250.671	1263.196	1211.308	1219.359	142961.0293
04/18/16	1243.514	1263.196	1243.514	1250.671	55722.32934
04/15/16	1264.985	1264.985	1243.514	1252.46	42068.4025
04/14/16	1265.879	1273.036	1265.879	1268.563	126669.0945
04/13/16	1246.198	1280.193	1246.198	1264.985	237448.6622
04/12/2016	1228.306	1253.355	1225.622	1246.198	207860.4965
04/11/2016	1213.097	1236.357	1212.203	1228.306	188544.9128
04/08/2016	1216.676	1225.622	1209.519	1213.097	128055.1665
04/07/2016	1238.146	1238.146	1203.256	1213.992	90374.12892
04/06/2016	1249.776	1250.671	1174.629	1209.519	197498.4906
04/05/2016	1279.299	1279.299	1224.727	1224.727	57426.97432
04/04/2016	1242.619	1261.406	1241.725	1256.039	229992.9363
04/01/2016	1252.46	1252.46	1238.146	1241.725	78860.78906
03/31/16	1290.929	1290.929	1239.041	1243.514	309764.7323
03/30/16	1287.35	1287.35	1270.352	1273.931	144855.7003
03/29/16	1281.982	1293.612	1263.196	1267.669	232396.2062
03/28/16	1302.559	1322.24	1295.402	1302.559	92274.3889
03/23/16	1282.877	1309.716	1279.299	1297.191	410629.4141
03/22/16	1283.772	1292.718	1270.352	1282.877	152261.1252
03/21/16	1275.72	1292.718	1274.826	1283.772	233189.8442
03/18/16	1253.355	1265.879	1253.355	1256.933	292287.9295
03/17/16	1252.46	1261.406	1249.776	1252.46	258569.4929
03/16/16	1252.46	1256.933	1230.095	1230.095	149969.6352
03/15/16	1265.879	1279.299	1265.879	1265.879	138936.9493
03/14/16	1270.352	1294.507	1262.301	1265.879	328186.0761
03/11/2016	1236.357	1266.774	1236.357	1261.406	264745.3378
03/10/2016	1213.097	1254.249	1213.097	1235.463	284312.4266
03/09/2016	1207.729	1216.676	1207.729	1213.097	312514.5203
03/08/2016	1184.47	1210.413	1180.891	1207.729	605238.3918
03/07/2016	1216.676	1217.57	1180.891	1183.575	155413.3211
03/04/2016	1212.203	1213.097	1202.362	1206.835	149332.4892
03/03/2016	1207.729	1213.992	1192.521	1211.308	308881.6703
03/02/2016	1185.364	1198.783	1178.207	1198.783	342527.4499
03/01/2016	1172.84	1174.629	1140.633	1174.629	154049.6052
02/29/16	1152.263	1171.945	1151.369	1168.366	247877.736
02/26/16	1145.106	1153.158	1135.266	1152.263	203842.0056
02/24/16	1136.16	1156.736	1134.371	1145.106	118011.7336
02/23/16	1135.266	1138.844	1129.898	1138.844	48043.04343
02/22/16	1129.003	1129.898	1127.214	1128.109	40346.99052
02/19/16	1136.16	1136.16	1122.741	1127.214	150880.6422
02/18/16	1118.268	1131.687	1109.322	1131.687	119051.2876
02/17/16	1104.849	1105.743	1086.062	1086.957	605193.6798
02/16/16	1118.268	1136.16	1100.376	1100.376	103027.6248
02/15/16	1118.268	1127.214	1113.795	1113.795	35512.50558
02/12/2016	1104.849	1118.268	1103.954	1109.322	239538.9481
02/11/2016	1112.006	1112.9	1098.587	1103.954	77385.29308
02/10/2016	1118.268	1127.214	1100.376	1112.006	22797.53073
02/09/2016	1125.425	1125.425	1100.376	1118.268	69644.52817
02/05/2016	1112.006	1158.526	1112.006	1138.844	240494.6671
02/04/2016	1136.16	1137.055	1118.268	1118.268	32114.39362
02/03/2016	1118.268	1125.425	1111.111	1112.006	150880.6422
02/02/2016	1127.214	1144.212	1121.846	1127.214	360697.2887
02/01/2016	1155.842	1162.999	1146.001	1162.104	932753.7879
01/29/16	1118.268	1154.053	1118.268	1154.053	292505.9005
01/28/16	1118.268	1121.846	1113.795	1118.268	226751.3163
01/27/16	1109.322	1118.268	1105.743	1116.479	207150.6935
01/26/16	1097.692	1136.16	1082.483	1105.743	274173.9807
01/25/16	1108.427	1109.322	1086.062	1103.06	228098.2653
01/22/16	1104.849	1104.849	1086.957	1095.903	277946.5557
01/21/16	1131.687	1131.687	1100.376	1104.849	324994.7571
01/20/16	1136.16	1154.053	1127.214	1131.687	308043.3203
01/19/16	1150.474	1162.999	1150.474	1150.474	74702.57311
01/18/16	1140.633	1158.526	1139.739	1150.474	69728.36317
01/15/16	1176.418	1176.418	1159.42	1162.999	97287.72184
01/14/16	1148.685	1157.631	1145.106	1154.053	147448.9962
01/13/16	1155.842	1173.734	1155.842	1162.104	112193.5847
01/12/2016	1155.842	1185.364	1151.369	1151.369	65430.42222
01/11/2016	1176.418	1188.048	1154.053	1155.842	363173.2157
01/08/2016	1207.729	1207.729	1172.84	1198.783	161158.8131
01/07/2016	1199.678	1208.624	1195.205	1207.729	241020.0331
01/06/2016	1199.678	1210.413	1199.678	1207.729	197749.9956
01/05/2016	1177.313	1208.624	1175.523	1200.573	185532.4418
01/04/2016	1207.729	1216.676	1180.891	1180.891	87713.76496
12/29/15	1216.676	1216.676	1179.102	1180.891	81990.62902
12/28/15	1186.259	1215.781	1186.259	1215.781	64787.68723
12/23/15	1196.099	1208.624	1195.205	1203.256	98863.81982
12/22/15	1127.214	1194.31	1127.214	1189.837	163321.7561
12/21/15	1152.263	1165.683	1127.214	1149.58	146498.8663
12/18/15	1109.322	1129.003	1091.43	1129.003	174728.9049
12/17/15	1142.423	1158.526	1127.214	1128.109	77860.35807
12/16/15	1122.741	1144.212	1122.741	1125.425	225817.9533
12/15/15	1153.158	1153.158	1118.268	1119.163	106889.6237
12/14/15	1095.903	1162.104	1086.957	1162.104	81951.50602
12/11/2015	1095.903	1112.9	1091.43	1094.113	77793.29007
12/10/2015	1118.268	1118.268	1095.008	1095.008	63239.53425
12/09/2015	1111.111	1111.111	1090.535	1091.43	175254.2709
12/08/2015	1131.687	1131.687	1111.111	1114.69	103307.0748
12/07/2015	1145.106	1145.106	1133.476	1134.371	50854.31039
12/04/2015	1148.685	1148.685	1122.741	1131.687	206714.7515
12/03/2015	1154.053	1155.842	1142.423	1149.58	85902.92898
12/02/2015	1154.053	1158.526	1154.053	1154.053	58058.53131
12/01/2015	1154.053	1162.104	1142.423	1154.053	288705.3806
11/27/15	1154.947	1154.947	1131.687	1131.687	250940.508
11/26/15	1154.053	1161.21	1149.58	1154.053	137539.6994
11/25/15	1158.526	1159.42	1152.263	1158.526	119962.2946
11/24/15	1149.58	1154.053	1149.58	1152.263	163500.6041
11/23/15	1150.474	1158.526	1149.58	1154.947	123259.8045
11/20/15	1162.999	1162.999	1149.58	1150.474	257753.4989
11/17/15	1164.788	1165.683	1149.58	1149.58	118324.7176
11/16/15	1169.261	1169.261	1149.58	1161.21	140529.8143
11/13/15	1186.259	1186.259	1171.05	1186.259	96935.61485
11/12/2015	1216.676	1216.676	1183.575	1183.575	157498.0181
11/11/2015	1179.102	1190.732	1177.313	1183.575	167222.878
11/10/2015	1172.84	1191.626	1172.84	1189.837	72114.86614
11/09/2015	1198.783	1216.676	1173.734	1185.364	103206.4728
11/06/2015	1219.359	1221.149	1214.886	1216.676	150025.5252
11/05/2015	1216.676	1224.727	1211.308	1218.465	212594.3795
11/04/2015	1223.833	1223.833	1205.046	1215.781	205049.2296
11/03/2015	1198.783	1221.149	1198.783	1207.729	208201.4255
11/02/2015	1189.837	1207.729	1171.945	1198.783	55269.62034
10/30/15	1201.467	1201.467	1175.523	1175.523	160169.5601
10/29/15	1209.519	1213.097	1190.732	1202.362	111623.5067
10/28/15	1229.2	1229.2	1198.783	1213.097	76546.94309
10/27/15	1216.676	1230.095	1212.203	1230.095	42359.0305
10/26/15	1204.151	1224.727	1181.786	1216.676	210912.0905
10/23/15	1186.259	1204.151	1182.68	1182.68	131777.4404
10/22/15	1158.526	1187.153	1158.526	1181.786	144827.7553
10/21/15	1185.364	1204.151	1180.891	1185.364	145079.2603
10/20/15	1157.631	1185.364	1154.053	1185.364	84276.53
10/19/15	1159.42	1165.683	1154.053	1157.631	99450.66482
10/16/15	1180.891	1197.889	1145.106	1159.42	494615.3161
10/15/15	1194.31	1194.31	1179.102	1180.891	184056.9458
10/14/15	1221.149	1221.149	1190.732	1196.099	18801.39578
10/13/15	1207.729	1207.729	1187.153	1189.837	104234.8488
10/12/2015	1230.095	1230.989	1182.68	1207.729	193440.8767
10/09/2015	1219.359	1231.884	1208.624	1226.516	163338.5231
10/08/2015	1205.94	1225.622	1205.94	1215.781	337888.58
10/07/2015	1196.994	1207.729	1196.099	1200.573	236666.2022
10/06/2015	1198.783	1209.519	1198.783	1206.835	209062.1315
10/05/2015	1162.999	1204.151	1162.999	1189.837	468727.0684
10/02/2015	1162.999	1163.893	1158.526	1161.21	222660.1683
10/01/2015	1152.263	1163.893	1150.474	1162.999	250046.268
09/30/15	1118.268	1131.687	1117.373	1131.687	158068.0961
09/29/15	1127.214	1131.687	1097.692	1117.373	159146.7731
09/28/15	1126.32	1145.106	1119.163	1127.214	146504.4553
09/24/15	1103.954	1113.795	1091.43	1104.849	219480.0274
09/23/15	1120.057	1122.741	1095.903	1095.903	350072.5998
09/22/15	1149.58	1154.053	1122.741	1123.636	95169.49087
09/21/15	1162.999	1162.999	1124.53	1136.16	130346.6564
09/18/15	1152.263	1176.418	1146.001	1162.999	419812.141
09/17/15	1139.739	1162.104	1139.739	1152.263	239237.1422
09/16/15	1135.266	1145.106	1131.687	1138.844	208838.5715
09/15/15	1131.687	1136.16	1123.636	1134.371	214567.2964
09/14/15	1123.636	1129.003	1123.636	1124.53	161734.4801
09/11/2015	1111.111	1131.687	1111.111	1124.53	209442.1835
09/10/2015	1117.373	1131.687	1110.217	1122.741	435807.8588
09/09/2015	1118.268	1127.214	1107.533	1117.373	367907.0986
09/08/2015	1106.638	1118.268	1103.954	1107.533	84813.07399
09/07/2015	1111.111	1112.006	1095.903	1106.638	102183.6858
09/04/2015	1126.32	1127.214	1122.741	1125.425	170866.906
09/03/2015	1119.163	1131.687	1119.163	1127.214	535549.1516
09/02/2015	1109.322	1122.741	1100.376	1118.268	405800.5182
09/01/2015	1134.371	1141.528	1131.687	1136.16	720813.3214
08/28/15	1109.322	1136.16	1095.903	1136.16	466558.5364
08/27/15	1073.537	1112.006	1064.591	1100.376	628751.3145
08/26/15	1073.537	1082.483	1043.12	1064.591	921139.846
08/25/15	1010.914	1073.537	1001.968	1055.645	401977.6422
08/24/15	1078.01	1078.01	1001.968	1016.282	747433.7281
08/20/15	1153.158	1153.158	1122.741	1130.793	396103.6033
08/19/15	1152.263	1158.526	1147.79	1154.053	396712.8043
08/18/15	1166.577	1167.472	1153.158	1157.631	233765.5112
08/17/15	1175.523	1181.786	1167.472	1171.945	187639.4948
08/14/15	1179.102	1185.364	1173.734	1173.734	150064.6482
08/13/15	1201.467	1201.467	1163.893	1179.102	585514.811
08/12/2015	1216.676	1216.676	1204.151	1209.519	197917.6656
08/11/2015	1230.095	1233.673	1216.676	1225.622	437255.4098
08/10/2015	1241.725	1244.409	1230.095	1240.83	271955.1478
08/07/2015	1279.299	1279.299	1230.989	1241.725	187091.7728
08/06/2015	1288.245	1296.296	1276.615	1279.299	161935.6841
08/05/2015	1252.46	1287.35	1247.093	1278.404	221234.9734
08/04/2015	1230.989	1269.458	1230.989	1261.406	38575.27754
08/03/2015	1260.512	1260.512	1227.411	1256.039	391772.1283
07/31/15	1261.406	1261.406	1230.095	1252.46	284301.2486
07/30/15	1213.097	1241.725	1213.097	1239.041	174203.5389
07/29/15	1228.306	1250.671	1226.516	1243.514	131185.0064
07/28/15	1243.514	1243.514	1232.779	1235.463	349312.4958
07/27/15	1248.882	1254.249	1246.198	1252.46	89373.69794
07/24/15	1257.828	1270.352	1253.355	1261.406	192831.6757
07/23/15	1256.039	1260.512	1239.936	1257.828	124567.6305
07/22/15	1232.779	1264.985	1232.779	1264.985	311832.6623
07/21/15	1229.2	1239.936	1229.2	1234.568	75401.1981
07/20/15	1234.568	1245.303	1225.622	1230.095	197705.2836
07/16/15	1225.622	1238.146	1221.149	1234.568	150042.2922
07/15/15	1215.781	1225.622	1214.886	1225.622	95678.08986
07/14/15	1229.2	1229.2	1215.781	1221.149	164903.443
07/13/15	1176.418	1220.254	1176.418	1220.254	30756.26663
07/10/2015	1171.945	1179.996	1162.999	1176.418	136768.4174
07/09/2015	1184.47	1188.943	1174.629	1176.418	357366.2447
07/08/2015	1197.889	1197.889	1189.837	1193.416	256384.1939
07/07/2015	1201.467	1204.151	1196.099	1197.889	261129.2549
07/06/2015	1207.729	1211.308	1201.467	1201.467	212516.1335
07/03/2015	1214.886	1225.622	1203.256	1203.256	150897.4092
07/02/2015	1234.568	1238.146	1209.519	1215.781	244624.9381
07/01/2015	1222.043	1244.409	1204.151	1238.146	89323.39694
06/30/15	1205.94	1224.727	1205.94	1222.043	220201.0084
06/29/15	1207.729	1227.411	1207.729	1220.254	198510.0996
06/26/15	1238.146	1238.146	1213.992	1226.516	194061.2557
06/25/15	1244.409	1244.409	1224.727	1227.411	172856.5899
06/24/15	1238.146	1238.146	1221.149	1237.252	70650.54816
06/23/15	1243.514	1248.882	1234.568	1238.146	222693.7023
06/22/15	1243.514	1247.987	1171.945	1234.568	93095.97189
06/19/15	1234.568	1243.514	1223.833	1243.514	155418.9101
06/18/15	1221.149	1239.936	1221.149	1222.938	280757.8227
06/17/15	1234.568	1234.568	1214.886	1222.043	170984.275
06/16/15	1214.886	1239.936	1212.203	1228.306	376257.0645
06/15/15	1216.676	1228.306	1211.308	1212.203	240299.0521
06/11/2015	1180.891	1210.413	1180.891	1208.624	357455.6687
06/10/2015	1162.999	1183.575	1151.369	1163.893	301358.8764
06/09/2015	1208.624	1208.624	1154.053	1162.999	311106.0923
06/08/2015	1214.886	1214.886	1205.94	1210.413	141535.8343
06/05/2015	1192.521	1239.041	1192.521	1239.041	315996.4672
06/04/2015	1190.732	1217.57	1190.732	1209.519	119939.9386
06/03/2015	1230.989	1230.989	1189.837	1189.837	284804.2586
06/02/2015	1234.568	1234.568	1198.783	1216.676	423053.761
06/01/2015	1243.514	1243.514	1218.465	1234.568	566618.4023
05/29/15	1239.041	1248.882	1226.516	1248.882	7380917.147
05/28/15	1271.247	1271.247	1221.149	1239.041	675045.001
05/27/15	1286.456	1286.456	1225.622	1252.46	650403.1003
05/26/15	1275.72	1287.35	1275.72	1276.615	667186.8671
05/25/15	1277.509	1288.245	1270.352	1275.72	223727.6673
05/22/15	1296.296	1296.296	1266.774	1277.509	246759.9361
05/21/15	1296.296	1301.664	1287.35	1291.823	286212.6866
05/20/15	1292.718	1296.296	1279.299	1293.612	509666.4929
05/19/15	1280.193	1293.612	1264.09	1279.299	317566.9762
05/18/15	1263.196	1286.456	1263.196	1280.193	505966.575
05/15/15	1256.039	1267.669	1256.039	1261.406	494324.6881
05/14/15	1256.933	1261.406	1249.776	1255.144	671071.222
05/13/15	1230.095	1256.933	1230.095	1243.514	1213925.197
05/12/2015	1149.58	1171.945	1149.58	1165.683	360205.4567
05/11/2015	1156.736	1168.366	1156.736	1162.999	112305.3647
05/08/2015	1158.526	1167.472	1152.263	1156.736	221072.8924
05/07/2015	1180.891	1180.891	1149.58	1158.526	311776.7723
05/06/2015	1180.891	1189.837	1167.472	1180.891	238191.9992
05/05/2015	1149.58	1179.102	1149.58	1176.418	289515.7856
05/04/2015	1130.793	1144.212	1121.846	1138.844	257379.0359
04/30/15	1158.526	1160.315	1112.9	1123.636	519810.5278
04/29/15	1158.526	1175.523	1145.106	1149.58	360669.3437
04/28/15	1186.259	1187.153	1154.053	1159.42	287989.9886
04/27/15	1203.256	1217.57	1192.521	1198.783	140390.0893
04/24/15	1210.413	1217.57	1194.31	1196.994	107152.3067
04/23/15	1155.842	1207.729	1155.842	1207.729	310245.3863
04/22/15	1115.584	1145.106	1115.584	1145.106	170844.55
04/21/15	1122.741	1133.476	1089.64	1100.376	466195.2514
04/20/15	1158.526	1162.104	1104.849	1112.006	549102.4765
04/17/15	1189.837	1191.626	1159.42	1159.42	574504.4812
04/16/15	1204.151	1207.729	1171.945	1189.837	550181.1535
04/15/15	1225.622	1247.987	1173.734	1204.151	573213.4222
04/14/15	1194.31	1244.409	1194.31	1225.622	352224.3648
04/13/15	1196.099	1215.781	1187.153	1202.362	509001.4019
04/10/2015	1202.362	1216.676	1188.048	1195.205	367281.1306
04/08/2015	1209.519	1216.676	1194.31	1202.362	167837.668
04/07/2015	1234.568	1236.357	1194.31	1204.151	190903.4707
04/06/2015	1234.568	1243.514	1232.779	1234.568	111517.3157
04/01/2015	1196.994	1234.568	1188.943	1234.568	236682.9692
03/31/15	1185.364	1197.889	1179.102	1196.994	172487.7159
03/30/15	1207.729	1207.729	1184.47	1184.47	62607.97725
03/27/15	1190.732	1209.519	1181.786	1181.786	56141.50433
03/26/15	1180.891	1220.254	1171.945	1190.732	266796.5008
03/25/15	1166.577	1189.837	1162.999	1180.891	259324.0079
03/24/15	1161.21	1164.788	1154.053	1159.42	236375.5742
03/23/15	1170.156	1179.996	1160.315	1164.788	339313.775
03/20/15	1180.891	1180.891	1170.156	1170.156	257474.0489
03/19/15	1185.364	1196.099	1182.68	1185.364	312408.3293
03/18/15	1177.313	1207.729	1176.418	1180.891	280271.5797
03/17/15	1189.837	1193.416	1162.999	1177.313	173594.3379
03/16/15	1198.783	1198.783	1176.418	1190.732	189824.7937
03/13/15	1171.945	1198.783	1171.945	1189.837	164210.407
03/12/2015	1127.214	1171.05	1127.214	1167.472	278695.4817
03/11/2015	1129.898	1129.898	1116.479	1127.214	299536.8624
03/10/2015	1139.739	1149.58	1130.793	1137.055	88619.18294
03/09/2015	1154.053	1157.631	1132.582	1140.633	161689.7681
03/06/2015	1162.999	1170.156	1145.106	1155.842	169061.659
03/05/2015	1151.369	1158.526	1137.95	1137.95	104279.5608
03/04/2015	1127.214	1157.631	1109.322	1142.423	99344.47382
03/03/2015	1086.957	1140.633	1086.957	1126.32	357438.9017
03/02/2015	1055.645	1086.957	1055.645	1085.167	98394.34383
02/27/15	1073.537	1073.537	1055.645	1055.645	80721.92604
02/26/15	1071.748	1071.748	1061.907	1068.17	93783.41888
02/25/15	1081.589	1081.589	1064.591	1071.748	118028.5006
02/24/15	1073.537	1076.221	1070.853	1071.748	232183.8242
02/23/15	1078.01	1078.01	1072.643	1073.537	110064.1757
02/20/15	1072.643	1078.01	1063.697	1078.01	69510.39217
02/18/15	1073.537	1074.432	1065.486	1065.486	109695.3017
02/17/15	1073.537	1073.537	1064.591	1069.064	158934.3911
02/16/15	1088.746	1090.535	1067.275	1073.537	149159.2302
02/13/15	1073.537	1091.43	1071.748	1078.01	444811.7377
02/12/2015	1069.064	1082.483	1055.645	1071.748	185146.8008
02/11/2015	1073.537	1096.797	1073.537	1078.01	374088.5325
02/10/2015	1062.802	1073.537	1060.118	1073.537	311212.2833
02/09/2015	1055.645	1067.275	1044.015	1061.907	255232.86
02/06/2015	1064.591	1064.591	1042.226	1051.172	231909.9632
02/05/2015	1073.537	1073.537	1053.856	1055.645	144330.3343
02/04/2015	1073.537	1095.903	1071.748	1082.483	490077.0482
02/03/2015	1028.807	1095.903	1023.439	1073.537	669964.6
02/02/2015	1084.273	1084.273	1028.807	1055.645	256132.689
01/30/15	1084.273	1084.273	1054.75	1082.483	218569.0204
01/29/15	1067.275	1091.43	1067.275	1082.483	431325.4809
01/28/15	1051.172	1066.38	1050.277	1066.38	93218.92989
01/27/15	1051.172	1065.486	1050.277	1062.802	177920.2239
01/26/15	1052.067	1061.013	1043.12	1052.067	124293.7695
01/23/15	1046.699	1058.329	1044.015	1049.383	271228.5778
01/22/15	1025.228	1046.699	1019.86	1045.804	519089.5468
01/21/15	1053.856	1053.856	984.076	1043.12	124897.3815
01/20/15	1010.02	1049.383	993.022	1027.912	383824.5704
01/19/15	984.076	1017.177	984.076	1010.914	291952.5895
01/14/15	984.076	1001.968	983.181	987.654	98992.36682
01/13/15	984.076	984.076	979.603	981.392	32108.80462
01/12/2015	991.233	991.233	975.13	983.181	169777.051
01/09/2015	984.076	1011.809	979.603	993.022	291455.1685
01/08/2015	966.184	975.13	965.289	967.973	241741.0141
01/07/2015	970.657	970.657	965.289	967.078	301912.1874
01/06/2015	981.392	981.392	961.711	970.657	341951.7829
01/05/2015	930.399	984.076	930.399	984.076	118095.5686
