JFC 1216

12/27/19	216.2	217	214.6	216	302990
12/26/19	220	220	214	216.2	238960
12/23/19	213	220	213	220	394710
12/20/19	216.2	218	209	213	1402670
12/19/19	224.6	224.8	216	216	597720
12/18/19	225	225	223.2	225	935250
12/17/19	223.8	225	220	225	1157490
12/16/19	224	228	222.4	223.6	1003110
12/13/19	217	223.2	216.2	221.2	875710
12/12/2019	207	216	205.8	216	806660
12/11/2019	205.8	207.6	202.6	207.6	259440
12/10/2019	207	207.6	201	201	183340
12/09/2019	204	206.6	202.2	206.6	314690
12/06/2019	205	205.2	200.8	202	330360
12/05/2019	198	205	198	205	533030
12/04/2019	194.9	198	193.2	198	466630
12/03/2019	197.9	198	192	192	621320
12/02/2019	196	198.6	196	197.9	411200
11/29/19	195	196	192	192	779240
11/28/19	198	198.6	194.5	195	674160
11/27/19	187.8	198.6	187.8	197.9	1099600
11/26/19	186.6	190.5	184.1	184.1	2546200
11/25/19	195.7	197.5	186.2	186.2	1107270
11/22/19	200.4	200.4	194.2	195	843410
11/21/19	205	207.8	198.1	198.6	781770
11/20/19	205	209.4	204	204	405110
11/19/19	203	205	202.2	204.4	495140
11/18/19	202	206	202	202	796290
11/15/19	202.6	208.8	202	202	1104080
11/14/19	213.8	217.8	202.6	202.6	1497490
11/13/19	219.8	220.4	212.4	213.2	1331770
11/12/2019	224	224.8	220	220	734710
11/11/2019	227	227.6	224	224	808840
11/08/2019	226	228.4	226	228	394910
11/07/2019	228	229.4	224.8	226	279580
11/06/2019	233	234.2	226	227	672150
11/05/2019	233	235	232	233	669370
11/04/2019	232.8	233	231.8	233	248530
10/31/19	232	233	230.2	232	480610
10/30/19	231.8	232	227.8	232	329130
10/29/19	223	229.8	223	229.8	834110
10/28/19	227.2	229.8	223	223	501830
10/25/19	227.6	228	225.4	226.2	107870
10/24/19	226	230	226	227.6	710950
10/23/19	227	227	223.6	225.2	346370
10/22/19	226.4	229.2	226.2	227.2	404690
10/21/19	230	232.6	226.2	226.2	237180
10/18/19	235	235.2	227	230	398090
10/17/19	233.4	235	232.4	235	327640
10/16/19	233	233	232	233	203210
10/15/19	235.2	236.2	232	233.4	718800
10/14/19	232	235	232	234.6	366980
10/11/2019	229.2	232	229.2	231.2	216770
10/10/2019	228.2	229.8	228	229	906250
10/09/2019	226.6	231.4	225	229	555720
10/08/2019	223	229.4	223	226	904760
10/07/2019	220.8	223.2	219.8	220	1867940
10/04/2019	220	222	219	220.2	600610
10/03/2019	221	221	217.8	218.6	1103310
10/02/2019	220	221.8	218.4	220.8	594020
10/01/2019	222	222.8	219.6	220	453570
09/30/19	220	222.8	218.2	222	499940
09/27/19	221	221.4	219	220.2	1260580
09/26/19	219	220.8	217.4	219	355870
09/25/19	219.8	219.8	212	219	1038710
09/24/19	221	221.8	219.6	220	844440
09/23/19	220.4	221.6	220.2	220.2	1247580
09/20/19	224	225	220	220	1051740
09/19/19	226	226	222.8	223	424150
09/18/19	230	230.2	223.2	223.2	316300
09/17/19	223.8	230.6	223	230.6	563060
09/16/19	222.8	225	222.6	224	442140
09/13/19	222.6	225.4	222.2	222.2	420990
09/12/2019	226	226.2	222.4	222.4	3944530
09/11/2019	227	228	224	226.2	710030
09/10/2019	227	229	225.8	227	337930
09/09/2019	230	232	225.8	225.8	403590
09/06/2019	229	230	226.8	229	764640
09/05/2019	230	231	228	229	477980
09/04/2019	232	232.8	227	228	388340
09/03/2019	235	235.4	231	231	553680
09/02/2019	237.6	238	232	235.6	444890
08/30/19	235.8	239.4	235	237.8	1522100
08/29/19	228.2	233.6	226.6	233.6	532340
08/28/19	229.6	229.6	225.4	228.2	579100
08/27/19	229.8	230.2	224.4	230	1535510
08/23/19	225	230	222	230	603580
08/22/19	224.4	225	220.4	225	891050
08/20/19	233.6	233.6	224.6	225.2	1045490
08/19/19	238	238.4	231	234	859570
08/16/19	234.6	239.2	230.4	237	766170
08/15/19	229.6	235.2	224	235.2	1056160
08/14/19	220	234.8	219	234.2	1470580
08/13/19	225	226	217.2	217.4	1578160
08/09/2019	230	231.6	225	225	1669050
08/08/2019	231.2	235	230	230	1463450
08/07/2019	235	239	229	231	2161100
08/06/2019	244	244	234.8	235	2676260
08/05/2019	258	258	247	247	1793250
08/02/2019	259.8	259.8	255.4	258	791650
08/01/2019	259	260	255	260	707840
07/31/19	256.4	260	254.4	259	1761680
07/30/19	253	256.8	248	255	1597640
07/29/19	254.8	257	242	252.8	2056700
07/26/19	239	256.6	237.2	252	4396700
07/25/19	250.8	250.8	231	236	10785110
07/24/19	272.6	272.6	251	251	5746140
07/23/19	275.2	277	270.2	272.8	875030
07/22/19	275.8	277.6	274.4	275	1115340
07/19/19	279.4	282.4	278.2	279.8	622360
07/18/19	282	282	279.4	280	330400
07/17/19	284.6	285.6	281	282	503210
07/16/19	285.6	285.6	283.6	284.6	882710
07/15/19	281	285.6	281	285.6	1211860
07/12/2019	282	282.6	280.4	280.4	906650
07/11/2019	282	282	280.4	281	1022180
07/10/2019	284	284.2	281	282	745130
07/09/2019	282	284	281.2	284	244110
07/08/2019	285	285.2	280.2	282	317970
07/05/2019	285.8	286	284.6	285	335280
07/04/2019	285.4	286.8	285	285.8	228480
07/03/2019	285.8	286	284.8	285	311030
07/02/2019	284	285	283.8	285	191510
07/01/2019	282.4	284.6	282.2	284	258770
06/28/19	284.2	284.2	280.8	281.8	587180
06/27/19	285	286	283.4	284	358860
06/26/19	286.8	286.8	283.2	285	278760
06/25/19	287.2	288.8	284.2	286.8	800460
06/24/19	287.4	288.2	284	287	530980
06/21/19	284.8	288	282	288	1273820
06/20/19	281	284.8	279.4	284.8	455850
06/19/19	282	282.4	280	281	461510
06/18/19	282	282	277	282	683400
06/17/19	286	286	280.8	282	551770
06/14/19	288.8	288.8	280.2	286	578850
06/13/19	285	289	281.2	289	717140
06/11/2019	281	286.4	281	285	536820
06/10/2019	275.2	280	275	280	468090
06/07/2019	278	279	275.2	275.2	542820
06/06/2019	279	281	275	275	1161490
06/04/2019	287	287	277	277	685690
06/03/2019	288	290	284.4	287	910270
05/31/19	283	288	283	288	1111730
05/30/19	274.6	284.4	274.6	282	933720
05/29/19	270.8	274.8	270.6	273	699980
05/28/19	273.8	274	270	270	2630790
05/27/19	278.2	278.6	274	274	812360
05/24/19	284	284	277	278	1112480
05/23/19	287.2	287.2	281	284	1693510
05/22/19	284	288.8	283.8	287.4	533510
05/21/19	276	284.8	274	282.6	1088980
05/20/19	277	278	272	274.2	1336880
05/17/19	286.4	289.2	277	277	2318150
05/16/19	293	293	285	285	1852050
05/15/19	302.6	305.6	293	293	1913390
05/14/19	301	302.6	291.8	302.6	6205170
05/10/2019	302	305	302	302.8	431890
05/09/2019	300.4	303.4	300.4	302	745620
05/08/2019	303.8	305	302	303	947300
05/07/2019	302.2	305.4	302.2	304	726470
05/06/2019	301.8	306	301.8	302	628950
05/03/2019	301	303.6	300.8	301	1643160
05/02/2019	304.6	306.8	300	300.6	979350
04/30/19	305	306.8	302.8	304.6	677750
04/29/19	303.4	304.8	302.8	304	284530
04/26/19	303	305	301.2	303	494290
04/25/19	301	307.6	301	303	906290
04/24/19	301.8	302.8	300	300.4	1141800
04/23/19	303	304.4	301.4	302.2	963380
04/22/19	304	309.8	302.6	303	1300150
04/17/19	306	307.8	303	304	700640
04/16/19	310.2	310.4	305.8	306	781860
04/15/19	310	312	305.8	310	1037610
04/12/2019	318	319.8	310	310	1671610
04/11/2019	322	322.6	317.2	317.2	335080
04/10/2019	322	322.6	320.4	322	790720
04/08/2019	320.2	320.6	318.8	318.8	493570
04/05/2019	319	321	319	320	1390800
04/04/2019	318.8	319.6	317.8	318.8	526570
04/03/2019	317	319	316.4	318.8	389250
04/02/2019	315	318.6	315	317	689090
04/01/2019	317	317.4	311.8	315	436040
03/29/19	316.2	319	316	317	628390
03/28/19	317	317	313	316	272100
03/27/19	316.6	317	313	316	334490
03/26/19	315.8	319.2	314	316.6	730920
03/25/19	313	316	308	316	2737700
03/22/19	313.4	317.2	312.2	312.4	809450
03/21/19	313.6	315	312	312.4	472780
03/20/19	313	315	312.8	313.6	285920
03/19/19	315.2	316	312.2	313.6	365990
03/18/19	316.4	317.2	313	315.2	893290
03/15/19	313	316.2	310.6	316.2	740420
03/14/19	316	316	312	312	257020
03/13/19	315.6	318	315	316.4	364290
03/12/2019	312	317	311	317	139630
03/11/2019	317.6	317.6	308.8	311	453970
03/08/2019	319.8	319.8	316	317.6	566000
03/07/2019	316	320	316	320	678110
03/06/2019	309.8	316	308	316	621600
03/05/2019	309	311	309	309	682530
03/04/2019	309	312	308	309	357810
03/01/2019	309.4	315.8	305.8	309	1837490
02/28/19	309.8	311	307.8	307.8	653140
02/27/19	314	314	308	308	1303210
02/26/19	313.4	316.8	310	315	924040
02/22/19	307.4	313.2	307.4	313.2	454250
02/21/19	310	310.6	306.4	307.2	980260
02/20/19	311	313	309	310.4	972260
02/19/19	313	316	310	310	1073930
02/18/19	317	319.8	312	312	287990
02/15/19	321.2	323.8	316.6	316.6	615040
02/14/19	316	322	314.2	321.2	838930
02/13/19	314	317	311.2	316	820960
02/12/2019	318	318	312	312	475100
02/11/2019	317	320	314.8	314.8	434150
02/08/2019	324.8	324.8	314.6	316.2	397410
02/07/2019	322	323	319.2	323	538370
02/06/2019	317	323.8	317	322	1051450
02/04/2019	318	320	315	315	347870
02/01/2019	318	321.6	318	320	705360
01/31/19	317	320	315	316	1041850
01/30/19	322	322	307.6	314	991120
01/29/19	323	328.4	322	322	716830
01/28/19	323	324	317	317	596470
01/25/19	315.8	325	315.8	323.6	383120
01/24/19	319	322.2	315.8	315.8	304390
01/23/19	324.4	324.4	316.2	317	422300
01/22/19	325	325	322	325	566250
01/21/19	324.6	325.2	320	325.2	401380
01/18/19	315	324.8	314.2	324.8	944340
01/17/19	308	314.6	308	313	440750
01/16/19	315.2	317.8	307	307	593810
01/15/19	324	324	315	315	595560
01/14/19	316.6	324	312	324	940570
01/11/2019	314	318	312	316.6	428970
01/10/2019	318	319	312	314	1064200
01/09/2019	321	321	316	319	1659810
01/08/2019	323	323	316	321	623090
01/07/2019	309	324.2	309	323	1004160
01/04/2019	293.8	310.4	293.2	309	1622480
01/03/2019	292.8	294.2	290.8	292	1665440
01/02/2019	292	295.8	291.8	293	181410
12/28/18	295	299.8	291.8	291.8	425440
12/27/18	292	297.6	288	295	585760
12/26/18	298	300	285	292	1087620
12/21/18	303	303	298.6	302.4	715510
12/20/18	305.6	309.8	303	303	659480
12/19/18	300	305	298.2	305	1796000
12/18/18	301	303	298.6	301.2	1014270
12/17/18	298	305	297	300	1255210
12/14/18	295	298.6	295	298	1378350
12/13/18	294	295.2	293.4	294.6	484920
12/12/2018	296	296.6	292	294	1701840
12/11/2018	290	297	288.2	297	602960
12/10/2018	294	294	289	291	264940
12/07/2018	295.6	296	294	295	574500
12/06/2018	294.4	296.6	293	296	504510
12/05/2018	289	297	288.8	294	735640
12/04/2018	286.8	298.8	286	289.6	1533830
12/03/2018	278.6	286.8	278.6	286.8	1030870
11/29/18	280	284	278.4	278.4	2113500
11/28/18	282	283	279.8	280	654090
11/27/18	280.6	283	279.8	283	712330
11/26/18	282.8	284.2	280	280	316450
11/23/18	283.2	284.4	283	283	372480
11/22/18	279.8	285	278	285	585580
11/21/18	279	282	277.4	282	437010
11/20/18	282	282	278.4	279	388900
11/19/18	280	284	278.4	282	562330
11/16/18	284.8	284.8	280	282	514500
11/15/18	278.8	282	276.6	280	371040
11/14/18	274	279	268	279	677510
11/13/18	273.2	274.4	265.2	272.8	899670
11/12/2018	276	279.4	274	274	337800
11/09/2018	279	279	273	278	333550
11/08/2018	278.8	280	271.2	280	815650
11/07/2018	278.6	280	270.8	280	569150
11/06/2018	280	282	276.8	278.6	646700
11/05/2018	275	284.6	269.2	280	1688940
10/31/18	267.8	277	265.4	276	1466050
10/30/18	267	267	259.8	264	823140
10/29/18	268	271	263.8	270	366380
10/26/18	262	270	260	270	698210
10/25/18	261.6	262	255	262	469150
10/24/18	268	268	263	264.2	462050
10/23/18	271.8	271.8	265.4	268	688370
10/22/18	265	272	263.4	272	699990
10/19/18	261	265	258	265	328340
10/18/18	258.6	260	256	260	328170
10/17/18	254.2	262	254.2	258.6	379720
10/16/18	252	254.8	248	254.2	864680
10/15/18	262	264	250	250	480350
10/12/2018	253	263	249	262	440520
10/11/2018	246.2	254	246	254	490960
10/10/2018	253.8	254	245	254	1377630
10/09/2018	243.2	256	243.2	252.4	427280
10/08/2018	247	248	243	243	927610
10/05/2018	251	251.4	246.6	247	897790
10/04/2018	253	255.4	251	252	359360
10/03/2018	251	252.4	250.8	252	393580
10/02/2018	252.2	255	248.8	250	913210
10/01/2018	257.2	261	252	252	394210
09/28/18	262	265	257	257	605490
09/27/18	266	266.4	259	259	804170
09/26/18	268.8	268.8	265.4	266.2	132640
09/25/18	271.8	272	268	268.8	229530
09/24/18	272.4	273	270	271	207870
09/21/18	273.8	275.4	269.8	272	694330
09/20/18	271	273.2	264.2	271	361700
09/19/18	272	272	258	264	542930
09/18/18	274.8	274.8	265.2	272	692650
09/17/18	269	275	269	275	167450
09/14/18	273	274	267.4	269	560990
09/13/18	270	277	270	277	550430
09/12/2018	276	279.6	269	269	572730
09/11/2018	278.4	279	275.2	276	358670
09/10/2018	280.8	281	277.6	278.4	799990
09/07/2018	277	281	275.4	281	546950
09/06/2018	282.2	282.2	275.4	276	745500
09/05/2018	286.6	287	279	285	477030
09/04/2018	282	288	282	286.6	575500
09/03/2018	288	288	282	282	347880
08/31/18	287.8	288	279.4	288	1025030
08/30/18	285.8	286	278.6	286	545750
08/29/18	288.8	291	286	287.4	687570
08/28/18	287.2	294	287	290.2	836640
08/24/18	293	293	284.2	288	582540
08/23/18	287	293	286.8	293	2015570
08/22/18	275	286	273.6	286	1729220
08/20/18	271.6	274.8	271.2	273	403650
08/17/18	266.6	271.8	266.6	271.2	985800
08/16/18	270.4	270.8	266.8	266.8	635710
08/15/18	273.4	275	270	274	334270
08/14/18	270.2	273.4	265	273.4	394990
08/13/18	266	270	262.8	270	242500
08/10/2018	269	274	266	267	492160
08/09/2018	274	274.2	269	269	448860
08/08/2018	271	276.8	270.2	276.8	316510
08/07/2018	279.8	279.8	270	270	641970
08/06/2018	277	280	276.2	280	355370
08/03/2018	275	277.4	273.8	277	442350
08/02/2018	279	279	273.4	276	510190
08/01/2018	270	279.4	267.6	279.4	789140
07/31/18	265.8	270	261.8	270	997780
07/30/18	265	266	261.6	266	281580
07/27/18	257	266	256.2	266	646770
07/26/18	253	257.8	252	256.2	714360
07/25/18	251	254	251	251.2	207290
07/24/18	250.4	254	250	251	224900
07/23/18	250	251	250	250	257100
07/20/18	250.6	251.4	250	250	585790
07/19/18	254.2	254.4	251	253	164630
07/18/18	252.6	254.2	251	254.2	142770
07/17/18	249	252.6	248.4	252.6	240860
07/16/18	252	253.4	246.6	248.8	273670
07/13/18	252	253.6	249.8	251.8	611160
07/12/2018	249	251.4	247.6	249.8	1783980
07/11/2018	246	249	245.8	247.2	760520
07/10/2018	245.2	249	245	246	535530
07/09/2018	251.8	253	245	245	736500
07/06/2018	254	254.2	250.6	251	583500
07/05/2018	259.8	259.8	252.8	254	635340
07/04/2018	260	260	251	259.8	1220700
07/03/2018	260	262.4	259.6	260	925680
07/02/2018	263	263.2	259	260	965510
06/29/18	259.8	265	259.6	263	378480
06/28/18	270	270	259	259.6	1761980
06/27/18	270.8	273	269	271	529860
06/26/18	269	272.6	267.8	270.6	370900
06/25/18	275	277	267	268.4	757810
06/22/18	270	270	263	267	1495520
06/21/18	279	279	269	270	1867510
06/20/18	278.4	282	278.4	279	726920
06/19/18	276.2	284	276	284	757250
06/18/18	279.2	279.2	276.2	277.2	609580
06/14/18	278.4	280.2	276.6	279.2	1393440
06/13/18	281	282.6	278.8	279	1075600
06/11/2018	284	286	282.8	285	487600
06/08/2018	283	284	280.4	284	235220
06/07/2018	280.8	284.2	280.8	282.6	435860
06/06/2018	281	281.8	279.8	280.8	664040
06/05/2018	280.4	281.8	279.4	280.2	696340
06/04/2018	284	284.2	279.2	280.4	1839120
06/01/2018	280	284.2	276.8	283.8	750260
05/31/18	280	281.2	274	274	2835720
05/30/18	280	283.6	278.6	280	1104490
05/29/18	280.2	283.2	279	283	317450
05/28/18	281.2	281.2	280	280.4	338540
05/25/18	285	285	279.8	281.2	486670
05/24/18	287	287	281.4	285	376390
05/23/18	285	287.4	280	287	574100
05/22/18	285	286	283	284	570700
05/21/18	284	286.6	280	280	355840
05/18/18	285.2	285.2	281	285	236440
05/17/18	286	286	284	285	432100
05/16/18	283	286.6	280.2	286.6	495600
05/15/18	283	283.6	279.4	283	1041560
05/11/2018	280.8	286	280.6	285	366080
05/10/2018	285.8	286.2	278.4	279.8	949240
05/09/2018	279	285	279	283	646300
05/08/2018	279	280	276.4	278	1470730
05/07/2018	276	279	270.8	279	790120
05/04/2018	276	280	273	275.4	863750
05/03/2018	285	285	275	275	919090
05/02/2018	286	287.6	283	283	439510
04/30/18	283	287.6	283	285	720250
04/27/18	282.2	289	282	282	275720
04/26/18	280	282	279	280	1333040
04/25/18	285.4	290	280.2	281.6	1202880
04/24/18	292	293.6	285	285	891380
04/23/18	291	294	290	294	302310
04/20/18	288	293	288	291	662390
04/19/18	289	293.4	282	285	1653070
04/18/18	288.6	297	288	294.2	496950
04/17/18	291.6	291.6	287.4	288.6	1061840
04/16/18	295	295	287.8	291.6	478570
04/13/18	298	298	290	292.2	1000070
04/12/2018	289.8	300	289.4	300	268920
04/11/2018	284	289.6	284	289.6	1197810
04/10/2018	278	285	275.2	284	1189830
04/06/2018	281	285	276	278	1301960
04/05/2018	285	289	280	280	497530
04/04/2018	296	299.8	285	285	1021530
04/03/2018	295	298	294.8	296.4	1392970
04/02/2018	296	300	292	300	701450
03/28/18	295	299	292	299	759390
03/27/18	295	297	289.4	294.4	356420
03/26/18	286.6	295	282	295	404650
03/23/18	285	288	280	288	864870
03/22/18	285.4	288	282.4	286.8	573890
03/21/18	286.6	293	285	285	953100
03/20/18	296.8	296.8	285	286	1028940
03/19/18	299.6	299.6	295.2	298	531280
03/16/18	286.8	305.4	286.8	305.4	2052470
03/15/18	288.4	288.6	282.6	284	1140780
03/14/18	293	294.4	287.4	288.4	757340
03/13/18	296	297	292.4	293	557650
03/12/2018	296	299	292.2	295.4	303520
03/09/2018	297	297	292	292	352590
03/08/2018	303	304	295	295	367970
03/07/2018	300	304	299.8	304	853340
03/06/2018	300	304	297.8	298.6	833460
03/05/2018	299	300	296	299.6	388840
03/02/2018	297.6	298.4	295	298	735080
03/01/2018	297.6	300	295.8	297.6	663930
02/28/18	295	298.8	289	298.4	1052820
02/27/18	292	297.2	289.2	295	815230
02/26/18	282	292.8	281.6	292	839100
02/23/18	285	289.4	281.4	282	1269870
02/22/18	283.4	289.2	280	282	602290
02/21/18	285.6	286	282	282	442680
02/20/18	289.6	289.8	283.8	286	397190
02/19/18	283.8	291	283.8	285	492990
02/15/18	281.8	289.8	280	285	516060
02/14/18	281.6	283	275	278	1491080
02/13/18	283	284	275.6	277	763250
02/12/2018	289	291.8	282.2	283	741090
02/09/2018	289.8	292	284.2	292	413260
02/08/2018	294	294	288	292.8	871390
02/07/2018	290	294.6	288	293.2	582230
02/06/2018	274.4	289	267	289	1021600
02/05/2018	290	290	282	282	742600
02/02/2018	287.2	294	285	294	943050
02/01/2018	284.8	289	284.6	287.2	512760
01/31/18	284.2	285	282	284.8	910980
01/30/18	285.4	285.4	281	284.2	1125860
01/29/18	292	295	285.4	285.4	542160
01/26/18	290.4	293	290	292.2	375570
01/25/18	282	293	282	293	491640
01/24/18	282	288.8	281.4	282	714160
01/23/18	282.6	283	279.8	282.2	1179360
01/22/18	280	286.8	279.6	283	1001520
01/19/18	278	280	275.2	280	560060
01/18/18	277	279	271.4	279	1484360
01/17/18	277.4	279.4	276.6	277.6	1680700
01/16/18	263.8	278	263.8	277.6	1795160
01/15/18	257	264.2	255	263.8	1256670
01/12/2018	257.8	258	255	255	1311930
01/11/2018	255.4	256	253.8	255	681780
01/10/2018	256.2	256.6	255	255.4	447710
01/09/2018	256	258	255	255.8	978180
01/08/2018	257.4	259	253.4	256	840630
01/05/2018	255.6	257.4	255	255	946040
01/04/2018	255.4	255.4	253	255	617010
01/03/2018	253.4	256.8	253	255.4	745780
12/29/17	255	257.4	253	253	567530
12/28/17	248.8	257	248.8	254	871930
12/27/17	247	248.8	246	248.8	319450
12/22/17	247.8	248	244.8	247	512020
12/21/17	245	248.2	244.4	247.8	330590
12/20/17	246.4	248.8	243.8	243.8	736850
12/19/17	249.2	250	244.2	244.6	945440
12/18/17	246	250.2	246	249.4	292370
12/15/17	245.2	246.2	244.2	246	1612560
12/14/17	248	248	243.6	244	1358220
12/13/17	250	250	247	247	545820
12/12/2017	249.4	250	248.4	249.4	1774780
12/11/2017	247.2	249	246.8	249	642820
12/08/2017	247	249	245	248.8	336300
12/07/2017	243	248	243	246.8	319960
12/06/2017	243.2	247.6	242	243	433440
12/05/2017	241.4	244.6	241.4	243.8	447580
12/04/2017	245.4	245.4	240.2	241.4	583130
12/01/2017	244	246.6	243.6	245.4	1037900
11/29/17	252.4	252.6	243.6	243.6	4477880
11/28/17	254	254	250	252	713760
11/27/17	258.2	258.2	253.6	254	551030
11/24/17	253.2	258.4	252.8	258.4	568850
11/23/17	254.6	255	253	254	295570
11/22/17	254	259	253.4	255	680180
11/21/17	256.2	256.2	251	254	1040390
11/20/17	260	260	257	257	798610
11/17/17	260	260	257.4	259.8	733970
11/16/17	256	260	255.8	258.8	1604010
11/15/17	258.8	258.8	255.8	255.8	621060
11/14/17	257	259.6	255.8	259.6	655920
11/13/17	253	258.6	253	257	968510
11/10/2017	254	254	249.6	251.2	485010
11/09/2017	252	253	251.6	253	1231040
11/08/2017	253.2	253.2	251.4	252	1033750
11/07/2017	251.6	254	250.6	253.4	790140
11/06/2017	248.2	251	248.2	251	171700
11/03/2017	251.4	254.4	248.2	248.2	792110
11/02/2017	248.4	251.4	248.2	251.4	740850
10/30/17	250	251.2	248.4	249	301950
10/27/17	250	250	248.6	249.8	459090
10/26/17	250.2	252	248.6	250	736740
10/25/17	248.6	250.8	248.2	250	835040
10/24/17	249	252.4	246.6	248	824150
10/23/17	246	251	245.6	249	965550
10/20/17	247	248	245	246	273440
10/19/17	245.4	250	244.6	247	1090420
10/18/17	245.2	246	242	246	581580
10/17/17	246	249.2	244.6	245	1217940
10/13/17	244.8	248.2	244.8	247	859040
10/12/2017	244.6	247	243.6	244.6	565970
10/11/2017	245	246.6	243.2	244	313220
10/10/2017	244	245	242	245	123900
10/09/2017	242.2	245.8	242	245.8	206590
10/06/2017	241.8	243.6	241.8	242.2	751550
10/05/2017	242.8	242.8	241.6	241.8	968270
10/04/2017	242.6	242.8	241.6	242.4	532970
10/03/2017	242.6	243.6	241	242	777440
10/02/2017	244	244.8	241.6	242.6	830970
09/29/17	243	245	242	243.8	732140
09/28/17	248	248	242	242	911910
09/27/17	249	249	242.2	248.8	887090
09/26/17	245	249.8	240	249.8	423000
09/25/17	244.8	245	242	245	198410
09/22/17	246	246	243.2	244.8	335990
09/21/17	242.6	248	242	246	390120
09/20/17	244	244.8	241.4	242	1375890
09/19/17	246.4	251.4	240.8	244	1421290
09/18/17	243	245	242.4	245	554560
09/15/17	245	245	242.6	243	1245630
09/14/17	242	249.6	241.6	245	637260
09/13/17	240	244.2	240	242	770740
09/11/2017	244	244.4	242.2	244	615460
09/08/2017	245.8	251.4	244	244	522760
09/07/2017	243	245.6	240.8	245.6	721550
09/06/2017	243	243	240	241	601000
09/05/2017	238	244	238	244	1044220
09/04/2017	238.2	238.4	236	238	673130
08/31/17	238	238.8	236.2	238.2	502640
08/30/17	238.6	239.2	237.8	238.8	654510
08/29/17	240	240.4	237.8	238.8	1024340
08/25/17	239.8	241	238.4	239	644400
08/24/17	239.4	240.4	238	240	291780
08/23/17	240	242	238	239.2	717480
08/22/17	235.2	240	235	240	1397980
08/18/17	237.2	237.2	234	235.2	678970
08/17/17	238	239.8	236	238.2	1061280
08/16/17	225.4	245	225	239	2324150
08/15/17	222	226	221.8	225	679390
08/14/17	216	222.4	215	222	1729060
08/11/2017	217	217.2	213	216.4	1203420
08/10/2017	217	219.8	216.4	217	807360
08/09/2017	219	219	215.8	217	589350
08/08/2017	219.4	220	218.2	219	508310
08/07/2017	216	219.6	216	219	459170
08/04/2017	215.8	218	214.6	215.2	818050
08/03/2017	219	220	216	216	547200
08/02/2017	223	224.8	218	218	571170
08/01/2017	225	225	220	223	346240
07/31/17	221.8	227.6	217.6	225	829900
07/28/17	218	222	217	222	897920
07/27/17	216.8	221	216.6	219	429420
07/26/17	217.8	219	215	216.8	474360
07/25/17	219	219	216.2	217.8	266670
07/24/17	221.8	221.8	218	219.2	137570
07/21/17	220	221.8	215	221.8	349660
07/20/17	220.4	223.4	218	220	998670
07/19/17	217	221.4	216.4	220.4	1442350
07/18/17	215.4	217	215.4	217	516920
07/17/17	215.2	215.8	215	215.2	653330
07/14/17	214.6	215.6	213.4	215	455230
07/13/17	213	215.8	213	214.6	814280
07/12/2017	208	212.2	207.6	212	307130
07/11/2017	207.8	208.6	207	208	120620
07/10/2017	208	208.2	206	208	265520
07/07/2017	207.8	208.2	206.6	208	278640
07/06/2017	207.8	209.4	206.6	207.2	980840
07/05/2017	208	208.2	207	208	180240
07/04/2017	207	208.8	207	208	671650
07/03/2017	204	207	203	206.2	642580
06/30/17	205.4	205.4	202.4	204	764880
06/29/17	209	210	205.4	205.4	474770
06/28/17	210	211.2	208.6	208.6	528440
06/27/17	212	212	209	210	456100
06/23/17	212.8	212.8	211	211	564330
06/22/17	215.4	215.4	211	212.8	399000
06/21/17	215	215.8	214	215.4	677910
06/20/17	216	216	213.6	215	425560
06/19/17	217	217	214.8	216	486210
06/16/17	215.2	217	212.8	217	828030
06/15/17	215	216	215	215.2	238320
06/14/17	214.2	215.4	211.6	215.4	386160
06/13/17	215.8	215.8	212.6	214.2	452430
06/09/2017	217	218.8	214.8	215.8	783900
06/08/2017	216.8	219.6	215	215.8	698350
06/07/2017	214.8	218	214.8	216.6	578080
06/06/2017	216	216.6	214.4	214.8	369200
06/05/2017	214	216.8	214	216	879570
06/02/2017	215.6	216.8	214	214	748200
06/01/2017	204.6	219.6	204.6	216	1770280
05/31/17	203.8	205	202.4	204.6	1940890
05/30/17	203.6	205	201.4	203.8	292950
05/29/17	201.6	203	201.4	203	412080
05/26/17	207	207	201.4	201.4	702310
05/25/17	206.2	208	203	207	291010
05/24/17	201	206.8	201	206.2	290890
05/23/17	204	204.4	201	201	404540
05/22/17	203	206.8	201.4	202.2	387630
05/19/17	201	204.8	200.4	203	589050
05/18/17	200	203.8	198.1	200	1615170
05/17/17	205.4	209	205	205	1310850
05/16/17	205.6	208	203.2	205	980280
05/15/17	212	213	206	206	1527880
05/12/2017	213	213	210.2	212	497320
05/11/2017	212	214	211.4	213	709720
05/10/2017	219	220	211	211	1143700
05/09/2017	218.8	222.8	218.8	219	625190
05/08/2017	216	219.8	216	218.6	638980
05/05/2017	213.4	217.2	213.2	216	953300
05/04/2017	213.8	213.8	212.6	213.4	1062110
05/03/2017	215.8	216	213.2	213.2	1049720
05/02/2017	213.4	216	213	215.8	954730
04/27/17	214	214	210	210	478890
04/26/17	214	215	212	214	619240
04/25/17	210.6	215	210.6	214	764260
04/24/17	208	210.6	207	210.4	845290
04/21/17	205.4	209	205.4	208	823280
04/20/17	204	205	201.6	205	436010
04/19/17	205	206.2	203.2	203.4	480950
04/18/17	209	209.8	205	207	482940
04/17/17	209	212	207.8	209	762940
04/12/2017	207.6	209.8	207.4	208.8	576590
04/11/2017	208.6	209	206	207.6	601790
04/10/2017	210	210	207	208.6	615630
04/07/2017	200	210.4	200	210.4	1410280
04/06/2017	198.2	200	198.2	200	624550
04/05/2017	198.5	199.9	198.1	198.2	1150130
04/04/2017	197	199.9	197	198	976980
04/03/2017	197.5	197.8	196	197	820890
03/31/17	191.1	197.9	191.1	197.5	1272220
03/30/17	189	194.7	189	194.5	1043500
03/29/17	183.1	189	183.1	188	1231100
03/28/17	184	185.5	182.5	182.5	656230
03/27/17	189	190	182.1	182.1	1914760
03/24/17	191.9	191.9	187.4	188	711720
03/23/17	193.9	194	190.1	190.2	685300
03/22/17	193.9	193.9	191	191	472170
03/21/17	191.1	195	191.1	194	380830
03/20/17	193.2	195	192.8	192.8	346930
03/17/17	197	197	191.5	193.2	1253720
03/16/17	196.3	199	195	196	389080
03/15/17	197	197.4	195	196	141740
03/14/17	197.6	198	196.4	197	325820
03/13/17	195	198.1	195	196.8	400820
03/10/2017	197.1	199	194	194	597590
03/09/2017	194	198	194	197.1	836090
03/08/2017	195.2	195.2	193.7	193.8	1775410
03/07/2017	198	198.5	194.8	194.9	2031830
03/06/2017	201	201.6	197.2	198	716610
03/03/2017	203.4	203.4	200	201	471400
03/02/2017	203.2	204.2	203	203.4	550330
03/01/2017	202	204	201.6	202.8	296860
02/28/17	202.8	204	201.8	201.8	640150
02/27/17	202	204.2	202	203	512380
02/24/17	203	204.8	201.8	201.8	491280
02/23/17	202.2	204.4	202	203	550210
02/22/17	206	206	201.8	201.8	882270
02/21/17	205	207	204.2	206	498940
02/20/17	205	206	204	205	115630
02/17/17	206.2	207	203	205	198960
02/16/17	202.2	207	201.8	206	1627630
02/15/17	209	209.8	201.4	201.4	993700
02/14/17	206	207	205.8	206	680590
02/13/17	206	207.2	205.8	207	580600
02/10/2017	206	207	205	206	381160
02/09/2017	207.4	207.4	205.2	206	477160
02/08/2017	207.4	207.4	206	206	305110
02/07/2017	208	208	205.2	206.6	202830
02/06/2017	206.6	208.2	206.4	208	346070
02/03/2017	206.4	207.2	202.6	206	359090
02/02/2017	208	208	205.8	206.4	873790
02/01/2017	209	209	205.6	207	340350
01/31/17	209.4	209.8	205.6	205.6	488180
01/30/17	209	209	208	209	172300
01/27/17	207	208.8	207	208	698600
01/26/17	208	210	206.6	207	1844970
01/25/17	209.8	209.8	207	207.2	414310
01/24/17	208.4	208.6	205.8	206	415040
01/23/17	206	208	204	207	287470
01/20/17	206.2	208	203	203	542100
01/19/17	204.8	207	204	205	336040
01/18/17	206	208	202.2	203	435560
01/17/17	212	212.2	205.8	205.8	494420
01/16/17	212	215	209	209	413410
01/13/17	214	215.6	211	212	355890
01/12/2017	219.6	219.8	214	214	461460
01/11/2017	220	220	217.6	219.6	755150
01/10/2017	215	220	214.6	219	1109890
01/09/2017	214	215.4	213.4	215	803570
01/06/2017	214.2	215.2	210.2	213	632770
01/05/2017	206	219.4	206	214	1127830
01/04/2017	200	206	198	206	737800
01/03/2017	194.6	200	193.8	200	487890
12/29/16	199.3	200.4	194	194	615820
12/28/16	195	200	194	200	444860
12/27/16	191.5	196	191	193.7	176610
12/23/16	186	190.9	185	190.6	725220
12/22/16	190	192	184.6	185.5	1459780
12/21/16	194	198	190	190	960260
12/20/16	195.1	197.9	193	195	600480
12/19/16	205	205.8	193.2	195	1259390
12/16/16	207	209	205	205	634910
12/15/16	210	212.4	206	206	589500
12/14/16	212.4	214.8	210	210	590140
12/13/16	211.4	215.2	210.2	215	601050
12/12/2016	217	217	210.8	211.4	542630
12/09/2016	216	217.4	215.8	217	517220
12/08/2016	213.8	217	210	217	615570
12/07/2016	209.2	211	208	210	524850
12/06/2016	212.8	216.8	206.4	208	1553380
12/05/2016	218.6	218.6	212.8	212.8	159670
12/02/2016	215	219	212.2	219	465930
12/01/2016	217	219	212	212	838780
11/29/16	209.4	215.8	209	215.8	1394180
11/28/16	217	217	210	210	507180
11/25/16	214	217	212.4	217	310700
11/24/16	210	215	210	212.4	346590
11/23/16	216	216	208.6	210	620200
11/22/16	213.8	216	210.2	216	770270
11/21/16	210	215.4	210	212	466430
11/18/16	214	215	209	209	1738540
11/17/16	213	218	211	211.8	1191930
11/16/16	210.4	218	209.2	209.4	1568650
11/15/16	231	231	208	208	2605300
11/14/16	235	235.4	230.4	231	573040
11/11/2016	233	238	230.8	231	827730
11/10/2016	240	240	236.2	239.8	294990
11/09/2016	242	244	231	232	596440
11/08/2016	233	244.8	232.6	241	844580
11/07/2016	235	235.6	230	230.4	730090
11/04/2016	232.8	236	232.2	235	534770
11/03/2016	236	237	232.2	232.2	800550
11/02/2016	238.2	240	236	236	625330
10/28/16	243	245	236.8	238	773470
10/27/16	246	247	243	243	437520
10/26/16	246.2	247	244.2	247	479650
10/25/16	248	250	246	246	347960
10/24/16	248	252	247	250.8	488690
10/21/16	248.2	252	246	247	179150
10/20/16	250	250	241.8	248.2	360100
10/19/16	246	252	245.8	250.4	412440
10/18/16	244	247.2	242.2	246	517230
10/17/16	241	244.6	236.6	236.6	305360
10/14/16	241	244	241	241	478250
10/13/16	241	245	240.2	241	405070
10/12/2016	241.6	245	240	241	579600
10/11/2016	244	244.4	241.8	244	390070
10/10/2016	247.2	248	246	246.4	183590
10/07/2016	251	252	245	245.8	702830
10/06/2016	250	253	250	251	355830
10/05/2016	248	249.8	247	249.8	318640
10/04/2016	248.8	253	248.6	251.4	891270
10/03/2016	247.4	249.6	247	248.8	229490
09/30/16	248	249.8	246.6	247	627520
09/29/16	248.2	248.2	245	248.2	270410
09/28/16	247	247	243	245	336790
09/27/16	250	250	246	248.6	395880
09/26/16	247.8	249.8	247.4	249.8	525060
09/23/16	246.2	249.4	245.4	247.8	428320
09/22/16	248	250	247.8	249.4	262750
09/21/16	249	249.4	246	248	253460
09/20/16	248	249.8	245.2	248.6	342840
09/19/16	245.2	249	244.6	248.6	184010
09/16/16	249.6	249.8	241.2	245.2	498840
09/15/16	243	250	241.2	250	699170
09/14/16	246	246	241.2	243	313500
09/13/16	236.4	247.8	236.4	246	574110
09/09/2016	247	247	236	236	1180000
09/08/2016	247	249.2	243	247.2	610690
09/07/2016	246	248	240.6	247	493640
09/06/2016	244.8	248	244.8	246	744330
09/05/2016	250	250	244.6	244.6	171670
09/02/2016	252.4	252.4	249	250	644230
09/01/2016	245	253	240.6	253	342180
08/31/16	249.8	250.2	245	245	1080940
08/30/16	251.2	252.8	248	249.8	783930
08/26/16	251	253	251	253	306170
08/25/16	252	254	251	251	552790
08/24/16	253	253	249	250	504810
08/23/16	252.8	253	251.8	253	667190
08/22/16	253	253	250.6	253	309320
08/19/16	253	253	252	252.6	327810
08/18/16	251.2	252.8	250.4	252.8	277070
08/17/16	253	253	251.2	251.2	380300
08/16/16	253	253.2	252.2	253	516570
08/15/16	253	253	251.8	253	390410
08/12/2016	253	253.2	252.8	253	619340
08/11/2016	252.6	254.6	252.2	253	643940
08/10/2016	257	257.8	251.2	252.2	431770
08/09/2016	256	259	255	257	475420
08/08/2016	255	256.4	254.4	255	283210
08/05/2016	260	260	254.8	255	450160
08/04/2016	255	260	253	260	605700
08/03/2016	254.2	254.6	251.8	253.8	380770
08/02/2016	251	254.4	251	254	528030
08/01/2016	258	259.8	251	251	633860
07/29/16	258	258.6	255	255	420200
07/28/16	258	258	255.8	258	811570
07/27/16	250.2	259	250.2	258	1234530
07/26/16	253	257.8	250.2	250.2	765090
07/25/16	255	259.6	252.8	252.8	503040
07/22/16	252.8	257.8	252.8	255	747230
07/21/16	250.2	252.2	249.6	252.2	761690
07/20/16	249	250.6	249	250.4	729770
07/19/16	247	249.8	247	248	722680
07/18/16	250	250	245	246	775780
07/15/16	250	250	249.6	250	714340
07/14/16	249.8	250	249.4	250	580410
07/13/16	250.4	251	247	249.8	928800
07/12/2016	250	253	249.4	250	1169420
07/11/2016	247.8	252	245.8	250	963190
07/08/2016	244.4	245	244	244.8	462530
07/07/2016	244.8	247	244	244.8	896050
07/05/2016	244	245.8	243.8	244.8	629320
07/04/2016	245	245	243	244	843490
07/01/2016	243	245.4	243	245.2	993530
06/30/16	235.8	249.4	235.8	242	2444310
06/29/16	235	236.6	234.6	235.8	1153270
06/28/16	234	235.2	233.6	235	611860
06/27/16	231.2	235.2	231.2	233.2	578730
06/24/16	235.8	235.8	231.8	235	752550
06/23/16	231.6	234.6	231.6	232.2	439830
06/22/16	237	237	233.8	234.6	705190
06/21/16	239	239.4	230	230	802280
06/20/16	238.8	239	235	238	464400
06/17/16	235	239.4	235	239	646860
06/16/16	231.2	235	231.2	234	380010
06/15/16	231.2	233	230	230	285100
06/14/16	231	234	230	231	395630
06/13/16	231	232	229.2	231	437310
06/10/2016	235	238	230	230	415750
06/09/2016	237	237	233	233	460940
06/08/2016	239	239.8	237	237	505640
06/07/2016	235	239.6	233.2	239	781950
06/06/2016	231	233.4	231	233	667220
06/03/2016	234	235	229.8	230	917380
06/02/2016	235.6	236	230	230	760710
06/01/2016	235.2	236	234.4	235	514430
05/31/16	237.6	237.8	235.4	235.4	2820800
05/30/16	237	238.2	236.8	237.6	245260
05/27/16	235	237.8	234.6	236.6	362890
05/26/16	236	236	230	233.6	637360
05/25/16	237.2	237.2	235.4	236	679360
05/24/16	235.8	237.4	235.6	236.2	456240
05/23/16	236	238	235.8	236	426750
05/20/16	233.6	237	233	235	708500
05/19/16	235.8	235.8	231.2	233.6	802110
05/18/16	237	239	231	235	1829080
05/17/16	240	240	235.2	235.6	751020
05/16/16	233.2	242.6	230	240	1381190
05/13/16	230	237.8	229.6	234.6	1392040
05/12/2016	233	233	229.2	229.8	617660
05/11/2016	230	235	229	233.8	1903810
05/10/2016	225	230	223	230	1485060
05/06/2016	227	228	224.2	226.8	768720
05/05/2016	228	228	224.8	227	584430
05/04/2016	227.4	229.4	224.2	229.4	455940
05/03/2016	229	229	225.8	227	427460
05/02/2016	227.8	230	222	230	430230
04/29/16	229.6	229.6	222.8	229.6	379870
04/28/16	226	230	226	230	866840
04/27/16	221	226	221	226	2507200
04/26/16	226.6	227.8	225	226	2653520
04/25/16	224	226.8	223.6	226.8	363910
04/22/16	226	228	223.4	223.4	469390
04/21/16	226	227	223.4	226	596430
04/20/16	221.8	227.8	221.8	226	422350
04/19/16	224.4	225	221.4	221.8	845070
04/18/16	227.8	228	224	224.2	514420
04/15/16	229	229	227.8	228.2	510220
04/14/16	230	230	227.6	228.8	551560
04/13/16	232	233	229.8	230	600510
04/12/2016	230.8	231.2	230.4	230.8	480180
04/11/2016	230.6	232	230.2	230.8	465950
04/08/2016	231	231	228.4	230.6	392720
04/07/2016	228.4	233.4	228.4	231	830170
04/06/2016	230	230	227	228	487650
04/05/2016	227	230	226.6	230	1346350
04/04/2016	226	227.8	225.2	227	844050
04/01/2016	227	229	226.4	227.2	241180
03/31/16	230	230.6	223	227	1670900
03/30/16	228	233.4	228	230	1130610
03/29/16	234	234	228	228	288320
03/28/16	234.2	234.2	232.2	234	257120
03/23/16	230.2	234.4	229.8	234.4	479130
03/22/16	230.4	233.8	229.4	230	1007070
03/21/16	232	235	229.4	230	1304090
03/18/16	232	232	231.2	232	830420
03/17/16	230.8	232	230.4	232	1227470
03/16/16	233	234	226.8	230.2	347510
03/15/16	230	235	229.6	232.8	500780
03/14/16	231	235	229.4	229.6	633600
03/11/2016	227	232	227	230	1514170
03/10/2016	226.2	231	226	230	1424890
03/09/2016	223.8	228	223.4	226	1638640
03/08/2016	225	225	223	225	485070
03/07/2016	228	228.2	223.6	225	234970
03/04/2016	228	228.6	223.8	225	1100840
03/03/2016	229.8	229.8	224.2	228	645100
03/02/2016	222	230	222	230	2393330
03/01/2016	220	222.8	220	221.6	1721300
02/29/16	222	223.4	218	219	996720
02/26/16	220	223.8	219.6	222	2039580
02/24/16	220	220	218.8	220	803330
02/23/16	218.8	220	218.6	220	890820
02/22/16	217.4	220	217.4	218.8	1287070
02/19/16	220	220	217.6	217.8	1864110
02/18/16	214.8	220	214.8	220	2156810
02/17/16	210	214.6	210	214.2	1767410
02/16/16	210	210.8	209	209.8	705170
02/15/16	210.4	210.4	209	209.6	1022010
02/12/2016	210.6	211	208.6	210.4	2048130
02/11/2016	208.4	213	208	213	288390
02/10/2016	211.8	211.8	205	210	2380860
02/09/2016	214	214.2	211	212.2	404140
02/05/2016	208	217.4	207.2	214.6	1519180
02/04/2016	206.4	207.8	205	207	977580
02/03/2016	204	206.8	201	206.4	1085110
02/02/2016	207.8	208	206.8	207	795570
02/01/2016	207	209.8	205.6	207.8	1911460
01/29/16	204.8	205.8	204	205.2	1478920
01/28/16	203.4	206	202.8	204.8	1168710
01/27/16	201	207	201	206	1704750
01/26/16	199.2	201.8	197.8	200.4	620440
01/25/16	199.7	201.2	199.5	200.2	1271290
01/22/16	196.1	199.3	196.1	198	1366550
01/21/16	201	201	195	195	896940
01/20/16	204.8	205	199.6	201.4	525880
01/19/16	201	201.4	199.8	201.4	982090
01/18/16	199.6	202	198	201	594890
01/15/16	205	205.8	202.2	202.4	362190
01/14/16	203	203	199.6	201.8	709490
01/13/16	199	205.2	199	205	661400
01/12/2016	195	202.2	194.2	199	331720
01/11/2016	205	206	194	194	917740
01/08/2016	204	207	200.8	205	438520
01/07/2016	213.6	213.6	205	205	512490
01/06/2016	210	214	208	214	1128830
01/05/2016	212	213	209.4	210	1279680
01/04/2016	218.6	218.6	213.4	213.4	197040
12/29/15	222	222.4	218	219	817330
12/28/15	221.8	223	221.4	222	887410
12/23/15	220	222	216.8	220	861100
12/22/15	216.2	219	213.8	219	920960
12/21/15	210.6	220	210.6	220	946870
12/18/15	209	210.6	207	210.6	471200
12/17/15	209	211.8	209	211.2	742590
12/16/15	205	209	204.4	205	1102980
12/15/15	206.2	207	203.2	204	509950
12/14/15	209	209	204	206	783740
12/11/2015	209.6	210.6	208	209	832970
12/10/2015	210.6	210.6	208.8	209.6	4152990
12/09/2015	207.2	210.6	206.4	210.6	633650
12/08/2015	205	208	204.6	207.2	656800
12/07/2015	205.8	207	205.8	206	463680
12/04/2015	205.4	205.8	203	205	283020
12/03/2015	206.8	207	203.2	205.4	633640
12/02/2015	207	207.4	206	206.8	926400
12/01/2015	201.8	207.4	201.2	207	1505280
11/27/15	206.8	207	200.2	201	1110150
11/26/15	207	207.4	206	206	1833250
11/25/15	206	207	204.2	206	1439090
11/24/15	204	204.8	203	203	446650
11/23/15	200	203	199.4	202	243680
11/20/15	196	203.8	194.5	200	519020
11/17/15	195	199.8	194	195.5	455590
11/16/15	199.9	199.9	191	194	432370
11/13/15	203.8	203.8	199.9	200	250680
11/12/2015	204	204.6	203.2	204	529750
11/11/2015	204	204.4	200	204	1279020
11/10/2015	206	207.2	205	205.8	1190280
11/09/2015	207.4	207.4	205.2	206.8	630670
11/06/2015	205.6	208.6	205	207.4	567280
11/05/2015	206.4	206.8	205.4	205.8	152150
11/04/2015	207	208	206.6	207	604380
11/03/2015	207	209	206.6	207	1005220
11/02/2015	206	207.4	205.8	207	392670
10/30/15	207	207.4	206	206	999750
10/29/15	209	209	205.6	207	737730
10/28/15	207.8	208.2	205.6	208.2	217390
10/27/15	207	208	205.4	208	346330
10/26/15	207.8	208.2	207	207	510030
10/23/15	207.6	208.8	207.2	207.6	828810
10/22/15	207	207.6	206.4	207	443960
10/21/15	206	209	205.4	207	478970
10/20/15	206	208	205	206	1970270
10/19/15	205.4	206.4	204.6	205	900520
10/16/15	205.2	206.8	204.6	205.4	714340
10/15/15	202	205	202	204	861740
10/14/15	203	207.6	203	203	921880
10/13/15	200.4	206.2	200	202	1398150
10/12/2015	197.4	200	197.4	200	440370
10/09/2015	198	198	195.5	197.4	115500
10/08/2015	197.5	197.8	194.5	195	756580
10/07/2015	197.2	198	196	198	489810
10/06/2015	197.5	199.5	196.5	196.7	747830
10/05/2015	192.7	199.9	192.7	195.5	706890
10/02/2015	192	193.1	192	192.8	503080
10/01/2015	192.8	193.1	192	192	576740
09/30/15	192	192.8	191.7	192.8	897270
09/29/15	188	192	186.8	191.2	594870
09/28/15	187	188.3	186.1	188	323130
09/24/15	189	189.4	185.5	187	1039210
09/23/15	190	190	185.5	189	234880
09/22/15	190.5	191.2	189	190.9	245270
09/21/15	187	190.5	186	190.5	338400
09/18/15	190	191	184	184	629920
09/17/15	187.6	189.9	186.5	188	454200
09/16/15	188.5	190	187	187.7	153000
09/15/15	188	188.8	187	187.8	157830
09/14/15	184	189	184	188.2	105140
09/11/2015	189.9	189.9	183.1	183.1	158100
09/10/2015	188	188.4	186.5	187.1	229270
09/09/2015	186.2	191	184.8	191	316940
09/08/2015	185.2	188.1	184.1	185.9	483910
09/07/2015	189.5	189.5	185	185	259060
09/04/2015	192	192	188	191.3	343210
09/03/2015	191	191.8	189	191	357870
09/02/2015	186	192.3	182	192.3	861030
09/01/2015	191.5	194	187.8	188.1	588450
08/28/15	191.3	193.6	188	191.5	902320
08/27/15	182.3	191.4	182.3	191.3	1134580
08/26/15	181	182.9	180	182.2	565310
08/25/15	178	183	175.5	180	504730
08/24/15	183	183	176	180	1053550
08/20/15	189.7	189.8	182.1	185.9	493670
08/19/15	190	190	189	189.7	450050
08/18/15	190	190	188.7	190	452230
08/17/15	188.4	190	188	190	341930
08/14/15	188.3	190	188.3	188.4	177890
08/13/15	192	192	187	188.1	451950
08/12/2015	191.2	192.5	187.6	192.2	628160
08/11/2015	191.8	191.9	188.8	191.2	307640
08/10/2015	189	192.2	188.8	192	357360
08/07/2015	188.1	189	187.9	188.3	1090040
08/06/2015	191	191	188.1	188.1	656590
08/05/2015	194.1	195.9	190	192	843200
08/04/2015	194	194.1	191.5	194.1	446150
08/03/2015	190	195	190	195	649850
07/31/15	189	190	188.5	190	605850
07/30/15	189	189.9	188.5	188.7	759090
07/29/15	190	190	187.7	189	659430
07/28/15	190	190	187.8	189.5	885690
07/27/15	192	192.1	188.6	190	241410
07/24/15	192	192.8	191	192	856880
07/23/15	188.1	191.9	188	190.3	1170650
07/22/15	192	192	187.7	188.1	1008070
07/21/15	189.7	192	189.5	192	426080
07/20/15	192.4	192.4	189	189	1088350
07/16/15	192.8	193	191.9	192.6	670310
07/15/15	192	193.5	191.9	193	1176030
07/14/15	192	193	191.5	192	501490
07/13/15	189	191	188.1	190	532350
07/10/2015	187.2	193.1	187.1	189	688580
07/09/2015	188.6	188.6	186	187.2	674440
07/08/2015	192	193.9	188.4	188.6	701800
07/07/2015	192.9	194.9	191.4	192	434810
07/06/2015	195.6	199	192.2	192.5	801720
07/03/2015	196	197	195.4	195.7	1219540
07/02/2015	195.4	197.7	195.4	196	993340
07/01/2015	197.1	197.1	195	195.4	2936980
06/30/15	199.3	199.3	196	197.3	1345080
06/29/15	198.6	199.9	195	199.8	331510
06/26/15	199.8	200	199.1	200	842640
06/25/15	200	200	197	198	990090
06/24/15	195	200	195	200	415380
06/23/15	196	196	194.6	194.8	548290
06/22/15	197.5	197.5	195.9	196	975170
06/19/15	198.3	198.9	196.7	197.2	540360
06/18/15	199.2	199.5	197.7	198.3	701880
06/17/15	197.1	199.2	195.5	198.4	1068160
06/16/15	195.5	197.4	195	197	498280
06/15/15	196	196.9	194.9	195	1181690
06/11/2015	196	199	195	195.5	707480
06/10/2015	195.5	196.5	195.1	195.8	408300
06/09/2015	196	196	194	195.5	637100
06/08/2015	199	199	195.5	196	760110
06/05/2015	198.3	201	197.8	199	663250
06/04/2015	198	199.2	197.9	198	625640
06/03/2015	197	202	197	202	600240
06/02/2015	200.2	202	197.7	198.3	1005230
06/01/2015	201	201.2	197.5	200	615660
05/29/15	200.8	204.4	200	201	2073320
05/28/15	201.2	205	198.9	201	829030
05/27/15	208	208.4	200.2	201	1331280
05/26/15	211.2	211.6	208.6	209	1047990
05/25/15	211	213.8	210	211	1418920
05/22/15	212	212.2	210.4	211	448110
05/21/15	212.2	212.6	211	211	757720
05/20/15	212.6	212.8	212	212	269900
05/19/15	212	213	212	212.6	208020
05/18/15	212	214	211.4	213	570460
05/15/15	211	212	211	212	1521790
05/14/15	211.4	211.6	210.6	211.4	1994160
05/13/15	211.4	212	211	211.4	1082870
05/12/2015	210.8	212.8	210.2	212	600070
05/11/2015	210	211.8	210	211.6	419790
05/08/2015	210	210.8	209.2	210	952800
05/07/2015	207	210	205.4	209	1484140
05/06/2015	210.8	211	207	209	477890
05/05/2015	209	212	208.6	211	672480
05/04/2015	200.8	207	200.8	207	1255480
04/30/15	202	202.8	196.9	199	2631890
04/29/15	205	205.8	201	201	1462440
04/28/15	208	208	200.4	203	3822390
04/27/15	211	212.2	208	208	1700390
04/24/15	213	213	210.2	211	999240
04/23/15	213	215	211.2	211.2	747960
04/22/15	215	215.2	211.2	211.6	945790
04/21/15	214.2	216	211.8	216	718900
04/20/15	213.4	213.8	211	212	537120
04/17/15	214	214.8	212	213.4	283450
04/16/15	212	214.8	211	212.4	641080
04/15/15	215.6	215.6	210	211	964740
04/14/15	217	219.8	216.4	216.8	405210
04/13/15	216	219	214.4	219	548560
04/10/2015	217.2	217.4	215.6	217	1146790
04/08/2015	224	224	217	217.4	423090
04/07/2015	220	225	220	224	977670
04/06/2015	222.4	222.4	219.2	220	295020
04/01/2015	220	222.8	219	222.4	1744160
03/31/15	217	220.4	217	220	1214000
03/30/15	221	223.4	215	215	1015050
03/27/15	219	219.6	215.6	217.4	1001100
03/26/15	215	220.2	215	218.2	916910
03/25/15	217	217.2	215.4	217	518770
03/24/15	212.6	216	211.4	216	978700
03/23/15	212	213	211.2	211.6	505080
03/20/15	212	214.4	211.2	214.4	1550050
03/19/15	214	215	211.2	212	671500
03/18/15	212	214.8	212	213	783070
03/17/15	211	215	210.8	212	767910
03/16/15	210.8	212.4	210.6	211	385460
03/13/15	214	214.8	210.8	210.8	689650
03/12/2015	214.6	214.8	213.4	214.8	337710
03/11/2015	215	216.8	214	214	333100
03/10/2015	217	217.2	215	217	210290
03/09/2015	219	219	212.2	216.8	748260
03/06/2015	219.8	220.2	219.4	219.8	796140
03/05/2015	220	220	218.2	218.6	488950
03/04/2015	219.4	220	218.6	220	556310
03/03/2015	218.4	221	218.4	219	1041990
03/02/2015	219.8	220.6	215.8	217	763830
02/27/15	213	219.8	212.2	219.8	2299990
02/26/15	216	216	210.4	210.8	1599760
02/25/15	220.4	220.4	215.4	216.8	1489840
02/24/15	227	227	218.8	219.6	2433010
02/23/15	227.2	228	225.4	226	889710
02/20/15	228.6	229.8	226.8	226.8	437800
02/18/15	230	230	228.6	228.6	174910
02/17/15	228	229.6	227.8	229	528430
02/16/15	230	230	229.4	229.8	597720
02/13/15	230	230	229	230	848890
02/12/2015	236	236	228	230	826240
02/11/2015	233	236	233	235.2	646280
02/10/2015	237	237.4	232.4	233	494770
02/09/2015	233	237	231	235.8	315440
02/06/2015	225	232	225	232	660430
02/05/2015	229	229.4	223	224	1070990
02/04/2015	227	232	227	229.4	935740
02/03/2015	228	228.8	224.2	225	893670
02/02/2015	240	241	223.8	226	1101740
01/30/15	226	234	225	232	1693160
01/29/15	217	225	216.6	224	996390
01/28/15	212	218	212	218	1151840
01/27/15	215	215.6	211.8	212	1060670
01/26/15	214	216.8	213.4	216	577130
01/23/15	213.8	214.4	213	214	1579690
01/22/15	211	212	209	210	1317270
01/21/15	212	213.6	209	209.8	562310
01/20/15	213	214	211.2	212	670960
01/19/15	212	215.4	212	214	398890
01/14/15	210	212	210	211	1358360
01/13/15	211	214	209.6	210	635160
01/12/2015	209.8	211.8	209.6	210	810160
01/09/2015	215.8	216	209.6	209.6	1142530
01/08/2015	215	216.4	214	215.8	898180
01/07/2015	216.8	216.8	215	216	726590
01/06/2015	211	217	208	216	820750
01/05/2015	217	220.8	211	211	575280


