MPI 1216

2015-JAN-05  4.59  4.67  4.59  4.65  14923000.00
2015-JAN-06  5.00  5.24  5.00  5.15  63087000.00
2015-JAN-07  5.16  5.21  5.10  5.10  57653000.00
2015-JAN-08  5.13  5.14  5.05  5.06  35075699.00
2015-JAN-09  5.13  5.18  5.13  5.15  47471398.00
2015-JAN-12  5.16  5.16  5.10  5.13  21653199.00
2015-JAN-13  5.12  5.18  5.11  5.16  32211699.00
2015-JAN-14  5.14  5.20  5.10  5.15  37793898.00
2015-JAN-19  5.10  5.14  4.99  5.00  27695900.00
2015-JAN-20  5.02  5.23  5.02  5.18  34543699.00
2015-JAN-21  5.20  5.21  5.09  5.20  14878500.00
2015-JAN-22  5.20  5.34  5.10  5.14  28603301.00
2015-JAN-23  5.14  5.24  5.12  5.18  27473500.00
2015-JAN-26  5.18  5.23  5.15  5.19  13870200.00
2015-JAN-27  5.22  5.26  5.17  5.22  29285699.00
2015-JAN-28  5.22  5.35  5.22  5.26  44843500.00
2015-JAN-29  5.26  5.26  5.06  5.06  96845203.00
2015-JAN-30  5.10  5.22  5.09  5.17  36709102.00
2015-FEB-02  5.19  5.19  5.10  5.17  14338600.00
2015-FEB-03  5.12  5.20  5.12  5.12  14961300.00
2015-FEB-04  5.20  5.22  5.12  5.14  53602500.00
2015-FEB-05  5.14  5.20  5.13  5.20  22922000.00
2015-FEB-06  5.13  5.27  5.13  5.22  50104500.00
2015-FEB-09  5.23  5.28  5.17  5.24  49167398.00
2015-FEB-10  5.05  5.05  4.96  4.97  115034398.00
2015-FEB-11  5.00  5.09  4.99  5.05  46763000.00
2015-FEB-12  5.07  5.21  5.04  5.19  94923602.00
2015-FEB-13  5.22  5.30  5.12  5.17  54075102.00
2015-FEB-16  5.20  5.22  5.14  5.20  35256199.00
2015-FEB-17  5.19  5.19  5.00  5.05  43157699.00
2015-FEB-18  5.06  5.07  4.96  4.98  54298500.00
2015-FEB-20  5.00  5.08  5.00  5.04  31489000.00
2015-FEB-23  5.10  5.22  5.10  5.15  51116699.00
2015-FEB-24  5.11  5.15  5.11  5.14  16874100.00
2015-FEB-25  5.14  5.16  5.09  5.14  33548801.00
2015-FEB-26  5.10  5.26  5.10  5.20  54983602.00
2015-FEB-27  5.23  5.40  5.19  5.40  80617203.00
2015-MAR-02  5.33  5.53  5.33  5.41  63598602.00
2015-MAR-03  5.42  5.51  5.30  5.32  55800301.00
2015-MAR-04  5.34  5.38  5.19  5.30  21325699.00
2015-MAR-05  5.20  5.20  5.04  5.04  74970000.00
2015-MAR-06  5.08  5.12  4.79  4.81  183521109.00
2015-MAR-09  4.88  4.88  4.68  4.71  77368000.00
2015-MAR-10  4.75  4.95  4.75  4.93  67341000.00
2015-MAR-11  4.90  4.93  4.86  4.88  27865000.00
2015-MAR-12  4.88  4.89  4.81  4.84  26177000.00
2015-MAR-13  4.87  4.93  4.85  4.89  40960000.00
2015-MAR-16  4.92  4.92  4.72  4.74  23856000.00
2015-MAR-17  4.88  4.88  4.78  4.83  43145000.00
2015-MAR-18  4.80  4.85  4.73  4.78  22656000.00
2015-MAR-19  4.82  4.92  4.82  4.89  53601000.00
2015-MAR-20  4.90  4.90  4.84  4.86  28535000.00
2015-MAR-23  4.87  4.94  4.86  4.94  12248000.00
2015-MAR-24  4.90  4.96  4.89  4.96  40158000.00
2015-MAR-25  4.90  4.93  4.89  4.90  40825000.00
2015-MAR-26  4.94  4.96  4.90  4.95  47110000.00
2015-MAR-27  4.93  4.93  4.88  4.89  25329000.00
2015-MAR-30  4.92  4.95  4.87  4.87  25974000.00
2015-MAR-31  4.90  4.91  4.80  4.83  30901000.00
2015-APR-01  4.90  4.90  4.84  4.85  13208000.00
2015-APR-06  4.90  4.92  4.82  4.83  11146000.00
2015-APR-07  4.84  4.88  4.81  4.84  25774000.00
2015-APR-08  4.84  4.84  4.62  4.65  84354000.00
2015-APR-10  4.70  4.77  4.70  4.72  50412000.00
2015-APR-13  4.70  4.75  4.62  4.63  9809000.00
2015-APR-14  4.63  4.69  4.54  4.54  30904000.00
2015-APR-15  4.59  4.77  4.58  4.77  56666000.00
2015-APR-16  4.80  4.93  4.72  4.93  43240000.00
2015-APR-17  4.93  4.93  4.87  4.88  16547000.00
2015-APR-20  4.87  4.87  4.66  4.85  10178000.00
2015-APR-21  4.86  4.86  4.68  4.83  25064000.00
2015-APR-22  4.83  4.83  4.76  4.78  27903000.00
2015-APR-23  4.79  4.80  4.64  4.66  45883000.00
2015-APR-24  4.70  4.72  4.66  4.70  29714000.00
2015-APR-27  4.75  4.75  4.70  4.71  41598000.00
2015-APR-28  4.70  4.70  4.66  4.67  19466000.00
2015-APR-29  4.65  4.66  4.57  4.58  30378000.00
2015-APR-30  4.60  4.65  4.53  4.53  27453000.00
2015-MAY-04  4.53  4.60  4.53  4.53  18046000.00
2015-MAY-05  4.57  4.59  4.54  4.54  32298000.00
2015-MAY-06  4.54  4.59  4.53  4.56  32333000.00
2015-MAY-07  4.56  4.60  4.51  4.60  13555000.00
2015-MAY-08  4.57  4.63  4.57  4.61  29515000.00
2015-MAY-11  4.65  4.65  4.54  4.62  16524000.00
2015-MAY-12  4.70  4.70  4.60  4.67  18103000.00
2015-MAY-13  4.62  4.68  4.62  4.65  24810000.00
2015-MAY-14  4.65  4.78  4.65  4.75  16660000.00
2015-MAY-15  4.76  4.79  4.73  4.73  13193000.00
2015-MAY-18  4.66  4.76  4.66  4.74  32194000.00
2015-MAY-19  4.75  4.77  4.67  4.71  6240000.00
2015-MAY-20  4.71  4.82  4.70  4.75  16990000.00
2015-MAY-21  4.75  4.79  4.64  4.67  17527000.00
2015-MAY-22  4.66  4.79  4.66  4.77  12762000.00
2015-MAY-25  4.77  4.77  4.66  4.69  6459000.00
2015-MAY-26  4.69  4.79  4.60  4.60  33611000.00
2015-MAY-27  4.62  4.64  4.50  4.50  30998000.00
2015-MAY-28  4.50  4.62  4.45  4.60  14906000.00
2015-MAY-29  4.53  4.62  4.50  4.50  38194000.00
2015-JUN-01  4.55  4.55  4.39  4.43  18790000.00
2015-JUN-02  4.41  4.41  4.20  4.21  26658000.00
2015-JUN-03  4.21  4.40  4.21  4.37  29660000.00
2015-JUN-04  4.39  4.53  4.39  4.46  37900000.00
2015-JUN-05  4.46  4.47  4.40  4.45  17316000.00
2015-JUN-08  4.45  4.46  4.43  4.45  28434000.00
2015-JUN-09  4.45  4.45  4.29  4.32  19578000.00
2015-JUN-10  4.32  4.47  4.32  4.42  15689000.00
2015-JUN-11  4.46  4.55  4.45  4.55  13600000.00
2015-JUN-15  4.51  4.54  4.42  4.42  7147000.00
2015-JUN-16  4.41  4.46  4.40  4.43  6056000.00
2015-JUN-17  4.43  4.65  4.43  4.60  13962000.00
2015-JUN-18  4.51  4.60  4.51  4.58  12760000.00
2015-JUN-19  4.58  4.70  4.58  4.70  29468000.00
2015-JUN-22  4.70  4.76  4.60  4.71  19942000.00
2015-JUN-23  4.72  4.81  4.72  4.80  42173000.00
2015-JUN-24  4.80  4.91  4.70  4.91  39134000.00
2015-JUN-25  4.90  4.90  4.78  4.89  77616000.00
2015-JUN-26  4.80  4.87  4.65  4.82  30735000.00
2015-JUN-29  4.65  4.80  4.65  4.70  19675000.00
2015-JUN-30  4.68  4.73  4.64  4.73  46608000.00
2015-JUL-01  4.65  4.72  4.62  4.67  7782000.00
2015-JUL-02  4.73  4.86  4.67  4.67  44895000.00
2015-JUL-03  4.77  4.77  4.62  4.62  8532000.00
2015-JUL-06  4.62  4.62  4.51  4.53  7125000.00
2015-JUL-07  4.56  4.60  4.48  4.48  16945000.00
2015-JUL-08  4.48  4.58  4.40  4.43  19122000.00
2015-JUL-09  4.40  4.68  4.40  4.65  18576000.00
2015-JUL-10  4.58  4.78  4.57  4.69  18573000.00
2015-JUL-13  4.68  4.76  4.67  4.76  22329000.00
2015-JUL-14  4.72  4.82  4.72  4.82  25671000.00
2015-JUL-15  4.82  4.92  4.81  4.90  52309000.00
2015-JUL-16  4.86  4.90  4.77  4.78  7186000.00
2015-JUL-20  4.76  4.81  4.76  4.78  15834000.00
2015-JUL-21  4.76  4.83  4.75  4.83  7518000.00
2015-JUL-22  4.83  4.83  4.73  4.80  17987000.00
2015-JUL-23  4.80  4.87  4.78  4.87  19850000.00
2015-JUL-24  4.86  4.86  4.79  4.80  22412000.00
2015-JUL-27  4.81  4.81  4.66  4.66  8653000.00
2015-JUL-28  4.60  4.69  4.60  4.60  28773000.00
2015-JUL-29  4.61  4.74  4.60  4.60  17582000.00
2015-JUL-30  4.61  4.86  4.60  4.74  20340000.00
2015-JUL-31  4.75  4.87  4.71  4.85  29715000.00
2015-AUG-03  4.76  5.04  4.76  5.00  73685000.00
2015-AUG-04  5.00  5.11  5.00  5.04  62471199.00
2015-AUG-05  5.03  5.05  5.02  5.03  32608801.00
2015-AUG-06  5.03  5.07  4.90  4.98  28441600.00
2015-AUG-07  4.98  4.99  4.80  4.99  29835000.00
2015-AUG-10  4.99  5.03  4.97  5.03  40211000.00
2015-AUG-11  5.00  5.10  4.99  5.04  28524699.00
2015-AUG-12  5.03  5.03  4.98  5.00  27225801.00
2015-AUG-13  5.01  5.12  4.96  5.08  48792801.00
2015-AUG-14  5.05  5.05  5.00  5.01  13048000.00
2015-AUG-17  4.99  5.02  4.89  4.96  29300699.00
2015-AUG-18  4.86  4.94  4.82  4.92  29797000.00
2015-AUG-19  4.92  5.05  4.90  5.01  20994000.00
2015-AUG-20  5.00  5.03  5.00  5.03  26580100.00
2015-AUG-24  4.89  4.89  4.61  4.61  57485801.00
2015-AUG-25  4.50  5.00  4.50  4.70  34957000.00
2015-AUG-26  4.66  4.75  4.66  4.70  44430000.00
2015-AUG-27  4.73  5.00  4.73  4.98  64748000.00
2015-AUG-28  5.00  5.00  4.85  5.00  36507000.00
2015-SEP-01  5.04  5.15  5.01  5.05  65676602.00
2015-SEP-02  5.00  5.06  4.89  5.01  19098699.00
2015-SEP-03  5.01  5.10  4.99  5.02  20610100.00
2015-SEP-04  5.02  5.04  4.97  4.99  18385699.00
2015-SEP-07  4.84  4.95  4.84  4.90  13249000.00
2015-SEP-08  4.90  4.92  4.70  4.90  37750000.00
2015-SEP-09  4.91  5.00  4.91  5.00  47161000.00
2015-SEP-10  4.91  4.98  4.88  4.95  33952898.00
2015-SEP-11  5.00  5.04  4.93  5.04  22774000.00
2015-SEP-14  4.92  5.04  4.92  5.03  14310400.00
2015-SEP-15  4.97  5.15  4.97  5.08  36663102.00
2015-SEP-16  5.08  5.16  5.02  5.07  17437400.00
2015-SEP-17  5.05  5.14  5.00  5.04  12832500.00
2015-SEP-18  5.10  5.15  5.05  5.13  27015000.00
2015-SEP-21  5.12  5.12  5.00  5.10  8252100.00
2015-SEP-22  5.01  5.02  4.95  5.00  32499600.00
2015-SEP-23  4.99  5.01  4.93  5.00  33411500.00
2015-SEP-24  4.97  5.00  4.92  4.98  29389301.00
2015-SEP-28  4.89  4.98  4.89  4.90  33080000.00
2015-SEP-29  4.80  5.00  4.80  4.98  21485000.00
2015-SEP-30  4.98  5.01  4.96  4.98  41501000.00
2015-OCT-01  4.98  5.14  4.97  5.00  15514000.00
2015-OCT-02  5.00  5.06  4.93  5.00  14218300.00
2015-OCT-05  4.96  5.01  4.96  4.99  31933600.00
2015-OCT-06  5.03  5.15  4.98  5.07  48161000.00
2015-OCT-07  5.10  5.18  5.08  5.18  53719602.00
2015-OCT-08  5.18  5.19  5.12  5.16  21028100.00
2015-OCT-09  5.15  5.25  5.13  5.21  26961100.00
2015-OCT-12  5.21  5.29  5.08  5.15  20895600.00
2015-OCT-13  5.24  5.24  5.11  5.11  20180900.00
2015-OCT-14  5.11  5.16  5.06  5.06  7567000.00
2015-OCT-15  5.06  5.12  5.06  5.07  19925500.00
2015-OCT-16  5.08  5.18  5.06  5.06  24689199.00
2015-OCT-19  5.06  5.17  5.06  5.15  17623100.00
2015-OCT-20  5.15  5.20  5.14  5.19  23951801.00
2015-OCT-21  5.19  5.20  5.15  5.20  13587700.00
2015-OCT-22  5.20  5.21  5.15  5.18  27217100.00
2015-OCT-23  5.18  5.25  5.18  5.23  33083699.00
2015-OCT-26  5.23  5.39  5.23  5.28  40779000.00
2015-OCT-27  5.27  5.34  5.23  5.34  37272398.00
2015-OCT-28  5.30  5.42  5.30  5.34  34153199.00
2015-OCT-29  5.34  5.40  5.30  5.37  36755199.00
2015-OCT-30  5.37  5.40  5.20  5.22  30143199.00
2015-NOV-02  5.22  5.39  5.22  5.34  16589199.00
2015-NOV-03  5.34  5.58  5.34  5.44  67160203.00
2015-NOV-04  5.44  5.54  5.40  5.43  28366000.00
2015-NOV-05  5.40  5.43  5.30  5.35  11507100.00
2015-NOV-06  5.30  5.37  5.24  5.30  19836199.00
2015-NOV-09  5.26  5.30  5.21  5.25  7706800.00
2015-NOV-10  5.16  5.38  5.16  5.30  19063900.00
2015-NOV-11  5.29  5.29  5.23  5.25  24686301.00
2015-NOV-12  5.20  5.35  5.20  5.25  21940801.00
2015-NOV-13  5.20  5.31  5.16  5.31  17482600.00
2015-NOV-16  5.20  5.29  5.00  5.16  22554900.00
2015-NOV-17  5.16  5.32  5.16  5.26  22561100.00
2015-NOV-20  5.27  5.37  5.27  5.30  26381699.00
2015-NOV-23  5.27  5.34  5.20  5.34  23243000.00
2015-NOV-24  5.30  5.33  5.20  5.33  18292100.00
2015-NOV-25  5.35  5.37  5.27  5.33  25298100.00
2015-NOV-26  5.33  5.35  5.27  5.30  43195699.00
2015-NOV-27  5.30  5.30  5.20  5.24  55928199.00
2015-DEC-01  5.21  5.33  5.21  5.29  14324000.00
2015-DEC-02  5.30  5.32  5.26  5.30  18903301.00
2015-DEC-03  5.27  5.30  5.22  5.27  24821699.00
2015-DEC-04  5.27  5.28  5.20  5.26  14159400.00
2015-DEC-07  5.26  5.28  5.22  5.25  7807800.00
2015-DEC-08  5.21  5.30  5.21  5.26  17224600.00
2015-DEC-09  5.22  5.25  5.20  5.22  7681400.00
2015-DEC-10  5.21  5.23  5.17  5.20  17854699.00
2015-DEC-11  5.19  5.19  5.04  5.05  33977699.00
2015-DEC-14  5.06  5.12  5.04  5.08  18110199.00
2015-DEC-15  5.08  5.19  5.06  5.10  8870600.00
2015-DEC-16  5.10  5.22  5.10  5.20  21002900.00
2015-DEC-17  5.26  5.39  5.25  5.33  42043699.00
2015-DEC-18  5.33  5.40  5.28  5.33  36778000.00
2015-DEC-21  5.33  5.33  5.23  5.25  15904600.00
2015-DEC-22  5.25  5.25  5.20  5.24  11285400.00
2015-DEC-23  5.30  5.30  5.19  5.24  6727400.00
2015-DEC-28  5.21  5.24  5.20  5.22  11178500.00
2015-DEC-29  5.22  5.28  5.19  5.20  16407400.00
2016-JAN-04  5.23  5.29  5.21  5.24  11002500.00
2016-JAN-05  5.24  5.34  5.22  5.28  30518600.00
2016-JAN-06  5.27  5.37  5.26  5.26  18139100.00
2016-JAN-07  5.26  5.30  5.20  5.20  22464900.00
2016-JAN-08  5.19  5.30  5.13  5.19  28182900.00
2016-JAN-11  5.13  5.15  5.06  5.06  23933500.00
2016-JAN-12  5.06  5.19  5.06  5.14  14662200.00
2016-JAN-13  5.17  5.27  5.16  5.25  24600699.00
2016-JAN-14  5.15  5.19  5.09  5.11  24033199.00
2016-JAN-15  5.16  5.25  5.10  5.10  15058400.00
2016-JAN-18  5.06  5.18  5.06  5.14  34005398.00
2016-JAN-19  5.12  5.29  5.12  5.20  23770000.00
2016-JAN-20  5.25  5.27  5.15  5.20  26011199.00
2016-JAN-21  5.13  5.23  5.07  5.18  18349100.00
2016-JAN-22  5.18  5.25  5.18  5.24  17602900.00
2016-JAN-25  5.24  5.34  5.20  5.32  35692801.00
2016-JAN-26  5.30  5.34  5.25  5.34  33948602.00
2016-JAN-27  5.35  5.48  5.35  5.41  60748898.00
2016-JAN-28  5.41  5.53  5.37  5.45  47367801.00
2016-JAN-29  5.47  5.70  5.46  5.50  66068297.00
2016-FEB-01  5.52  5.70  5.38  5.42  38899102.00
2016-FEB-02  5.45  5.49  5.37  5.37  30834699.00
2016-FEB-03  5.35  5.41  5.30  5.33  26689400.00
2016-FEB-04  5.34  5.50  5.33  5.38  17178199.00
2016-FEB-05  5.41  5.70  5.41  5.70  83823398.00
2016-FEB-09  5.65  5.82  5.63  5.65  52230602.00
2016-FEB-10  5.65  5.67  5.60  5.62  28894900.00
2016-FEB-11  5.57  5.78  5.57  5.70  35790699.00
2016-FEB-12  5.60  5.70  5.56  5.62  24005301.00
2016-FEB-15  5.63  5.70  5.62  5.63  52703801.00
2016-FEB-16  5.64  5.70  5.63  5.66  18218900.00
2016-FEB-17  5.70  5.72  5.64  5.68  33463199.00
2016-FEB-18  5.69  5.87  5.63  5.85  64023000.00
2016-FEB-19  5.85  6.09  5.83  5.90  81999000.00
2016-FEB-22  5.90  5.93  5.78  5.79  36996398.00
2016-FEB-23  5.80  5.90  5.78  5.78  35435500.00
2016-FEB-24  5.85  5.85  5.70  5.74  26870699.00
2016-FEB-26  5.70  5.86  5.70  5.86  58640000.00
2016-FEB-29  5.84  5.92  5.70  5.80  46207602.00
2016-MAR-01  5.79  6.08  5.71  6.05  60438301.00
2016-MAR-02  6.05  6.15  6.05  6.09  79522398.00
2016-MAR-03  5.95  6.07  5.76  5.82  128550703.00
2016-MAR-04  5.80  5.88  5.70  5.70  54395898.00
2016-MAR-07  5.73  5.85  5.72  5.79  30551000.00
2016-MAR-08  5.80  5.85  5.70  5.76  22405699.00
2016-MAR-09  5.76  5.77  5.72  5.74  33778000.00
2016-MAR-10  5.75  5.90  5.75  5.89  30488400.00
2016-MAR-11  5.92  6.04  5.92  6.03  44444500.00
2016-MAR-14  6.02  6.03  5.94  5.97  33329898.00
2016-MAR-15  6.00  6.02  5.98  6.01  40537602.00
2016-MAR-16  6.01  6.02  5.95  5.99  12304000.00
2016-MAR-17  5.99  6.05  5.97  5.99  15531100.00
2016-MAR-18  6.00  6.03  5.99  6.00  54400398.00
2016-MAR-21  6.00  6.03  5.98  5.99  46961398.00
2016-MAR-22  5.99  6.00  5.92  5.95  22508100.00
2016-MAR-23  5.90  6.00  5.88  5.90  37774199.00
2016-MAR-28  5.78  5.90  5.75  5.85  20873301.00
2016-MAR-29  5.80  5.95  5.80  5.88  39956500.00
2016-MAR-30  5.82  5.92  5.80  5.90  61506699.00
2016-MAR-31  5.90  5.93  5.83  5.87  42720500.00
2016-APR-01  5.89  5.95  5.74  5.80  24197699.00
2016-APR-04  5.79  5.84  5.73  5.76  19178900.00
2016-APR-05  5.76  5.76  5.70  5.70  35837000.00
2016-APR-06  5.72  5.82  5.72  5.79  18333801.00
2016-APR-07  5.81  5.88  5.81  5.83  19313500.00
2016-APR-08  5.83  5.86  5.78  5.82  16447900.00
2016-APR-11  5.83  5.85  5.80  5.81  15678400.00
2016-APR-12  5.84  5.94  5.81  5.90  18375100.00
2016-APR-13  6.00  6.10  5.96  6.10  67041102.00
2016-APR-14  6.15  6.15  6.04  6.14  50038102.00
2016-APR-15  6.14  6.14  5.96  5.99  14804400.00
2016-APR-18  6.01  6.01  5.84  5.94  12986000.00
2016-APR-19  5.90  5.93  5.81  5.90  30250699.00
2016-APR-20  5.85  5.85  5.79  5.81  44178000.00
2016-APR-21  5.81  5.81  5.77  5.77  40190801.00
2016-APR-22  5.77  5.80  5.76  5.79  27213801.00
2016-APR-25  5.79  5.79  5.74  5.76  30369199.00
2016-APR-26  5.77  5.85  5.72  5.83  33476602.00
2016-APR-27  5.83  5.83  5.79  5.80  25362900.00
2016-APR-28  5.83  5.95  5.80  5.95  36442699.00
2016-APR-29  5.90  5.90  5.79  5.80  29242900.00
2016-MAY-02  5.80  5.80  5.63  5.67  30737100.00
2016-MAY-03  5.68  5.80  5.67  5.71  36326898.00
2016-MAY-04  5.70  5.75  5.61  5.70  27834000.00
2016-MAY-05  5.64  5.68  5.61  5.64  25039400.00
2016-MAY-06  5.64  5.68  5.60  5.65  14110600.00
2016-MAY-10  5.64  5.82  5.57  5.78  49654500.00
2016-MAY-11  5.84  6.00  5.84  5.95  49657898.00
2016-MAY-12  5.95  5.95  5.83  5.86  11505600.00
2016-MAY-13  5.86  6.13  5.85  6.02  61310199.00
2016-MAY-16  5.92  6.10  5.92  6.09  27557400.00
2016-MAY-17  6.12  6.35  6.12  6.28  73111906.00
2016-MAY-18  6.29  6.29  6.22  6.25  50517301.00
2016-MAY-19  6.25  6.25  6.07  6.12  19908600.00
2016-MAY-20  6.10  6.10  5.90  5.90  27504400.00
2016-MAY-23  5.90  6.00  5.90  5.91  24865600.00
2016-MAY-24  5.95  6.07  5.95  6.02  51462602.00
2016-MAY-25  6.05  6.18  6.05  6.18  47941301.00
2016-MAY-26  6.15  6.15  6.01  6.02  25079500.00
2016-MAY-27  6.09  6.12  5.93  5.99  68677203.00
2016-MAY-30  6.00  6.22  6.00  6.05  41942898.00
2016-MAY-31  6.16  6.16  6.01  6.03  101439906.00
2016-JUN-01  6.12  6.14  6.05  6.07  42346602.00
2016-JUN-02  6.15  6.19  6.07  6.09  31767900.00
2016-JUN-03  6.15  6.18  6.07  6.08  33282602.00
2016-JUN-06  6.09  6.15  6.06  6.13  34177398.00
2016-JUN-07  6.17  6.48  6.14  6.40  70581000.00
2016-JUN-08  6.45  6.67  6.45  6.59  67011297.00
2016-JUN-09  6.58  6.59  6.31  6.31  28111600.00
2016-JUN-10  6.31  6.39  6.28  6.30  30662500.00
2016-JUN-13  6.30  6.40  6.16  6.40  21661500.00
2016-JUN-14  6.25  6.32  6.13  6.20  30716199.00
2016-JUN-15  6.20  6.43  6.20  6.38  34280801.00
2016-JUN-16  6.42  6.55  6.41  6.50  37491102.00
2016-JUN-17  6.50  6.54  6.45  6.50  27997100.00
2016-JUN-20  6.50  6.69  6.50  6.67  60094898.00
2016-JUN-21  6.68  6.91  6.64  6.91  62963199.00
2016-JUN-22  6.80  6.80  6.56  6.60  50422301.00
2016-JUN-23  6.60  6.80  6.56  6.80  22317400.00
2016-JUN-24  6.85  6.90  6.40  6.60  49731000.00
2016-JUN-27  6.55  6.68  6.38  6.65  33414398.00
2016-JUN-28  6.65  6.74  6.60  6.68  23383500.00
2016-JUN-29  6.71  6.90  6.71  6.86  29068000.00
2016-JUN-30  6.91  7.05  6.90  6.97  83823906.00
2016-JUL-01  6.98  6.98  6.69  6.77  36647199.00
2016-JUL-04  6.77  6.95  6.77  6.88  25887900.00
2016-JUL-05  6.88  7.00  6.79  6.79  37771699.00
2016-JUL-07  6.84  6.91  6.75  6.78  36830000.00
2016-JUL-08  6.77  6.84  6.77  6.82  27643301.00
2016-JUL-11  6.86  7.15  6.86  7.02  58208500.00
2016-JUL-12  7.05  7.20  7.05  7.10  36549602.00
2016-JUL-13  7.10  7.20  7.00  7.00  92478305.00
2016-JUL-14  7.02  7.15  7.00  7.15  18151600.00
2016-JUL-15  7.16  7.24  7.14  7.19  33916301.00
2016-JUL-18  7.20  7.23  7.17  7.20  23678400.00
2016-JUL-19  7.21  7.30  7.20  7.25  36928500.00
2016-JUL-20  7.24  7.28  7.19  7.23  20495900.00
2016-JUL-21  7.25  7.51  7.24  7.50  42719602.00
2016-JUL-22  7.50  7.50  7.32  7.32  30904400.00
2016-JUL-25  7.32  7.48  7.32  7.40  24273500.00
2016-JUL-26  7.42  7.60  7.34  7.34  39399398.00
2016-JUL-27  7.49  7.54  7.40  7.47  109024094.00
2016-JUL-28  7.47  7.49  7.41  7.45  48376500.00
2016-JUL-29  7.45  7.50  7.43  7.50  74539906.00
2016-AUG-01  7.49  7.58  7.36  7.58  40685898.00
2016-AUG-02  7.58  7.58  7.41  7.50  27059600.00
2016-AUG-03  7.42  7.42  7.22  7.30  54922301.00
2016-AUG-04  7.30  7.50  7.30  7.45  23154500.00
2016-AUG-05  7.45  7.45  7.35  7.40  16292900.00
2016-AUG-08  7.39  7.44  7.30  7.44  22599100.00
2016-AUG-09  7.43  7.55  7.41  7.49  62035602.00
2016-AUG-10  7.48  7.55  7.46  7.48  48702102.00
2016-AUG-11  7.53  7.53  7.11  7.23  61226699.00
2016-AUG-12  7.15  7.18  7.09  7.10  62889000.00
2016-AUG-15  7.10  7.21  7.10  7.18  29500900.00
2016-AUG-16  7.21  7.28  7.17  7.25  16294800.00
2016-AUG-17  7.25  7.25  7.14  7.22  60970000.00
2016-AUG-18  7.23  7.33  7.23  7.30  23661100.00
2016-AUG-19  7.30  7.32  7.25  7.29  35599199.00
2016-AUG-22  7.29  7.43  7.23  7.35  16123600.00
2016-AUG-23  7.30  7.33  7.21  7.25  59799898.00
2016-AUG-24  7.25  7.35  7.25  7.33  25457801.00
2016-AUG-25  7.30  7.31  7.26  7.30  29110000.00
2016-AUG-26  7.22  7.27  7.15  7.24  33652500.00
2016-AUG-30  7.24  7.26  6.98  7.10  89025695.00
2016-AUG-31  7.05  7.06  6.82  6.92  104703297.00
2016-SEP-01  6.92  7.18  6.90  7.11  91942398.00
2016-SEP-02  7.14  7.25  7.01  7.14  29819000.00
2016-SEP-05  7.14  7.16  7.06  7.10  16694199.00
2016-SEP-06  7.10  7.14  7.03  7.10  27113100.00
2016-SEP-07  7.02  7.03  6.85  6.90  95004094.00
2016-SEP-08  6.85  6.97  6.68  6.94  55287000.00
2016-SEP-09  6.94  7.00  6.81  7.00  41973199.00
2016-SEP-13  6.82  6.82  6.65  6.75  54249602.00
2016-SEP-14  6.70  6.71  6.63  6.66  52854801.00
2016-SEP-15  6.66  6.83  6.66  6.83  27692600.00
2016-SEP-16  6.78  6.80  6.51  6.51  78468000.00
2016-SEP-19  6.57  6.69  6.48  6.63  31843600.00
2016-SEP-20  6.70  6.91  6.70  6.90  39829301.00
2016-SEP-21  6.91  7.00  6.86  6.86  40701000.00
2016-SEP-22  6.97  7.10  6.95  7.10  47125602.00
2016-SEP-23  7.10  7.19  7.00  7.19  42103699.00
2016-SEP-26  7.18  7.18  7.01  7.10  32429000.00
2016-SEP-27  7.10  7.11  6.97  7.02  47527699.00
2016-SEP-28  7.00  7.07  6.99  7.00  35966898.00
2016-SEP-29  7.06  7.28  7.06  7.26  36902102.00
2016-SEP-30  7.21  7.23  7.10  7.10  21202400.00
2016-OCT-03  7.20  7.20  7.07  7.10  12745100.00
2016-OCT-04  7.08  7.19  7.01  7.14  35105398.00
2016-OCT-05  7.06  7.20  7.04  7.20  29130801.00
2016-OCT-06  7.15  7.32  7.15  7.32  40405699.00
2016-OCT-07  7.32  7.46  7.32  7.40  68014703.00
2016-OCT-10  7.38  7.39  7.16  7.19  11467300.00
2016-OCT-11  7.18  7.25  7.05  7.07  32322301.00
2016-OCT-12  7.06  7.07  6.82  7.03  37211898.00
2016-OCT-13  6.98  7.20  6.91  7.20  39014102.00
2016-OCT-14  7.17  7.17  7.02  7.11  38104699.00
2016-OCT-17  7.11  7.24  7.08  7.13  16974000.00
2016-OCT-18  7.13  7.16  7.08  7.10  43848898.00
2016-OCT-19  7.12  7.30  7.12  7.25  56500898.00
2016-OCT-20  7.24  7.30  7.16  7.22  20384699.00
2016-OCT-21  7.21  7.25  7.15  7.18  10995600.00
2016-OCT-24  7.18  7.28  7.17  7.25  29084400.00
2016-OCT-25  7.18  7.29  7.17  7.29  35915699.00
2016-OCT-26  7.20  7.23  7.13  7.20  21584301.00
2016-OCT-27  7.19  7.21  7.11  7.15  26861500.00
2016-OCT-28  7.15  7.20  6.98  7.20  21113801.00
2016-NOV-02  7.19  7.19  6.88  6.94  41023500.00
2016-NOV-03  6.94  6.94  6.74  6.84  54814898.00
2016-NOV-04  6.84  7.02  6.80  6.96  25575400.00
2016-NOV-07  6.96  7.06  6.95  6.95  35484602.00
2016-NOV-08  7.00  7.25  7.00  7.16  25583699.00
2016-NOV-09  7.20  7.23  6.89  6.98  27299301.00
2016-NOV-10  7.11  7.20  6.99  7.04  27628000.00
2016-NOV-11  7.04  7.04  6.83  6.83  38235199.00
2016-NOV-14  6.80  6.82  6.65  6.78  25044000.00
2016-NOV-15  6.81  6.95  6.60  6.61  24342000.00
2016-NOV-16  6.68  6.84  6.68  6.77  17007400.00
2016-NOV-17  6.77  6.96  6.77  6.84  20828400.00
2016-NOV-18  6.85  6.94  6.74  6.81  16016700.00
2016-NOV-21  6.81  6.90  6.60  6.61  17892801.00
2016-NOV-22  6.63  6.74  6.55  6.55  14630600.00
2016-NOV-23  6.56  6.70  6.38  6.44  25432400.00
2016-NOV-24  6.43  6.59  6.40  6.59  22479100.00
2016-NOV-25  6.60  6.62  6.45  6.60  11260300.00
2016-NOV-28  6.65  6.65  6.36  6.44  18055500.00
2016-NOV-29  6.41  6.46  6.20  6.20  45907602.00
2016-DEC-01  6.39  6.47  6.24  6.42  52732199.00
2016-DEC-02  6.50  6.53  6.42  6.50  19534500.00
2016-DEC-05  6.52  6.67  6.40  6.48  24401600.00
2016-DEC-06  6.49  6.60  6.30  6.45  21409199.00
2016-DEC-07  6.45  6.45  6.27  6.34  17501900.00
2016-DEC-08  6.40  6.50  6.26  6.40  26019000.00
2016-DEC-09  6.40  6.51  6.40  6.48  25389801.00
2016-DEC-12  6.50  6.56  6.25  6.25  21191900.00
2016-DEC-13  6.30  6.48  6.27  6.48  14501700.00
2016-DEC-14  6.40  6.50  6.40  6.48  21415000.00
2016-DEC-15  6.42  6.60  6.30  6.60  10483100.00
2016-DEC-16  6.58  6.58  6.30  6.30  39924500.00
2016-DEC-19  6.32  6.40  6.10  6.13  24198900.00
2016-DEC-20  6.13  6.13  5.76  6.06  53214898.00
2016-DEC-21  6.07  6.51  6.06  6.31  59853898.00
2016-DEC-22  6.32  6.39  6.18  6.18  72868094.00
2016-DEC-23  6.16  6.20  5.90  5.99  49988199.00
2016-DEC-27  6.07  6.38  6.00  6.38  22112600.00
2016-DEC-28  6.40  6.50  6.30  6.50  31173100.00
2016-DEC-29  6.50  6.68  6.30  6.66  51067500.00
2017-JAN-03  6.60  6.60  6.34  6.50  15608500.00
2017-JAN-04  6.51  6.87  6.50  6.87  22256100.00
2017-JAN-05  6.70  6.95  6.70  6.93  38492398.00
2017-JAN-06  6.85  6.93  6.82  6.91  30149000.00
2017-JAN-09  6.91  7.06  6.87  6.90  22421600.00
2017-JAN-10  6.94  7.10  6.91  7.10  59862602.00
2017-JAN-11  6.98  7.01  6.92  6.99  16441100.00
2017-JAN-12  6.97  7.12  6.94  6.95  18825699.00
2017-JAN-13  6.95  6.96  6.85  6.89  9002500.00
2017-JAN-16  6.88  6.92  6.75  6.80  19819000.00
2017-JAN-17  6.82  6.97  6.70  6.70  23396301.00
2017-JAN-18  6.70  6.81  6.70  6.78  9864000.00
2017-JAN-19  6.78  6.88  6.76  6.88  16396801.00
2017-JAN-20  6.90  6.90  6.81  6.84  33398898.00
2017-JAN-23  6.86  7.05  6.86  7.05  12390500.00
2017-JAN-24  7.05  7.05  6.90  6.90  37426500.00
2017-JAN-25  6.92  7.02  6.80  6.80  31011900.00
2017-JAN-26  6.85  6.89  6.77  6.80  29491400.00
2017-JAN-27  6.80  6.86  6.77  6.80  37245301.00
2017-JAN-30  6.85  6.97  6.65  6.65  16964500.00
2017-JAN-31  6.74  6.90  6.70  6.82  18607100.00
2017-FEB-01  6.85  6.86  6.71  6.86  6159000.00
2017-FEB-02  6.86  6.88  6.71  6.80  19779900.00
2017-FEB-03  6.80  6.83  6.58  6.62  40614000.00
2017-FEB-06  6.64  6.82  6.64  6.71  45448199.00
2017-FEB-07  6.78  6.78  6.66  6.69  34638398.00
2017-FEB-08  6.70  6.78  6.68  6.76  24004500.00
2017-FEB-09  6.78  6.89  6.73  6.84  18491199.00
2017-FEB-10  6.84  6.85  6.77  6.81  32101699.00
2017-FEB-13  6.82  6.84  6.77  6.80  10017500.00
2017-FEB-14  6.84  6.85  6.80  6.82  15434600.00
2017-FEB-15  6.81  6.83  6.66  6.67  37695102.00
2017-FEB-16  6.68  6.83  6.68  6.79  17436600.00
2017-FEB-17  6.81  6.91  6.75  6.80  40156801.00
2017-FEB-20  6.80  6.89  6.79  6.83  12604600.00
2017-FEB-21  6.83  6.84  6.77  6.80  9917700.00
2017-FEB-22  6.81  6.95  6.81  6.82  57911801.00
2017-FEB-23  6.86  6.89  6.80  6.85  36531301.00
2017-FEB-24  6.85  6.95  6.84  6.88  33350000.00
2017-FEB-27  6.88  6.92  6.83  6.85  20685301.00
2017-FEB-28  6.85  6.85  6.70  6.80  58525199.00
2017-MAR-01  6.80  6.98  6.76  6.90  74960898.00
2017-MAR-02  6.90  7.02  6.86  6.98  43202500.00
2017-MAR-03  6.96  6.96  6.88  6.88  21331500.00
2017-MAR-06  6.90  6.95  6.78  6.83  32382199.00
2017-MAR-07  6.83  6.87  6.77  6.78  17019000.00
2017-MAR-08  6.78  6.83  6.68  6.69  16805199.00
2017-MAR-09  6.70  6.74  6.65  6.65  25963301.00
2017-MAR-10  6.69  6.70  6.57  6.60  20937900.00
2017-MAR-13  6.60  6.70  6.60  6.65  23075301.00
2017-MAR-14  6.66  6.75  6.66  6.71  44910699.00
2017-MAR-15  6.71  6.71  6.63  6.67  57110102.00
2017-MAR-16  6.70  6.71  6.63  6.64  31668301.00
2017-MAR-17  6.63  6.63  6.50  6.50  158932797.00
2017-MAR-20  6.49  6.49  6.25  6.34  67272797.00
2017-MAR-21  6.34  6.37  6.20  6.20  74298797.00
2017-MAR-22  6.20  6.20  6.00  6.00  95383695.00
2017-MAR-23  6.14  6.16  6.08  6.11  73415000.00
2017-MAR-24  6.18  6.22  6.03  6.03  83938797.00
2017-MAR-27  6.10  6.10  5.98  6.02  77985508.00
2017-MAR-28  6.03  6.16  6.02  6.03  32120301.00
2017-MAR-29  6.10  6.17  6.06  6.06  76205203.00
2017-MAR-30  6.10  6.15  6.06  6.07  46641199.00
2017-MAR-31  6.08  6.08  6.00  6.02  51399602.00
2017-APR-03  6.08  6.08  5.99  6.00  42640301.00
2017-APR-04  6.01  6.13  6.00  6.09  54868398.00
2017-APR-05  6.13  6.42  6.13  6.40  54852699.00
2017-APR-06  6.43  6.49  6.34  6.42  43153699.00
2017-APR-07  6.40  6.57  6.40  6.56  34513500.00
2017-APR-10  6.56  6.56  6.42  6.42  15530500.00
2017-APR-11  6.43  6.51  6.43  6.46  20407000.00
2017-APR-12  6.47  6.51  6.44  6.48  19481301.00
2017-APR-17  6.48  6.48  6.33  6.38  14614800.00
2017-APR-18  6.40  6.49  6.37  6.49  11126600.00
2017-APR-19  6.49  6.57  6.40  6.54  15867200.00
2017-APR-20  6.54  6.54  6.47  6.50  18489301.00
2017-APR-21  6.50  6.55  6.50  6.51  19066900.00
2017-APR-24  6.51  6.58  6.51  6.54  27819801.00
2017-APR-25  6.56  6.73  6.54  6.57  32629301.00
2017-APR-26  6.61  6.69  6.57  6.68  8665500.00
2017-APR-27  6.66  6.70  6.58  6.58  27475900.00
2017-MAY-02  6.60  6.67  6.55  6.65  32858199.00
2017-MAY-03  6.65  6.69  6.59  6.60  15424000.00
2017-MAY-04  6.60  6.65  6.59  6.60  24088100.00
2017-MAY-05  6.62  6.73  6.60  6.65  38716398.00
2017-MAY-08  6.68  6.75  6.68  6.70  30907301.00
2017-MAY-09  6.70  6.72  6.66  6.69  19983400.00
2017-MAY-10  6.69  6.70  6.58  6.58  35138801.00
2017-MAY-11  6.59  6.68  6.53  6.57  15467200.00
2017-MAY-12  6.57  6.60  6.37  6.60  26417000.00
2017-MAY-15  6.59  6.65  6.50  6.65  11922300.00
2017-MAY-16  6.69  6.75  6.64  6.67  30437100.00
2017-MAY-17  6.70  6.74  6.63  6.68  21106301.00
2017-MAY-18  6.67  6.67  6.44  6.52  25879400.00
2017-MAY-19  6.48  6.70  6.48  6.60  17159301.00
2017-MAY-22  6.60  6.70  6.58  6.59  17837100.00
2017-MAY-23  6.61  6.63  6.56  6.57  23136000.00
2017-MAY-24  6.55  6.59  6.48  6.53  20244000.00
2017-MAY-25  6.53  6.54  6.49  6.50  26227199.00
2017-MAY-26  6.50  6.58  6.47  6.49  12290900.00
2017-MAY-29  6.50  6.50  6.44  6.44  11235900.00
2017-MAY-30  6.44  6.44  6.34  6.35  21541199.00
2017-MAY-31  6.35  6.36  6.21  6.27  60338102.00
2017-JUN-01  6.27  6.44  6.25  6.42  46493699.00
2017-JUN-02  6.42  6.48  6.37  6.37  26490500.00
2017-JUN-05  6.43  6.47  6.36  6.36  18476000.00
2017-JUN-06  6.42  6.42  6.21  6.21  28582600.00
2017-JUN-07  6.24  6.29  6.07  6.15  65400801.00
2017-JUN-08  6.17  6.24  6.13  6.18  45339000.00
2017-JUN-09  6.21  6.26  6.15  6.19  35099199.00
2017-JUN-13  6.19  6.32  6.19  6.27  24980100.00
2017-JUN-14  6.28  6.34  6.22  6.25  21586000.00
2017-JUN-15  6.34  6.37  6.24  6.24  19750199.00
2017-JUN-16  6.34  6.36  6.20  6.20  52403500.00
2017-JUN-19  6.21  6.27  6.18  6.19  12212200.00
2017-JUN-20  6.20  6.26  6.15  6.15  10896200.00
2017-JUN-21  6.16  6.25  6.15  6.20  13052500.00
2017-JUN-22  6.24  6.26  6.12  6.15  17073199.00
2017-JUN-23  6.18  6.21  6.18  6.20  10345800.00
2017-JUN-27  6.22  6.33  6.22  6.31  14591100.00
2017-JUN-28  6.31  6.44  6.28  6.38  27002199.00
2017-JUN-29  6.41  6.43  6.26  6.37  30511100.00
2017-JUN-30  6.33  6.42  6.28  6.39  48386199.00
2017-JUL-03  6.41  6.45  6.37  6.45  10451400.00
2017-JUL-04  6.45  6.45  6.37  6.39  9045800.00
2017-JUL-05  6.41  6.43  6.40  6.43  11380400.00
2017-JUL-06  6.43  6.69  6.42  6.69  46767000.00
2017-JUL-07  6.69  6.80  6.64  6.70  52562801.00
2017-JUL-10  6.71  6.73  6.62  6.70  18682900.00
2017-JUL-11  6.70  6.70  6.62  6.62  18903400.00
2017-JUL-12  6.62  6.80  6.61  6.70  58923500.00
2017-JUL-13  6.73  6.79  6.68  6.70  38631602.00
2017-JUL-14  6.70  6.73  6.66  6.70  19327699.00
2017-JUL-17  6.70  6.77  6.65  6.71  15190300.00
2017-JUL-18  6.72  6.95  6.72  6.95  62275602.00
2017-JUL-19  6.96  6.98  6.83  6.85  39294199.00
2017-JUL-20  6.84  6.90  6.67  6.67  26385000.00
2017-JUL-21  6.68  6.75  6.62  6.65  25815400.00
2017-JUL-24  6.66  6.75  6.66  6.70  5191300.00
2017-JUL-25  6.81  6.98  6.78  6.84  39709301.00
2017-JUL-26  6.90  6.92  6.88  6.88  40653602.00
2017-JUL-27  6.92  6.93  6.80  6.80  30297500.00
2017-JUL-28  6.86  6.87  6.80  6.81  14695000.00
2017-JUL-31  6.81  6.87  6.69  6.79  26044801.00
2017-AUG-01  6.77  6.79  6.65  6.66  8970400.00
2017-AUG-02  6.66  6.77  6.66  6.66  12003900.00
2017-AUG-03  6.69  6.70  6.62  6.68  10230900.00
2017-AUG-04  6.68  6.75  6.62  6.69  6432000.00
2017-AUG-07  6.75  6.80  6.73  6.75  11213600.00
2017-AUG-08  6.80  6.80  6.73  6.75  12368000.00
2017-AUG-09  6.80  6.80  6.69  6.74  14421100.00
2017-AUG-10  6.74  6.74  6.54  6.65  10283400.00
2017-AUG-11  6.65  6.65  6.45  6.59  14785100.00
2017-AUG-14  6.59  6.60  6.49  6.54  8010600.00
2017-AUG-15  6.60  6.64  6.55  6.58  10660800.00
2017-AUG-16  6.64  6.67  6.51  6.62  19804801.00
2017-AUG-17  6.70  6.78  6.60  6.70  22263600.00
2017-AUG-18  6.70  6.74  6.62  6.70  11464600.00
2017-AUG-22  6.71  6.73  6.65  6.70  16921100.00
2017-AUG-23  6.72  6.73  6.61  6.62  18836301.00
2017-AUG-24  6.60  6.64  6.50  6.50  15532300.00
2017-AUG-25  6.51  6.60  6.50  6.60  11887600.00
2017-AUG-29  6.60  6.65  6.49  6.55  12970700.00
2017-AUG-30  6.50  6.59  6.39  6.45  21128500.00
2017-AUG-31  6.45  6.50  6.35  6.35  15745300.00
2017-SEP-04  6.40  6.50  6.39  6.50  21046699.00
2017-SEP-05  6.54  6.55  6.50  6.53  17751801.00
2017-SEP-06  6.55  6.63  6.55  6.63  33411301.00
2017-SEP-07  6.65  6.69  6.56  6.67  23051500.00
2017-SEP-08  6.69  6.80  6.68  6.76  39060898.00
2017-SEP-11  6.78  6.84  6.78  6.80  20923400.00
2017-SEP-13  6.83  6.94  6.75  6.79  46653398.00
2017-SEP-14  6.81  6.87  6.77  6.77  46522500.00
2017-SEP-15  6.78  6.85  6.71  6.79  33145602.00
2017-SEP-18  6.79  6.94  6.78  6.92  19480600.00
2017-SEP-19  6.94  7.02  6.84  6.88  26659801.00
2017-SEP-20  6.88  6.95  6.88  6.95  19379699.00
2017-SEP-21  6.99  7.08  6.96  6.96  48783000.00
2017-SEP-22  6.96  7.01  6.92  6.94  9609500.00
2017-SEP-25  6.94  6.98  6.89  6.95  7785900.00
2017-SEP-26  6.94  6.94  6.77  6.87  21149400.00
2017-SEP-27  6.87  6.90  6.71  6.77  27715100.00
2017-SEP-28  6.77  6.80  6.55  6.55  36537801.00
2017-SEP-29  6.56  6.74  6.56  6.70  30862900.00
2017-OCT-02  6.72  6.84  6.72  6.79  12090100.00
2017-OCT-03  6.82  6.89  6.81  6.81  20637000.00
2017-OCT-04  6.85  6.94  6.83  6.87  15507800.00
2017-OCT-05  6.86  6.91  6.85  6.90  15476500.00
2017-OCT-06  6.91  7.04  6.88  6.88  27604900.00
2017-OCT-09  6.90  6.94  6.86  6.88  6166200.00
2017-OCT-10  6.88  6.90  6.87  6.88  15646300.00
2017-OCT-11  6.88  6.94  6.78  6.80  19707301.00
2017-OCT-12  6.78  6.85  6.73  6.76  34092801.00
2017-OCT-13  6.76  6.87  6.74  6.85  30876500.00
2017-OCT-17  6.90  6.94  6.87  6.88  24602801.00
2017-OCT-18  6.92  6.92  6.75  6.81  15570800.00
2017-OCT-19  6.84  6.90  6.77  6.90  6917100.00
2017-OCT-20  6.90  6.90  6.85  6.89  3143300.00
2017-OCT-23  6.90  6.90  6.80  6.81  17993500.00
2017-OCT-24  6.81  6.90  6.81  6.83  15032600.00
2017-OCT-25  6.83  6.89  6.75  6.89  12162600.00
2017-OCT-26  6.89  6.89  6.63  6.64  28874500.00
2017-OCT-27  6.67  6.74  6.64  6.70  19037199.00
2017-OCT-30  6.75  6.85  6.75  6.80  10279300.00
2017-NOV-02  6.73  6.92  6.71  6.92  12829700.00
2017-NOV-03  6.92  6.93  6.73  6.74  18616900.00
2017-NOV-06  6.77  6.85  6.77  6.80  29317100.00
2017-NOV-07  6.83  6.88  6.70  6.75  16148600.00
2017-NOV-08  6.80  6.90  6.77  6.90  29959900.00
2017-NOV-09  6.90  6.94  6.84  6.85  25873100.00
2017-NOV-10  6.85  6.85  6.74  6.76  29961400.00
2017-NOV-13  6.76  6.80  6.71  6.73  23484699.00
2017-NOV-14  6.72  6.78  6.72  6.74  21425699.00
2017-NOV-15  6.76  6.79  6.72  6.75  58313301.00
2017-NOV-16  6.70  6.76  6.53  6.57  35861699.00
2017-NOV-17  6.60  6.70  6.56  6.69  12711100.00
2017-NOV-20  6.69  6.72  6.61  6.70  14109500.00
2017-NOV-21  6.73  6.73  6.62  6.65  13716300.00
2017-NOV-22  6.65  6.73  6.65  6.66  19131699.00
2017-NOV-23  6.65  6.69  6.62  6.67  9799400.00
2017-NOV-24  6.67  6.67  6.60  6.61  28617400.00
2017-NOV-27  6.62  6.69  6.59  6.69  8265100.00
2017-NOV-28  6.68  6.68  6.47  6.48  18033500.00
2017-NOV-29  6.49  6.70  6.49  6.70  28312500.00
2017-DEC-01  6.60  6.69  6.43  6.50  19429900.00
2017-DEC-04  6.50  6.56  6.42  6.45  6910300.00
2017-DEC-05  6.49  6.58  6.46  6.58  8669700.00
2017-DEC-06  6.60  6.60  6.43  6.43  19213900.00
2017-DEC-07  6.45  6.48  6.31  6.34  22140100.00
2017-DEC-08  6.35  6.41  6.31  6.40  26569199.00
2017-DEC-11  6.45  6.57  6.45  6.55  18248301.00
2017-DEC-12  6.56  6.58  6.48  6.51  20624600.00
2017-DEC-13  6.56  6.56  6.43  6.50  9828200.00
2017-DEC-14  6.55  6.70  6.47  6.70  24628000.00
2017-DEC-15  6.70  6.72  6.49  6.53  60404500.00
2017-DEC-18  6.54  6.65  6.53  6.62  9841200.00
2017-DEC-19  6.65  6.71  6.65  6.71  16569900.00
2017-DEC-20  6.70  6.74  6.62  6.71  14360700.00
2017-DEC-21  6.70  6.75  6.58  6.75  37523199.00
2017-DEC-22  6.75  6.75  6.65  6.73  10229800.00
2017-DEC-27  6.73  6.79  6.73  6.76  11074300.00
2017-DEC-28  6.77  6.82  6.76  6.80  12399100.00
2017-DEC-29  6.82  6.85  6.78  6.85  22003699.00
2018-JAN-03  6.88  6.91  6.77  6.78  21978400.00
2018-JAN-04  6.78  6.85  6.62  6.78  24553699.00
2018-JAN-05  6.78  6.78  6.66  6.66  30101301.00
2018-JAN-08  6.71  6.72  6.66  6.70  12646400.00
2018-JAN-09  6.74  6.85  6.67  6.67  22122000.00
2018-JAN-10  6.70  6.83  6.68  6.83  11753200.00
2018-JAN-11  6.83  6.83  6.56  6.61  26581199.00
2018-JAN-12  6.62  6.70  6.55  6.55  12886000.00
2018-JAN-15  6.61  6.69  6.55  6.55  15533500.00
2018-JAN-16  6.56  6.72  6.56  6.63  20405100.00
2018-JAN-17  6.68  6.80  6.66  6.73  25475199.00
2018-JAN-18  6.74  6.80  6.72  6.80  17982801.00
2018-JAN-19  6.80  6.80  6.72  6.80  9234600.00
2018-JAN-22  6.80  6.83  6.77  6.79  11844400.00
2018-JAN-23  6.80  6.81  6.71  6.81  17668600.00
2018-JAN-24  6.80  6.80  6.64  6.65  10428500.00
2018-JAN-25  6.65  6.70  6.65  6.70  14224500.00
2018-JAN-26  6.68  6.69  6.66  6.69  5438100.00
2018-JAN-29  6.69  6.72  6.64  6.65  13903300.00
2018-JAN-30  6.64  6.64  6.50  6.50  26143801.00
2018-JAN-31  6.50  6.52  6.41  6.46  25079801.00
2018-FEB-01  6.50  6.64  6.49  6.50  11502400.00
2018-FEB-02  6.50  6.59  6.42  6.46  24740801.00
2018-FEB-05  6.40  6.40  6.12  6.13  36745000.00
2018-FEB-06  6.10  6.30  6.00  6.30  23748801.00
2018-FEB-07  6.35  6.38  6.27  6.35  16313000.00
2018-FEB-08  6.37  6.40  6.28  6.40  10735400.00
2018-FEB-09  6.21  6.25  6.12  6.19  16169100.00
2018-FEB-12  6.21  6.26  6.15  6.18  16703000.00
2018-FEB-13  6.18  6.22  6.11  6.13  33068102.00
2018-FEB-14  6.15  6.15  5.55  5.60  79031000.00
2018-FEB-15  5.75  5.85  5.36  5.85  101906797.00
2018-FEB-19  5.88  6.06  5.86  6.05  33026898.00
2018-FEB-20  6.05  6.07  5.79  5.85  61556699.00
2018-FEB-21  5.90  5.90  5.82  5.85  50303898.00
2018-FEB-22  5.87  5.87  5.63  5.63  48798801.00
2018-FEB-23  5.66  5.78  5.64  5.75  25489500.00
2018-FEB-26  5.76  5.76  5.64  5.70  15059100.00
2018-FEB-27  5.70  5.72  5.64  5.72  50423301.00
2018-FEB-28  5.74  5.74  5.57  5.63  43345699.00
2018-MAR-01  5.60  5.69  5.56  5.63  16887500.00
2018-MAR-02  5.63  5.75  5.58  5.75  10153500.00
2018-MAR-05  5.75  5.76  5.67  5.73  7637000.00
2018-MAR-06  5.73  5.80  5.68  5.70  38308801.00
2018-MAR-07  5.79  5.79  5.72  5.75  15435500.00
2018-MAR-08  5.75  5.91  5.75  5.79  38876000.00
2018-MAR-09  5.90  5.95  5.75  5.75  24339100.00
2018-MAR-12  5.80  5.85  5.47  5.47  49769199.00
2018-MAR-13  5.51  5.59  5.50  5.53  25932400.00
2018-MAR-14  5.55  5.60  5.50  5.60  20707500.00
2018-MAR-15  5.58  5.59  5.52  5.59  16943900.00
2018-MAR-16  5.58  5.62  5.54  5.60  36626801.00
2018-MAR-19  5.60  5.61  5.53  5.55  33077602.00
2018-MAR-20  5.54  5.60  5.45  5.49  44042801.00
2018-MAR-21  5.56  5.56  5.18  5.27  42786301.00
2018-MAR-22  5.31  5.47  5.23  5.25  34671199.00
2018-MAR-23  5.18  5.23  5.08  5.20  28277699.00
2018-MAR-26  5.24  5.24  5.14  5.17  11838100.00
2018-MAR-27  5.20  5.33  5.20  5.24  19205500.00
2018-MAR-28  5.30  5.30  5.22  5.24  26304801.00
2018-APR-02  5.27  5.40  5.27  5.35  14993200.00
2018-APR-03  5.31  5.38  5.31  5.35  58676602.00
2018-APR-04  5.38  5.41  5.33  5.33  21121600.00
2018-APR-05  5.36  5.36  5.22  5.27  16739600.00
2018-APR-06  5.29  5.36  5.20  5.20  14118900.00
2018-APR-10  5.28  5.28  5.13  5.14  30053801.00
2018-APR-11  5.14  5.25  5.14  5.18  18072600.00
2018-APR-12  5.18  5.25  5.12  5.15  19615500.00
2018-APR-13  5.17  5.21  4.93  4.93  63431699.00
2018-APR-16  5.00  5.00  4.73  4.73  33161000.00
2018-APR-17  4.78  4.78  4.60  4.61  30420000.00
2018-APR-18  4.65  4.77  4.64  4.64  46243000.00
2018-APR-19  4.62  4.76  4.52  4.61  117019000.00
2018-APR-20  4.70  4.76  4.60  4.64  28656000.00
2018-APR-23  4.66  4.68  4.20  4.48  39668000.00
2018-APR-24  4.46  4.48  4.31  4.42  33085000.00
2018-APR-25  4.39  4.58  4.38  4.44  30316000.00
2018-APR-26  4.54  4.57  4.46  4.57  25992000.00
2018-APR-27  4.59  4.92  4.58  4.82  59384000.00
2018-APR-30  4.90  5.16  4.85  5.10  59242000.00
2018-MAY-02  5.17  5.29  5.12  5.20  25645900.00
2018-MAY-03  5.20  5.20  4.98  4.98  43306102.00
2018-MAY-04  5.01  5.12  4.98  5.10  19211000.00
2018-MAY-07  5.12  5.18  5.12  5.17  16871301.00
2018-MAY-08  5.20  5.25  5.19  5.21  19854500.00
2018-MAY-09  5.23  5.54  5.20  5.40  35143602.00
2018-MAY-10  5.39  5.41  5.34  5.38  35319898.00
2018-MAY-11  5.41  5.45  5.26  5.41  29202500.00
2018-MAY-15  5.44  5.49  5.29  5.40  25074600.00
2018-MAY-16  5.35  5.37  5.12  5.29  55344898.00
2018-MAY-17  5.26  5.26  5.10  5.10  37730000.00
2018-MAY-18  5.10  5.12  4.85  4.90  28440301.00
2018-MAY-21  4.96  5.05  4.85  4.85  23063000.00
2018-MAY-22  4.86  4.89  4.70  4.75  29712000.00
2018-MAY-23  4.75  4.84  4.73  4.75  29863000.00
2018-MAY-24  4.80  4.89  4.76  4.84  18770000.00
2018-MAY-25  4.84  4.86  4.76  4.77  22173000.00
2018-MAY-28  4.82  4.82  4.71  4.74  20919000.00
2018-MAY-29  4.74  4.78  4.72  4.72  33103000.00
2018-MAY-30  4.70  4.73  4.53  4.57  29448000.00
2018-MAY-31  4.60  4.77  4.60  4.65  80883000.00
2018-JUN-01  4.66  4.84  4.66  4.79  40480000.00
2018-JUN-04  4.84  5.03  4.84  5.03  20887000.00
2018-JUN-05  5.05  5.15  5.05  5.10  34232398.00
2018-JUN-06  5.10  5.12  4.99  5.11  14538500.00
2018-JUN-07  5.13  5.23  5.05  5.16  28150199.00
2018-JUN-08  5.16  5.16  5.01  5.01  13295200.00
2018-JUN-11  5.06  5.16  5.02  5.05  21158400.00
2018-JUN-13  5.05  5.05  4.86  4.97  24712600.00
2018-JUN-14  4.90  5.09  4.83  4.99  65181000.00
2018-JUN-18  4.90  4.90  4.76  4.82  27355000.00
2018-JUN-19  4.75  4.80  4.60  4.65  25107000.00
2018-JUN-20  4.76  4.80  4.71  4.74  29523000.00
2018-JUN-21  4.74  4.75  4.62  4.62  24820000.00
2018-JUN-22  4.65  4.72  4.55  4.59  55405000.00
2018-JUN-25  4.72  4.72  4.52  4.56  34091000.00
2018-JUN-26  4.61  4.63  4.43  4.50  17636000.00
2018-JUN-27  4.54  4.68  4.50  4.64  19827000.00
2018-JUN-28  4.64  4.65  4.50  4.50  11991000.00
2018-JUN-29  4.59  4.64  4.54  4.60  26756000.00
2018-JUL-02  4.64  4.64  4.59  4.62  25119000.00
2018-JUL-03  4.62  4.72  4.61  4.67  9299000.00
2018-JUL-04  4.64  4.69  4.57  4.68  24201000.00
2018-JUL-05  4.68  4.69  4.61  4.63  29793000.00
2018-JUL-06  4.65  4.66  4.61  4.63  12099000.00
2018-JUL-09  4.67  4.67  4.63  4.64  24057000.00
2018-JUL-10  4.68  4.68  4.64  4.64  17972000.00
2018-JUL-11  4.64  4.71  4.63  4.66  21714000.00
2018-JUL-12  4.65  4.66  4.50  4.50  36236000.00
2018-JUL-13  4.55  4.61  4.53  4.57  13664000.00
2018-JUL-16  4.57  4.57  4.43  4.43  15923000.00
2018-JUL-17  4.43  4.54  4.43  4.52  13108000.00
2018-JUL-18  4.55  4.64  4.55  4.60  20391000.00
2018-JUL-19  4.60  4.63  4.42  4.44  30792000.00
2018-JUL-20  4.48  4.48  4.29  4.30  49562000.00
2018-JUL-23  4.35  4.46  4.32  4.43  19820000.00
2018-JUL-24  4.44  4.56  4.44  4.51  21783000.00
2018-JUL-25  4.58  4.81  4.55  4.70  42025000.00
2018-JUL-26  4.75  4.79  4.59  4.59  50441000.00
2018-JUL-27  4.59  4.62  4.46  4.54  62981000.00
2018-JUL-30  4.59  4.69  4.59  4.69  38048000.00
2018-JUL-31  4.71  4.79  4.69  4.71  67445000.00
2018-AUG-01  4.71  4.87  4.61  4.85  45968000.00
2018-AUG-02  4.86  5.04  4.85  5.00  40716000.00
2018-AUG-03  5.08  5.10  5.00  5.03  40514102.00
2018-AUG-06  5.03  5.12  5.00  5.12  27681199.00
2018-AUG-07  5.13  5.15  5.01  5.01  16068500.00
2018-AUG-08  5.01  5.10  5.01  5.08  17406900.00
2018-AUG-09  5.08  5.13  4.90  4.99  23158400.00
2018-AUG-10  5.00  5.03  4.96  4.98  19595000.00
2018-AUG-13  4.98  4.98  4.80  4.89  17912000.00
2018-AUG-14  4.88  4.88  4.78  4.78  14397000.00
2018-AUG-15  4.78  4.86  4.71  4.73  8564000.00
2018-AUG-16  4.73  4.84  4.70  4.82  21484000.00
2018-AUG-17  4.85  4.93  4.84  4.89  11636000.00
2018-AUG-20  4.93  4.93  4.82  4.82  8117000.00
2018-AUG-22  4.82  4.88  4.81  4.84  14011000.00
2018-AUG-23  4.95  5.10  4.91  5.10  20957000.00
2018-AUG-24  5.05  5.06  4.94  5.02  12675900.00
2018-AUG-28  5.10  5.13  5.02  5.06  23746500.00
2018-AUG-29  5.05  5.33  5.02  5.22  78105203.00
2018-AUG-30  5.26  5.50  5.26  5.50  67002203.00
2018-AUG-31  5.48  5.49  5.32  5.45  53644500.00
2018-SEP-03  5.45  5.47  5.36  5.45  18890900.00
2018-SEP-04  5.44  5.56  5.44  5.54  26416900.00
2018-SEP-05  5.50  5.52  5.25  5.33  34139102.00
2018-SEP-06  5.30  5.32  5.05  5.05  29998801.00
2018-SEP-07  5.10  5.28  5.05  5.27  23682500.00
2018-SEP-10  5.30  5.35  5.11  5.35  13627300.00
2018-SEP-11  5.35  5.35  5.11  5.15  17322900.00
2018-SEP-12  5.13  5.24  5.10  5.10  19409801.00
2018-SEP-13  5.11  5.23  5.10  5.23  13336200.00
2018-SEP-14  5.23  5.30  5.16  5.28  20290000.00
2018-SEP-17  5.28  5.30  5.24  5.29  18787000.00
2018-SEP-18  5.29  5.33  5.13  5.18  19248801.00
2018-SEP-19  5.18  5.20  4.86  5.00  31007500.00
2018-SEP-20  5.00  5.06  4.92  5.00  36341301.00
2018-SEP-21  4.98  5.08  4.92  4.92  45270801.00
2018-SEP-24  4.93  5.03  4.90  4.90  10130000.00
2018-SEP-25  4.95  4.95  4.87  4.92  13688000.00
2018-SEP-26  4.95  4.97  4.62  4.65  81426000.00
2018-SEP-27  4.69  4.80  4.61  4.78  32536000.00
2018-SEP-28  4.80  4.90  4.75  4.75  28175000.00
2018-OCT-01  4.75  4.76  4.65  4.73  15196000.00
2018-OCT-02  4.74  4.74  4.56  4.69  19715000.00
2018-OCT-03  4.70  4.83  4.69  4.80  20412000.00
2018-OCT-04  4.82  4.86  4.75  4.85  11396000.00
2018-OCT-05  4.85  4.91  4.76  4.76  7094000.00
2018-OCT-08  4.84  5.02  4.78  4.95  12677000.00
2018-OCT-09  4.95  5.03  4.86  5.00  11407000.00
2018-OCT-10  5.10  5.11  4.91  5.06  16247000.00
2018-OCT-11  4.96  4.98  4.88  4.97  24219199.00
2018-OCT-12  4.95  4.98  4.90  4.94  14153000.00
2018-OCT-15  4.95  5.05  4.82  4.82  16029000.00
2018-OCT-16  4.87  4.89  4.82  4.84  9944000.00
2018-OCT-17  4.87  5.02  4.87  4.98  21849000.00
2018-OCT-18  4.98  5.02  4.92  5.02  5676000.00
2018-OCT-19  4.98  4.98  4.88  4.95  11221800.00
2018-OCT-22  4.92  5.06  4.92  5.05  15157000.00
2018-OCT-23  5.05  5.05  4.92  4.95  5454000.00
2018-OCT-24  4.93  4.94  4.81  4.81  23046000.00
2018-OCT-25  4.80  4.80  4.65  4.77  27380000.00
2018-OCT-26  4.74  4.80  4.72  4.77  17944000.00
2018-OCT-29  4.79  4.80  4.77  4.80  13281000.00
2018-OCT-30  4.85  4.85  4.78  4.80  4704000.00
2018-OCT-31  4.80  4.84  4.74  4.80  48220000.00
2018-NOV-05  4.88  4.98  4.86  4.90  40584000.00
2018-NOV-06  4.95  5.03  4.81  4.90  14551000.00
2018-NOV-07  4.90  4.90  4.77  4.86  17571000.00
2018-NOV-08  4.80  4.80  4.68  4.72  25473000.00
2018-NOV-09  4.72  4.75  4.63  4.75  14590000.00
2018-NOV-12  4.69  4.69  4.54  4.55  28542000.00
2018-NOV-13  4.54  4.54  4.33  4.33  53154000.00
2018-NOV-14  4.40  4.44  4.35  4.36  20088000.00
2018-NOV-15  4.40  4.53  4.37  4.49  21773000.00
2018-NOV-16  4.55  4.57  4.49  4.50  41512000.00
2018-NOV-19  4.55  4.68  4.50  4.65  63628000.00
2018-NOV-20  4.65  4.71  4.57  4.62  31760000.00
2018-NOV-21  4.65  4.66  4.52  4.61  30747000.00
2018-NOV-22  4.61  4.62  4.58  4.61  14648000.00
2018-NOV-23  4.61  4.72  4.61  4.69  16461000.00
2018-NOV-26  4.73  4.73  4.65  4.65  18074000.00
2018-NOV-27  4.66  4.68  4.59  4.60  28488000.00
2018-NOV-28  4.61  4.64  4.56  4.60  38352000.00
2018-NOV-29  4.62  4.72  4.61  4.70  71194000.00
2018-DEC-03  4.75  4.90  4.74  4.90  70298000.00
2018-DEC-04  4.91  5.05  4.90  4.94  53016000.00
2018-DEC-05  4.86  4.89  4.77  4.87  64487000.00
2018-DEC-06  4.87  4.87  4.77  4.82  37272000.00
2018-DEC-07  4.78  4.80  4.75  4.77  22402000.00
2018-DEC-10  4.77  4.77  4.71  4.77  7752000.00
2018-DEC-11  4.76  4.78  4.68  4.77  23348000.00
2018-DEC-12  4.79  4.83  4.73  4.77  17298000.00
2018-DEC-13  4.80  4.84  4.69  4.69  25693000.00
2018-DEC-14  4.72  4.80  4.70  4.77  26170000.00
2018-DEC-17  4.76  4.78  4.70  4.70  12952000.00
2018-DEC-18  4.70  4.74  4.52  4.56  22620000.00
2018-DEC-19  4.65  4.65  4.60  4.61  16815000.00
2018-DEC-20  4.62  4.70  4.60  4.60  18144000.00
2018-DEC-21  4.60  4.64  4.60  4.62  21140000.00
2018-DEC-26  4.60  4.63  4.56  4.60  8011000.00
2018-DEC-27  4.63  4.72  4.60  4.68  11723000.00
2018-DEC-28  4.70  4.76  4.64  4.64  13847000.00
2019-JAN-02  4.65  4.71  4.61  4.61  12937000.00
2019-JAN-03  4.61  4.75  4.61  4.75  34839000.00
2019-JAN-04  4.75  4.91  4.71  4.85  36750000.00
2019-JAN-07  4.87  4.92  4.75  4.75  22156000.00
2019-JAN-08  4.79  4.81  4.62  4.63  29741000.00
2019-JAN-09  4.70  4.76  4.69  4.74  21376000.00
2019-JAN-10  4.78  4.96  4.77  4.92  29362000.00
2019-JAN-11  4.90  5.00  4.87  4.96  31638000.00
2019-JAN-14  4.99  5.02  4.99  5.02  29380000.00
2019-JAN-15  5.03  5.08  4.99  5.08  47066398.00
2019-JAN-16  5.08  5.15  5.01  5.08  19601801.00
2019-JAN-17  5.08  5.12  4.90  4.97  28923100.00
2019-JAN-18  4.99  5.05  4.98  5.01  23730000.00
2019-JAN-21  5.04  5.18  4.94  4.96  25503301.00
2019-JAN-22  4.96  5.00  4.86  4.93  24365000.00
2019-JAN-23  4.90  4.92  4.83  4.86  18387000.00
2019-JAN-24  4.87  4.99  4.86  4.99  16703000.00
2019-JAN-25  5.01  5.02  4.93  4.95  11079000.00
2019-JAN-28  4.98  5.06  4.87  4.90  32152000.00
2019-JAN-29  4.91  4.95  4.91  4.94  34864000.00
2019-JAN-30  4.95  4.95  4.85  4.93  18184000.00
2019-JAN-31  4.94  4.99  4.86  4.86  25155000.00
2019-FEB-01  4.87  4.95  4.85  4.86  14866000.00
2019-FEB-04  4.89  4.93  4.85  4.89  9349000.00
2019-FEB-06  4.94  4.97  4.92  4.95  16550000.00
2019-FEB-07  4.96  4.98  4.93  4.94  10161000.00
2019-FEB-08  4.94  4.96  4.91  4.91  11335000.00
2019-FEB-11  4.95  4.96  4.91  4.93  10199000.00
2019-FEB-12  4.95  4.96  4.88  4.88  21842000.00
2019-FEB-13  4.89  4.91  4.84  4.85  18120000.00
2019-FEB-14  4.87  4.91  4.83  4.90  25725000.00
2019-FEB-15  4.90  4.91  4.79  4.79  8137000.00
2019-FEB-18  4.80  4.90  4.80  4.83  3497000.00
2019-FEB-19  4.84  4.86  4.70  4.70  13194000.00
2019-FEB-20  4.75  4.81  4.72  4.76  13683000.00
2019-FEB-21  4.80  4.84  4.76  4.76  16850000.00
2019-FEB-22  4.77  4.83  4.75  4.78  5308000.00
2019-FEB-26  4.83  4.90  4.83  4.89  14074000.00
2019-FEB-27  4.89  4.89  4.85  4.87  4801000.00
2019-FEB-28  4.87  4.87  4.70  4.70  38149000.00
2019-MAR-01  4.76  4.80  4.55  4.57  40047000.00
2019-MAR-04  4.57  4.63  4.55  4.57  11944000.00
2019-MAR-05  4.60  4.69  4.60  4.69  14730000.00
2019-MAR-06  4.76  5.04  4.76  4.96  92588000.00
2019-MAR-07  4.98  5.08  4.96  4.98  45908000.00
2019-MAR-08  4.97  4.97  4.91  4.92  14307000.00
2019-MAR-11  4.92  4.97  4.85  4.85  11838000.00
2019-MAR-12  4.87  4.95  4.87  4.94  10778000.00
2019-MAR-13  4.94  4.97  4.89  4.94  9304000.00
2019-MAR-14  4.94  4.94  4.90  4.90  19121000.00
2019-MAR-15  4.90  4.94  4.85  4.94  99172000.00
2019-MAR-18  4.94  4.95  4.86  4.90  18302000.00
2019-MAR-19  4.91  4.96  4.91  4.92  10790000.00
2019-MAR-20  4.90  4.91  4.85  4.86  12348000.00
2019-MAR-21  4.87  4.94  4.85  4.86  20339000.00
2019-MAR-22  4.87  4.96  4.86  4.92  35504000.00
2019-MAR-25  4.91  4.91  4.73  4.85  21668000.00
2019-MAR-26  4.84  4.86  4.79  4.84  13087000.00
2019-MAR-27  4.83  4.83  4.71  4.72  25867000.00
2019-MAR-28  4.74  4.80  4.71  4.79  26995000.00
2019-MAR-29  4.79  4.86  4.77  4.85  30553000.00
2019-APR-01  4.85  4.85  4.70  4.71  29455000.00
2019-APR-02  4.73  4.79  4.69  4.71  17874000.00
2019-APR-03  4.72  4.74  4.64  4.67  26008000.00
2019-APR-04  4.67  4.71  4.54  4.55  45158000.00
2019-APR-05  4.56  4.65  4.56  4.58  33586000.00
2019-APR-08  4.60  4.74  4.60  4.70  23464000.00
2019-APR-10  4.74  4.75  4.67  4.70  13794000.00
2019-APR-11  4.70  4.71  4.66  4.69  15424000.00
2019-APR-12  4.69  4.70  4.60  4.60  16220000.00
2019-APR-15  4.62  4.66  4.55  4.55  19162000.00
2019-APR-16  4.56  4.58  4.43  4.45  71717000.00
2019-APR-17  4.47  4.50  4.43  4.48  33651000.00
2019-APR-22  4.52  4.54  4.43  4.46  15702000.00
2019-APR-23  4.49  4.49  4.41  4.41  28913000.00
2019-APR-24  4.44  4.47  4.33  4.40  55146000.00
2019-APR-25  4.40  4.47  4.40  4.44  23351000.00
2019-APR-26  4.46  4.57  4.44  4.57  13938000.00
2019-APR-29  4.57  4.57  4.50  4.57  27132000.00
2019-APR-30  4.57  4.57  4.50  4.57  15898000.00
2019-MAY-02  4.59  4.59  4.35  4.39  31883000.00
2019-MAY-03  4.43  4.51  4.35  4.35  37814000.00
2019-MAY-06  4.40  4.43  4.22  4.25  43601000.00
2019-MAY-07  4.32  4.39  4.28  4.29  15341000.00
2019-MAY-08  4.29  4.32  4.22  4.23  28381000.00
2019-MAY-09  4.26  4.28  4.20  4.20  38118000.00
2019-MAY-10  4.23  4.30  4.23  4.29  9973000.00
2019-MAY-14  4.26  4.27  4.11  4.17  28419000.00
2019-MAY-15  4.20  4.25  4.20  4.20  10549000.00
2019-MAY-16  4.20  4.21  4.19  4.20  65488000.00
2019-MAY-17  4.21  4.30  4.21  4.25  24343000.00
2019-MAY-20  4.25  4.33  4.25  4.33  9243000.00
2019-MAY-21  4.34  4.38  4.32  4.34  18631000.00
2019-MAY-22  4.36  4.49  4.30  4.44  28965000.00
2019-MAY-23  4.44  4.44  4.33  4.36  14737000.00
2019-MAY-24  4.36  4.37  4.30  4.32  9265000.00
2019-MAY-27  4.32  4.33  4.28  4.30  5180000.00
2019-MAY-28  4.30  4.41  4.27  4.32  96675000.00
2019-MAY-29  4.33  4.43  4.31  4.33  15908000.00
2019-MAY-30  4.34  4.48  4.34  4.44  20216000.00
2019-MAY-31  4.44  4.50  4.35  4.50  23475000.00
2019-JUN-03  4.48  4.58  4.40  4.55  42095000.00
2019-JUN-04  4.60  4.60  4.47  4.48  25267000.00
2019-JUN-06  4.49  4.55  4.36  4.43  33470000.00
2019-JUN-07  4.43  4.46  4.37  4.45  13261000.00
2019-JUN-10  4.49  4.56  4.47  4.56  31184000.00
2019-JUN-11  4.56  4.69  4.56  4.64  26605000.00
2019-JUN-13  4.65  4.69  4.60  4.65  18703000.00
2019-JUN-14  4.67  4.67  4.55  4.58  13009000.00
2019-JUN-17  4.63  4.64  4.58  4.58  10668000.00
2019-JUN-18  4.60  4.60  4.54  4.56  14992000.00
2019-JUN-19  4.59  4.59  4.52  4.58  6462000.00
2019-JUN-20  4.59  4.77  4.56  4.72  37685000.00
2019-JUN-21  4.78  4.87  4.76  4.77  93371000.00
2019-JUN-24  4.78  4.88  4.78  4.86  45499000.00
2019-JUN-25  4.88  4.89  4.80  4.84  31480000.00
2019-JUN-26  4.84  4.84  4.78  4.83  12399000.00
2019-JUN-27  4.83  4.83  4.77  4.81  15722000.00
2019-JUN-28  4.82  4.82  4.77  4.80  29890000.00
2019-JUL-01  4.80  4.87  4.80  4.84  17133000.00
2019-JUL-02  4.86  4.86  4.82  4.85  16003000.00
2019-JUL-03  4.86  4.88  4.85  4.87  19052000.00
2019-JUL-04  4.87  4.87  4.80  4.80  17697000.00
2019-JUL-05  4.80  4.82  4.74  4.78  14644000.00
2019-JUL-08  4.78  4.79  4.74  4.78  18382000.00
2019-JUL-09  4.78  4.78  4.72  4.78  24348000.00
2019-JUL-10  4.77  4.82  4.75  4.80  25685000.00
2019-JUL-11  4.80  4.83  4.79  4.80  16183000.00
2019-JUL-12  4.82  4.86  4.78  4.78  41149000.00
2019-JUL-15  4.79  4.83  4.77  4.80  17509000.00
2019-JUL-16  4.81  4.82  4.67  4.67  40657000.00
2019-JUL-17  4.70  4.76  4.70  4.74  11256000.00
2019-JUL-18  4.75  4.76  4.72  4.75  10601000.00
2019-JUL-19  4.77  4.79  4.71  4.79  24044000.00
2019-JUL-22  4.72  4.79  4.71  4.79  7750000.00
2019-JUL-23  4.79  4.80  4.75  4.80  12312000.00
2019-JUL-24  4.77  4.80  4.77  4.79  10486000.00
2019-JUL-25  4.79  4.80  4.71  4.80  16996000.00
2019-JUL-26  4.79  4.80  4.72  4.75  13368000.00
2019-JUL-29  4.75  4.80  4.70  4.78  15537000.00
2019-JUL-30  4.79  4.86  4.78  4.81  26771000.00
2019-JUL-31  4.82  4.83  4.78  4.80  13944000.00
2019-AUG-01  4.80  4.81  4.72  4.78  15169000.00
2019-AUG-02  4.78  4.80  4.71  4.80  19608000.00
2019-AUG-05  4.80  4.80  4.59  4.60  35212000.00
2019-AUG-06  4.58  4.64  4.47  4.60  32549000.00
2019-AUG-07  4.58  4.65  4.53  4.64  13142000.00
2019-AUG-08  4.60  4.79  4.60  4.76  14282000.00
2019-AUG-09  4.73  4.75  4.61  4.61  9504000.00
2019-AUG-13  4.64  4.64  4.47  4.60  19168000.00
2019-AUG-14  4.60  4.69  4.50  4.50  13427000.00
2019-AUG-15  4.47  4.65  4.37  4.63  22889000.00
2019-AUG-16  4.64  4.80  4.57  4.80  39006000.00
2019-AUG-19  4.80  5.14  4.78  5.10  103207000.00
2019-AUG-20  5.09  5.09  4.96  5.00  46476602.00
2019-AUG-22  5.00  5.24  4.99  5.05  48730898.00
2019-AUG-23  5.05  5.07  4.90  4.98  24356801.00
2019-AUG-27  4.98  4.99  4.80  4.87  43717000.00
2019-AUG-28  4.90  4.92  4.83  4.84  36954000.00
2019-AUG-29  4.85  4.87  4.77  4.83  25579000.00
2019-AUG-30  4.89  5.00  4.87  4.95  44553000.00
2019-SEP-02  4.95  5.02  4.92  4.98  16431000.00
2019-SEP-03  4.98  4.99  4.87  4.90  6113000.00
2019-SEP-04  4.91  4.99  4.85  4.99  16576000.00
2019-SEP-05  5.12  5.28  5.12  5.23  109882000.00
2019-SEP-06  5.26  5.28  5.15  5.20  28161301.00
2019-SEP-09  5.20  5.21  5.11  5.16  14797900.00
2019-SEP-10  5.15  5.16  5.05  5.11  13307500.00
2019-SEP-11  5.10  5.16  5.10  5.10  16823500.00
2019-SEP-12  5.11  5.22  5.10  5.15  17255500.00
2019-SEP-13  5.20  5.22  5.13  5.14  25764600.00
2019-SEP-16  5.13  5.15  5.05  5.11  12175600.00
2019-SEP-17  5.09  5.09  5.02  5.05  9646600.00
2019-SEP-18  5.04  5.12  4.99  5.06  14007400.00
2019-SEP-19  5.06  5.12  5.06  5.07  14089700.00
2019-SEP-20  5.07  5.09  5.00  5.01  36678199.00
2019-SEP-23  5.00  5.02  4.91  4.99  10189700.00
2019-SEP-24  4.99  5.01  4.93  5.00  8230000.00
2019-SEP-25  4.98  5.00  4.80  4.92  18339400.00
2019-SEP-26  4.91  5.00  4.89  4.94  7100000.00
2019-SEP-27  4.95  5.00  4.82  4.89  12158000.00
2019-SEP-30  4.89  5.10  4.82  4.98  29044000.00
2019-OCT-01  4.99  4.99  4.88  4.92  11238000.00
2019-OCT-02  4.94  4.94  4.79  4.83  8754000.00
2019-OCT-03  4.84  4.87  4.68  4.72  18229000.00
2019-OCT-04  4.72  4.91  4.70  4.91  15116000.00
2019-OCT-07  4.91  4.91  4.78  4.88  18272000.00
2019-OCT-08  4.88  5.03  4.87  4.94  12371000.00
2019-OCT-09  4.90  4.95  4.76  4.83  6077000.00
2019-OCT-10  4.83  4.90  4.83  4.88  7290000.00
2019-OCT-11  4.88  5.00  4.85  4.95  11353000.00
2019-OCT-14  5.10  5.20  5.02  5.06  60339000.00
2019-OCT-15  5.19  5.19  4.72  4.90  73168305.00
2019-OCT-16  4.90  5.03  4.87  4.95  68679000.00
2019-OCT-17  5.01  5.01  4.87  4.91  24193000.00
2019-OCT-18  4.90  4.94  4.81  4.85  37069000.00
2019-OCT-21  4.85  4.90  4.83  4.90  15515000.00
2019-OCT-22  4.90  5.00  4.89  4.99  26230000.00
2019-OCT-23  4.99  5.02  4.81  4.90  22703000.00
2019-OCT-24  4.90  4.95  4.89  4.95  19441000.00
2019-OCT-25  4.97  4.97  4.86  4.90  31243000.00
2019-OCT-28  4.91  4.95  4.84  4.90  19512000.00
2019-OCT-29  4.88  4.88  4.78  4.79  39957000.00
2019-OCT-30  4.79  4.80  4.77  4.80  20834000.00
2019-OCT-31  4.80  4.87  4.73  4.80  28484000.00
2019-NOV-04  4.82  4.95  4.82  4.90  32251000.00
2019-NOV-05  4.91  4.97  4.91  4.95  12162000.00
2019-NOV-06  4.95  4.96  4.75  4.75  31931000.00
2019-NOV-07  4.83  4.85  4.78  4.83  13509000.00
2019-NOV-08  4.83  4.85  4.65  4.65  36384000.00
2019-NOV-11  4.68  4.78  4.66  4.66  7772000.00
2019-NOV-12  4.70  4.75  4.64  4.64  18035000.00
2019-NOV-13  4.65  4.70  4.65  4.70  6790000.00
2019-NOV-14  4.70  4.70  4.62  4.62  14588000.00
2019-NOV-15  4.63  4.69  4.63  4.65  15587000.00
2019-NOV-18  4.65  4.69  4.62  4.63  6465000.00
2019-NOV-19  4.69  4.69  4.63  4.65  11901000.00
2019-NOV-20  4.66  4.66  4.63  4.64  5943000.00
2019-NOV-21  4.67  4.67  4.42  4.42  18592000.00
2019-NOV-22  4.45  4.49  4.39  4.39  16844000.00
2019-NOV-25  4.40  4.44  4.29  4.34  14159000.00
2019-NOV-26  4.34  4.38  4.30  4.31  55884000.00
2019-NOV-27  4.34  4.40  4.30  4.30  28630000.00
2019-NOV-28  4.30  4.36  4.26  4.26  22571000.00
2019-NOV-29  4.28  4.35  4.28  4.30  12528000.00
2019-DEC-02  4.30  4.42  4.30  4.37  21270000.00
2019-DEC-03  4.40  4.42  4.37  4.39  17832000.00
2019-DEC-04  4.35  4.35  3.91  3.92  132303000.00
2019-DEC-05  3.92  4.00  3.80  3.80  56389000.00
2019-DEC-06  3.85  3.96  3.66  3.66  53370000.00
2019-DEC-09  3.68  3.77  3.53  3.54  81741000.00
2019-DEC-10  3.54  3.72  3.53  3.67  49530000.00
2019-DEC-11  3.72  3.90  3.13  3.19  131833000.00
2019-DEC-12  3.19  3.29  2.69  2.69  226936984.00
2019-DEC-13  2.82  3.14  2.76  3.01  234896000.00
2019-DEC-16  3.11  3.23  3.01  3.05  144807016.00
2019-DEC-17  3.13  3.20  2.94  3.19  99976000.00
2019-DEC-18  3.29  3.49  3.15  3.49  71994000.00
2019-DEC-19  3.48  3.52  3.37  3.40  78158000.00
2019-DEC-20  3.40  3.40  3.21  3.26  101799000.00
2019-DEC-23  3.30  3.48  3.30  3.42  41111000.00
2019-DEC-26  3.46  3.63  3.43  3.58  40252000.00
2019-DEC-27  3.58  3.59  3.46  3.48  60319000.00
