MPI 1216

12/27/2019	3.58	3.59	3.46	3.48	60319000
12/26/2019	3.46	3.63	3.43	3.58	40252000
12/23/2019	3.3	3.48	3.3	3.42	41111000
12/20/2019	3.4	3.4	3.21	3.26	101799000
12/19/2019	3.48	3.52	3.37	3.4	78158000
12/18/2019	3.29	3.49	3.15	3.49	71994000
12/17/2019	3.13	3.2	2.94	3.19	99976000
12/16/2019	3.11	3.23	3.01	3.05	144807016
12/13/2019	2.82	3.14	2.76	3.01	234896000
12/12/2019	3.19	3.29	2.69	2.69	226936984
12/11/2019	3.72	3.9	3.13	3.19	131833000
12/10/2019	3.54	3.72	3.53	3.67	49530000
12/9/2019	3.68	3.77	3.53	3.54	81741000
12/6/2019	3.85	3.96	3.66	3.66	53370000
12/5/2019	3.92	4	3.8	3.8	56389000
12/4/2019	4.35	4.35	3.91	3.92	132303000
12/3/2019	4.4	4.42	4.37	4.39	17832000
12/2/2019	4.3	4.42	4.3	4.37	21270000
11/29/2019	4.28	4.35	4.28	4.3	12528000
11/28/2019	4.3	4.36	4.26	4.26	22571000
11/27/2019	4.34	4.4	4.3	4.3	28630000
11/26/2019	4.34	4.38	4.3	4.31	55884000
11/25/2019	4.4	4.44	4.29	4.34	14159000
11/22/2019	4.45	4.49	4.39	4.39	16844000
11/21/2019	4.67	4.67	4.42	4.42	18592000
11/20/2019	4.66	4.66	4.63	4.64	5943000
11/19/2019	4.69	4.69	4.63	4.65	11901000
11/18/2019	4.65	4.69	4.62	4.63	6465000
11/15/2019	4.63	4.69	4.63	4.65	15587000
11/14/2019	4.7	4.7	4.62	4.62	14588000
11/13/2019	4.65	4.7	4.65	4.7	6790000
11/12/2019	4.7	4.75	4.64	4.64	18035000
11/11/2019	4.68	4.78	4.66	4.66	7772000
11/8/2019	4.83	4.85	4.65	4.65	36384000
11/7/2019	4.83	4.85	4.78	4.83	13509000
11/6/2019	4.95	4.96	4.75	4.75	31931000
11/5/2019	4.91	4.97	4.91	4.95	12162000
11/4/2019	4.82	4.95	4.82	4.9	32251000
10/31/2019	4.8	4.87	4.73	4.8	28484000
10/30/2019	4.79	4.8	4.77	4.8	20834000
10/29/2019	4.88	4.88	4.78	4.79	39957000
10/28/2019	4.91	4.95	4.84	4.9	19512000
10/25/2019	4.97	4.97	4.86	4.9	31243000
10/24/2019	4.9	4.95	4.89	4.95	19441000
10/23/2019	4.99	5.02	4.81	4.9	22703000
10/22/2019	4.9	5	4.89	4.99	26230000
10/21/2019	4.85	4.9	4.83	4.9	15515000
10/18/2019	4.9	4.94	4.81	4.85	37069000
10/17/2019	5.01	5.01	4.87	4.91	24193000
10/16/2019	4.9	5.03	4.87	4.95	68679000
10/15/2019	5.19	5.19	4.72	4.9	73168305
10/14/2019	5.1	5.2	5.02	5.06	60339000
10/11/2019	4.88	5	4.85	4.95	11353000
10/10/2019	4.83	4.9	4.83	4.88	7290000
10/9/2019	4.9	4.95	4.76	4.83	6077000
10/8/2019	4.88	5.03	4.87	4.94	12371000
10/7/2019	4.91	4.91	4.78	4.88	18272000
10/4/2019	4.72	4.91	4.7	4.91	15116000
10/3/2019	4.84	4.87	4.68	4.72	18229000
10/2/2019	4.94	4.94	4.79	4.83	8754000
10/1/2019	4.99	4.99	4.88	4.92	11238000
9/30/2019	4.89	5.1	4.82	4.98	29044000
9/27/2019	4.95	5	4.82	4.89	12158000
9/26/2019	4.91	5	4.89	4.94	7100000
9/25/2019	4.98	5	4.8	4.92	18339400
9/24/2019	4.99	5.01	4.93	5	8230000
9/23/2019	5	5.02	4.91	4.99	10189700
9/20/2019	5.07	5.09	5	5.01	36678199
9/19/2019	5.06	5.12	5.06	5.07	14089700
9/18/2019	5.04	5.12	4.99	5.06	14007400
9/17/2019	5.09	5.09	5.02	5.05	9646600
9/16/2019	5.13	5.15	5.05	5.11	12175600
9/13/2019	5.2	5.22	5.13	5.14	25764600
9/12/2019	5.11	5.22	5.1	5.15	17255500
9/11/2019	5.1	5.16	5.1	5.1	16823500
9/10/2019	5.15	5.16	5.05	5.11	13307500
9/9/2019	5.2	5.21	5.11	5.16	14797900
9/6/2019	5.26	5.28	5.15	5.2	28161301
9/5/2019	5.12	5.28	5.12	5.23	109882000
9/4/2019	4.91	4.99	4.85	4.99	16576000
9/3/2019	4.98	4.99	4.87	4.9	6113000
9/2/2019	4.95	5.02	4.92	4.98	16431000
8/30/2019	4.89	5	4.87	4.95	44553000
8/29/2019	4.85	4.87	4.77	4.83	25579000
8/28/2019	4.9	4.92	4.83	4.84	36954000
8/27/2019	4.98	4.99	4.8	4.87	43717000
8/23/2019	5.05	5.07	4.9	4.98	24356801
8/22/2019	5	5.24	4.99	5.05	48730898
8/20/2019	5.09	5.09	4.96	5	46476602
8/19/2019	4.8	5.14	4.78	5.1	103207000
8/16/2019	4.64	4.8	4.57	4.8	39006000
8/15/2019	4.47	4.65	4.37	4.63	22889000
8/14/2019	4.6	4.69	4.5	4.5	13427000
8/13/2019	4.64	4.64	4.47	4.6	19168000
8/9/2019	4.73	4.75	4.61	4.61	9504000
8/8/2019	4.6	4.79	4.6	4.76	14282000
8/7/2019	4.58	4.65	4.53	4.64	13142000
8/6/2019	4.58	4.64	4.47	4.6	32549000
8/5/2019	4.8	4.8	4.59	4.6	35212000
8/2/2019	4.78	4.8	4.71	4.8	19608000
8/1/2019	4.8	4.81	4.72	4.78	15169000
7/31/2019	4.82	4.83	4.78	4.8	13944000
7/30/2019	4.79	4.86	4.78	4.81	26771000
7/29/2019	4.75	4.8	4.7	4.78	15537000
7/26/2019	4.79	4.8	4.72	4.75	13368000
7/25/2019	4.79	4.8	4.71	4.8	16996000
7/24/2019	4.77	4.8	4.77	4.79	10486000
7/23/2019	4.79	4.8	4.75	4.8	12312000
7/22/2019	4.72	4.79	4.71	4.79	7750000
7/19/2019	4.77	4.79	4.71	4.79	24044000
7/18/2019	4.75	4.76	4.72	4.75	10601000
7/17/2019	4.7	4.76	4.7	4.74	11256000
7/16/2019	4.81	4.82	4.67	4.67	40657000
7/15/2019	4.79	4.83	4.77	4.8	17509000
7/12/2019	4.82	4.86	4.78	4.78	41149000
7/11/2019	4.8	4.83	4.79	4.8	16183000
7/10/2019	4.77	4.82	4.75	4.8	25685000
7/9/2019	4.78	4.78	4.72	4.78	24348000
7/8/2019	4.78	4.79	4.74	4.78	18382000
7/5/2019	4.8	4.82	4.74	4.78	14644000
7/4/2019	4.87	4.87	4.8	4.8	17697000
7/3/2019	4.86	4.88	4.85	4.87	19052000
7/2/2019	4.86	4.86	4.82	4.85	16003000
7/1/2019	4.8	4.87	4.8	4.84	17133000
6/28/2019	4.82	4.82	4.77	4.8	29890000
6/27/2019	4.83	4.83	4.77	4.81	15722000
6/26/2019	4.84	4.84	4.78	4.83	12399000
6/25/2019	4.88	4.89	4.8	4.84	31480000
6/24/2019	4.78	4.88	4.78	4.86	45499000
6/21/2019	4.78	4.87	4.76	4.77	93371000
6/20/2019	4.59	4.77	4.56	4.72	37685000
6/19/2019	4.59	4.59	4.52	4.58	6462000
6/18/2019	4.6	4.6	4.54	4.56	14992000
6/17/2019	4.63	4.64	4.58	4.58	10668000
6/14/2019	4.67	4.67	4.55	4.58	13009000
6/13/2019	4.65	4.69	4.6	4.65	18703000
6/11/2019	4.56	4.69	4.56	4.64	26605000
6/10/2019	4.49	4.56	4.47	4.56	31184000
6/7/2019	4.43	4.46	4.37	4.45	13261000
6/6/2019	4.49	4.55	4.36	4.43	33470000
6/4/2019	4.6	4.6	4.47	4.48	25267000
6/3/2019	4.48	4.58	4.4	4.55	42095000
5/31/2019	4.44	4.5	4.35	4.5	23475000
5/30/2019	4.34	4.48	4.34	4.44	20216000
5/29/2019	4.33	4.43	4.31	4.33	15908000
5/28/2019	4.3	4.41	4.27	4.32	96675000
5/27/2019	4.32	4.33	4.28	4.3	5180000
5/24/2019	4.36	4.37	4.3	4.32	9265000
5/23/2019	4.44	4.44	4.33	4.36	14737000
5/22/2019	4.36	4.49	4.3	4.44	28965000
5/21/2019	4.34	4.38	4.32	4.34	18631000
5/20/2019	4.25	4.33	4.25	4.33	9243000
5/17/2019	4.21	4.3	4.21	4.25	24343000
5/16/2019	4.2	4.21	4.19	4.2	65488000
5/15/2019	4.2	4.25	4.2	4.2	10549000
5/14/2019	4.26	4.27	4.11	4.17	28419000
5/10/2019	4.23	4.3	4.23	4.29	9973000
5/9/2019	4.26	4.28	4.2	4.2	38118000
5/8/2019	4.29	4.32	4.22	4.23	28381000
5/7/2019	4.32	4.39	4.28	4.29	15341000
5/6/2019	4.4	4.43	4.22	4.25	43601000
5/3/2019	4.43	4.51	4.35	4.35	37814000
5/2/2019	4.59	4.59	4.35	4.39	31883000
4/30/2019	4.57	4.57	4.5	4.57	15898000
4/29/2019	4.57	4.57	4.5	4.57	27132000
4/26/2019	4.46	4.57	4.44	4.57	13938000
4/25/2019	4.4	4.47	4.4	4.44	23351000
4/24/2019	4.44	4.47	4.33	4.4	55146000
4/23/2019	4.49	4.49	4.41	4.41	28913000
4/22/2019	4.52	4.54	4.43	4.46	15702000
4/17/2019	4.47	4.5	4.43	4.48	33651000
4/16/2019	4.56	4.58	4.43	4.45	71717000
4/15/2019	4.62	4.66	4.55	4.55	19162000
4/12/2019	4.69	4.7	4.6	4.6	16220000
4/11/2019	4.7	4.71	4.66	4.69	15424000
4/10/2019	4.74	4.75	4.67	4.7	13794000
4/8/2019	4.6	4.74	4.6	4.7	23464000
4/5/2019	4.56	4.65	4.56	4.58	33586000
4/4/2019	4.67	4.71	4.54	4.55	45158000
4/3/2019	4.72	4.74	4.64	4.67	26008000
4/2/2019	4.73	4.79	4.69	4.71	17874000
4/1/2019	4.85	4.85	4.7	4.71	29455000
3/29/2019	4.79	4.86	4.77	4.85	30553000
3/28/2019	4.74	4.8	4.71	4.79	26995000
3/27/2019	4.83	4.83	4.71	4.72	25867000
3/26/2019	4.84	4.86	4.79	4.84	13087000
3/25/2019	4.91	4.91	4.73	4.85	21668000
3/22/2019	4.87	4.96	4.86	4.92	35504000
3/21/2019	4.87	4.94	4.85	4.86	20339000
3/20/2019	4.9	4.91	4.85	4.86	12348000
3/19/2019	4.91	4.96	4.91	4.92	10790000
3/18/2019	4.94	4.95	4.86	4.9	18302000
3/15/2019	4.9	4.94	4.85	4.94	99172000
3/14/2019	4.94	4.94	4.9	4.9	19121000
3/13/2019	4.94	4.97	4.89	4.94	9304000
3/12/2019	4.87	4.95	4.87	4.94	10778000
3/11/2019	4.92	4.97	4.85	4.85	11838000
3/8/2019	4.97	4.97	4.91	4.92	14307000
3/7/2019	4.98	5.08	4.96	4.98	45908000
3/6/2019	4.76	5.04	4.76	4.96	92588000
3/5/2019	4.6	4.69	4.6	4.69	14730000
3/4/2019	4.57	4.63	4.55	4.57	11944000
3/1/2019	4.76	4.8	4.55	4.57	40047000
2/28/2019	4.87	4.87	4.7	4.7	38149000
2/27/2019	4.89	4.89	4.85	4.87	4801000
2/26/2019	4.83	4.9	4.83	4.89	14074000
2/22/2019	4.77	4.83	4.75	4.78	5308000
2/21/2019	4.8	4.84	4.76	4.76	16850000
2/20/2019	4.75	4.81	4.72	4.76	13683000
2/19/2019	4.84	4.86	4.7	4.7	13194000
2/18/2019	4.8	4.9	4.8	4.83	3497000
2/15/2019	4.9	4.91	4.79	4.79	8137000
2/14/2019	4.87	4.91	4.83	4.9	25725000
2/13/2019	4.89	4.91	4.84	4.85	18120000
2/12/2019	4.95	4.96	4.88	4.88	21842000
2/11/2019	4.95	4.96	4.91	4.93	10199000
2/8/2019	4.94	4.96	4.91	4.91	11335000
2/7/2019	4.96	4.98	4.93	4.94	10161000
2/6/2019	4.94	4.97	4.92	4.95	16550000
2/4/2019	4.89	4.93	4.85	4.89	9349000
2/1/2019	4.87	4.95	4.85	4.86	14866000
1/31/2019	4.94	4.99	4.86	4.86	25155000
1/30/2019	4.95	4.95	4.85	4.93	18184000
1/29/2019	4.91	4.95	4.91	4.94	34864000
1/28/2019	4.98	5.06	4.87	4.9	32152000
1/25/2019	5.01	5.02	4.93	4.95	11079000
1/24/2019	4.87	4.99	4.86	4.99	16703000
1/23/2019	4.9	4.92	4.83	4.86	18387000
1/22/2019	4.96	5	4.86	4.93	24365000
1/21/2019	5.04	5.18	4.94	4.96	25503301
1/18/2019	4.99	5.05	4.98	5.01	23730000
1/17/2019	5.08	5.12	4.9	4.97	28923100
1/16/2019	5.08	5.15	5.01	5.08	19601801
1/15/2019	5.03	5.08	4.99	5.08	47066398
1/14/2019	4.99	5.02	4.99	5.02	29380000
1/11/2019	4.9	5	4.87	4.96	31638000
1/10/2019	4.78	4.96	4.77	4.92	29362000
1/9/2019	4.7	4.76	4.69	4.74	21376000
1/8/2019	4.79	4.81	4.62	4.63	29741000
1/7/2019	4.87	4.92	4.75	4.75	22156000
1/4/2019	4.75	4.91	4.71	4.85	36750000
1/3/2019	4.61	4.75	4.61	4.75	34839000
1/2/2019	4.65	4.71	4.61	4.61	12937000
12/28/2018	4.7	4.76	4.64	4.64	13847000
12/27/2018	4.63	4.72	4.6	4.68	11723000
12/26/2018	4.6	4.63	4.56	4.6	8011000
12/21/2018	4.6	4.64	4.6	4.62	21140000
12/20/2018	4.62	4.7	4.6	4.6	18144000
12/19/2018	4.65	4.65	4.6	4.61	16815000
12/18/2018	4.7	4.74	4.52	4.56	22620000
12/17/2018	4.76	4.78	4.7	4.7	12952000
12/14/2018	4.72	4.8	4.7	4.77	26170000
12/13/2018	4.8	4.84	4.69	4.69	25693000
12/12/2018	4.79	4.83	4.73	4.77	17298000
12/11/2018	4.76	4.78	4.68	4.77	23348000
12/10/2018	4.77	4.77	4.71	4.77	7752000
12/7/2018	4.78	4.8	4.75	4.77	22402000
12/6/2018	4.87	4.87	4.77	4.82	37272000
12/5/2018	4.86	4.89	4.77	4.87	64487000
12/4/2018	4.91	5.05	4.9	4.94	53016000
12/3/2018	4.75	4.9	4.74	4.9	70298000
11/29/2018	4.62	4.72	4.61	4.7	71194000
11/28/2018	4.61	4.64	4.56	4.6	38352000
11/27/2018	4.66	4.68	4.59	4.6	28488000
11/26/2018	4.73	4.73	4.65	4.65	18074000
11/23/2018	4.61	4.72	4.61	4.69	16461000
11/22/2018	4.61	4.62	4.58	4.61	14648000
11/21/2018	4.65	4.66	4.52	4.61	30747000
11/20/2018	4.65	4.71	4.57	4.62	31760000
11/19/2018	4.55	4.68	4.5	4.65	63628000
11/16/2018	4.55	4.57	4.49	4.5	41512000
11/15/2018	4.4	4.53	4.37	4.49	21773000
11/14/2018	4.4	4.44	4.35	4.36	20088000
11/13/2018	4.54	4.54	4.33	4.33	53154000
11/12/2018	4.69	4.69	4.54	4.55	28542000
11/9/2018	4.72	4.75	4.63	4.75	14590000
11/8/2018	4.8	4.8	4.68	4.72	25473000
11/7/2018	4.9	4.9	4.77	4.86	17571000
11/6/2018	4.95	5.03	4.81	4.9	14551000
11/5/2018	4.88	4.98	4.86	4.9	40584000
10/31/2018	4.8	4.84	4.74	4.8	48220000
10/30/2018	4.85	4.85	4.78	4.8	4704000
10/29/2018	4.79	4.8	4.77	4.8	13281000
10/26/2018	4.74	4.8	4.72	4.77	17944000
10/25/2018	4.8	4.8	4.65	4.77	27380000
10/24/2018	4.93	4.94	4.81	4.81	23046000
10/23/2018	5.05	5.05	4.92	4.95	5454000
10/22/2018	4.92	5.06	4.92	5.05	15157000
10/19/2018	4.98	4.98	4.88	4.95	11221800
10/18/2018	4.98	5.02	4.92	5.02	5676000
10/17/2018	4.87	5.02	4.87	4.98	21849000
10/16/2018	4.87	4.89	4.82	4.84	9944000
10/15/2018	4.95	5.05	4.82	4.82	16029000
10/12/2018	4.95	4.98	4.9	4.94	14153000
10/11/2018	4.96	4.98	4.88	4.97	24219199
10/10/2018	5.1	5.11	4.91	5.06	16247000
10/9/2018	4.95	5.03	4.86	5	11407000
10/8/2018	4.84	5.02	4.78	4.95	12677000
10/5/2018	4.85	4.91	4.76	4.76	7094000
10/4/2018	4.82	4.86	4.75	4.85	11396000
10/3/2018	4.7	4.83	4.69	4.8	20412000
10/2/2018	4.74	4.74	4.56	4.69	19715000
10/1/2018	4.75	4.76	4.65	4.73	15196000
9/28/2018	4.8	4.9	4.75	4.75	28175000
9/27/2018	4.69	4.8	4.61	4.78	32536000
9/26/2018	4.95	4.97	4.62	4.65	81426000
9/25/2018	4.95	4.95	4.87	4.92	13688000
9/24/2018	4.93	5.03	4.9	4.9	10130000
9/21/2018	4.98	5.08	4.92	4.92	45270801
9/20/2018	5	5.06	4.92	5	36341301
9/19/2018	5.18	5.2	4.86	5	31007500
9/18/2018	5.29	5.33	5.13	5.18	19248801
9/17/2018	5.28	5.3	5.24	5.29	18787000
9/14/2018	5.23	5.3	5.16	5.28	20290000
9/13/2018	5.11	5.23	5.1	5.23	13336200
9/12/2018	5.13	5.24	5.1	5.1	19409801
9/11/2018	5.35	5.35	5.11	5.15	17322900
9/10/2018	5.3	5.35	5.11	5.35	13627300
9/7/2018	5.1	5.28	5.05	5.27	23682500
9/6/2018	5.3	5.32	5.05	5.05	29998801
9/5/2018	5.5	5.52	5.25	5.33	34139102
9/4/2018	5.44	5.56	5.44	5.54	26416900
9/3/2018	5.45	5.47	5.36	5.45	18890900
8/31/2018	5.48	5.49	5.32	5.45	53644500
8/30/2018	5.26	5.5	5.26	5.5	67002203
8/29/2018	5.05	5.33	5.02	5.22	78105203
8/28/2018	5.1	5.13	5.02	5.06	23746500
8/24/2018	5.05	5.06	4.94	5.02	12675900
8/23/2018	4.95	5.1	4.91	5.1	20957000
8/22/2018	4.82	4.88	4.81	4.84	14011000
8/20/2018	4.93	4.93	4.82	4.82	8117000
8/17/2018	4.85	4.93	4.84	4.89	11636000
8/16/2018	4.73	4.84	4.7	4.82	21484000
8/15/2018	4.78	4.86	4.71	4.73	8564000
8/14/2018	4.88	4.88	4.78	4.78	14397000
8/13/2018	4.98	4.98	4.8	4.89	17912000
8/10/2018	5	5.03	4.96	4.98	19595000
8/9/2018	5.08	5.13	4.9	4.99	23158400
8/8/2018	5.01	5.1	5.01	5.08	17406900
8/7/2018	5.13	5.15	5.01	5.01	16068500
8/6/2018	5.03	5.12	5	5.12	27681199
8/3/2018	5.08	5.1	5	5.03	40514102
8/2/2018	4.86	5.04	4.85	5	40716000
8/1/2018	4.71	4.87	4.61	4.85	45968000
7/31/2018	4.71	4.79	4.69	4.71	67445000
7/30/2018	4.59	4.69	4.59	4.69	38048000
7/27/2018	4.59	4.62	4.46	4.54	62981000
7/26/2018	4.75	4.79	4.59	4.59	50441000
7/25/2018	4.58	4.81	4.55	4.7	42025000
7/24/2018	4.44	4.56	4.44	4.51	21783000
7/23/2018	4.35	4.46	4.32	4.43	19820000
7/20/2018	4.48	4.48	4.29	4.3	49562000
7/19/2018	4.6	4.63	4.42	4.44	30792000
7/18/2018	4.55	4.64	4.55	4.6	20391000
7/17/2018	4.43	4.54	4.43	4.52	13108000
7/16/2018	4.57	4.57	4.43	4.43	15923000
7/13/2018	4.55	4.61	4.53	4.57	13664000
7/12/2018	4.65	4.66	4.5	4.5	36236000
7/11/2018	4.64	4.71	4.63	4.66	21714000
7/10/2018	4.68	4.68	4.64	4.64	17972000
7/9/2018	4.67	4.67	4.63	4.64	24057000
7/6/2018	4.65	4.66	4.61	4.63	12099000
7/5/2018	4.68	4.69	4.61	4.63	29793000
7/4/2018	4.64	4.69	4.57	4.68	24201000
7/3/2018	4.62	4.72	4.61	4.67	9299000
7/2/2018	4.64	4.64	4.59	4.62	25119000
6/29/2018	4.59	4.64	4.54	4.6	26756000
6/28/2018	4.64	4.65	4.5	4.5	11991000
6/27/2018	4.54	4.68	4.5	4.64	19827000
6/26/2018	4.61	4.63	4.43	4.5	17636000
6/25/2018	4.72	4.72	4.52	4.56	34091000
6/22/2018	4.65	4.72	4.55	4.59	55405000
6/21/2018	4.74	4.75	4.62	4.62	24820000
6/20/2018	4.76	4.8	4.71	4.74	29523000
6/19/2018	4.75	4.8	4.6	4.65	25107000
6/18/2018	4.9	4.9	4.76	4.82	27355000
6/14/2018	4.9	5.09	4.83	4.99	65181000
6/13/2018	5.05	5.05	4.86	4.97	24712600
6/11/2018	5.06	5.16	5.02	5.05	21158400
6/8/2018	5.16	5.16	5.01	5.01	13295200
6/7/2018	5.13	5.23	5.05	5.16	28150199
6/6/2018	5.1	5.12	4.99	5.11	14538500
6/5/2018	5.05	5.15	5.05	5.1	34232398
6/4/2018	4.84	5.03	4.84	5.03	20887000
6/1/2018	4.66	4.84	4.66	4.79	40480000
5/31/2018	4.6	4.77	4.6	4.65	80883000
5/30/2018	4.7	4.73	4.53	4.57	29448000
5/29/2018	4.74	4.78	4.72	4.72	33103000
5/28/2018	4.82	4.82	4.71	4.74	20919000
5/25/2018	4.84	4.86	4.76	4.77	22173000
5/24/2018	4.8	4.89	4.76	4.84	18770000
5/23/2018	4.75	4.84	4.73	4.75	29863000
5/22/2018	4.86	4.89	4.7	4.75	29712000
5/21/2018	4.96	5.05	4.85	4.85	23063000
5/18/2018	5.1	5.12	4.85	4.9	28440301
5/17/2018	5.26	5.26	5.1	5.1	37730000
5/16/2018	5.35	5.37	5.12	5.29	55344898
5/15/2018	5.44	5.49	5.29	5.4	25074600
5/11/2018	5.41	5.45	5.26	5.41	29202500
5/10/2018	5.39	5.41	5.34	5.38	35319898
5/9/2018	5.23	5.54	5.2	5.4	35143602
5/8/2018	5.2	5.25	5.19	5.21	19854500
5/7/2018	5.12	5.18	5.12	5.17	16871301
5/4/2018	5.01	5.12	4.98	5.1	19211000
5/3/2018	5.2	5.2	4.98	4.98	43306102
5/2/2018	5.17	5.29	5.12	5.2	25645900
4/30/2018	4.9	5.16	4.85	5.1	59242000
4/27/2018	4.59	4.92	4.58	4.82	59384000
4/26/2018	4.54	4.57	4.46	4.57	25992000
4/25/2018	4.39	4.58	4.38	4.44	30316000
4/24/2018	4.46	4.48	4.31	4.42	33085000
4/23/2018	4.66	4.68	4.2	4.48	39668000
4/20/2018	4.7	4.76	4.6	4.64	28656000
4/19/2018	4.62	4.76	4.52	4.61	117019000
4/18/2018	4.65	4.77	4.64	4.64	46243000
4/17/2018	4.78	4.78	4.6	4.61	30420000
4/16/2018	5	5	4.73	4.73	33161000
4/13/2018	5.17	5.21	4.93	4.93	63431699
4/12/2018	5.18	5.25	5.12	5.15	19615500
4/11/2018	5.14	5.25	5.14	5.18	18072600
4/10/2018	5.28	5.28	5.13	5.14	30053801
4/6/2018	5.29	5.36	5.2	5.2	14118900
4/5/2018	5.36	5.36	5.22	5.27	16739600
4/4/2018	5.38	5.41	5.33	5.33	21121600
4/3/2018	5.31	5.38	5.31	5.35	58676602
4/2/2018	5.27	5.4	5.27	5.35	14993200
3/28/2018	5.3	5.3	5.22	5.24	26304801
3/27/2018	5.2	5.33	5.2	5.24	19205500
3/26/2018	5.24	5.24	5.14	5.17	11838100
3/23/2018	5.18	5.23	5.08	5.2	28277699
3/22/2018	5.31	5.47	5.23	5.25	34671199
3/21/2018	5.56	5.56	5.18	5.27	42786301
3/20/2018	5.54	5.6	5.45	5.49	44042801
3/19/2018	5.6	5.61	5.53	5.55	33077602
3/16/2018	5.58	5.62	5.54	5.6	36626801
3/15/2018	5.58	5.59	5.52	5.59	16943900
3/14/2018	5.55	5.6	5.5	5.6	20707500
3/13/2018	5.51	5.59	5.5	5.53	25932400
3/12/2018	5.8	5.85	5.47	5.47	49769199
3/9/2018	5.9	5.95	5.75	5.75	24339100
3/8/2018	5.75	5.91	5.75	5.79	38876000
3/7/2018	5.79	5.79	5.72	5.75	15435500
3/6/2018	5.73	5.8	5.68	5.7	38308801
3/5/2018	5.75	5.76	5.67	5.73	7637000
3/2/2018	5.63	5.75	5.58	5.75	10153500
3/1/2018	5.6	5.69	5.56	5.63	16887500
2/28/2018	5.74	5.74	5.57	5.63	43345699
2/27/2018	5.7	5.72	5.64	5.72	50423301
2/26/2018	5.76	5.76	5.64	5.7	15059100
2/23/2018	5.66	5.78	5.64	5.75	25489500
2/22/2018	5.87	5.87	5.63	5.63	48798801
2/21/2018	5.9	5.9	5.82	5.85	50303898
2/20/2018	6.05	6.07	5.79	5.85	61556699
2/19/2018	5.88	6.06	5.86	6.05	33026898
2/15/2018	5.75	5.85	5.36	5.85	101906797
2/14/2018	6.15	6.15	5.55	5.6	79031000
2/13/2018	6.18	6.22	6.11	6.13	33068102
2/12/2018	6.21	6.26	6.15	6.18	16703000
2/9/2018	6.21	6.25	6.12	6.19	16169100
2/8/2018	6.37	6.4	6.28	6.4	10735400
2/7/2018	6.35	6.38	6.27	6.35	16313000
2/6/2018	6.1	6.3	6	6.3	23748801
2/5/2018	6.4	6.4	6.12	6.13	36745000
2/2/2018	6.5	6.59	6.42	6.46	24740801
2/1/2018	6.5	6.64	6.49	6.5	11502400
1/31/2018	6.5	6.52	6.41	6.46	25079801
1/30/2018	6.64	6.64	6.5	6.5	26143801
1/29/2018	6.69	6.72	6.64	6.65	13903300
1/26/2018	6.68	6.69	6.66	6.69	5438100
1/25/2018	6.65	6.7	6.65	6.7	14224500
1/24/2018	6.8	6.8	6.64	6.65	10428500
1/23/2018	6.8	6.81	6.71	6.81	17668600
1/22/2018	6.8	6.83	6.77	6.79	11844400
1/19/2018	6.8	6.8	6.72	6.8	9234600
1/18/2018	6.74	6.8	6.72	6.8	17982801
1/17/2018	6.68	6.8	6.66	6.73	25475199
1/16/2018	6.56	6.72	6.56	6.63	20405100
1/15/2018	6.61	6.69	6.55	6.55	15533500
1/12/2018	6.62	6.7	6.55	6.55	12886000
1/11/2018	6.83	6.83	6.56	6.61	26581199
1/10/2018	6.7	6.83	6.68	6.83	11753200
1/9/2018	6.74	6.85	6.67	6.67	22122000
1/8/2018	6.71	6.72	6.66	6.7	12646400
1/5/2018	6.78	6.78	6.66	6.66	30101301
1/4/2018	6.78	6.85	6.62	6.78	24553699
1/3/2018	6.88	6.91	6.77	6.78	21978400
12/29/2017	6.82	6.85	6.78	6.85	22003699
12/28/2017	6.77	6.82	6.76	6.8	12399100
12/27/2017	6.73	6.79	6.73	6.76	11074300
12/22/2017	6.75	6.75	6.65	6.73	10229800
12/21/2017	6.7	6.75	6.58	6.75	37523199
12/20/2017	6.7	6.74	6.62	6.71	14360700
12/19/2017	6.65	6.71	6.65	6.71	16569900
12/18/2017	6.54	6.65	6.53	6.62	9841200
12/15/2017	6.7	6.72	6.49	6.53	60404500
12/14/2017	6.55	6.7	6.47	6.7	24628000
12/13/2017	6.56	6.56	6.43	6.5	9828200
12/12/2017	6.56	6.58	6.48	6.51	20624600
12/11/2017	6.45	6.57	6.45	6.55	18248301
12/8/2017	6.35	6.41	6.31	6.4	26569199
12/7/2017	6.45	6.48	6.31	6.34	22140100
12/6/2017	6.6	6.6	6.43	6.43	19213900
12/5/2017	6.49	6.58	6.46	6.58	8669700
12/4/2017	6.5	6.56	6.42	6.45	6910300
12/1/2017	6.6	6.69	6.43	6.5	19429900
11/29/2017	6.49	6.7	6.49	6.7	28312500
11/28/2017	6.68	6.68	6.47	6.48	18033500
11/27/2017	6.62	6.69	6.59	6.69	8265100
11/24/2017	6.67	6.67	6.6	6.61	28617400
11/23/2017	6.65	6.69	6.62	6.67	9799400
11/22/2017	6.65	6.73	6.65	6.66	19131699
11/21/2017	6.73	6.73	6.62	6.65	13716300
11/20/2017	6.69	6.72	6.61	6.7	14109500
11/17/2017	6.6	6.7	6.56	6.69	12711100
11/16/2017	6.7	6.76	6.53	6.57	35861699
11/15/2017	6.76	6.79	6.72	6.75	58313301
11/14/2017	6.72	6.78	6.72	6.74	21425699
11/13/2017	6.76	6.8	6.71	6.73	23484699
11/10/2017	6.85	6.85	6.74	6.76	29961400
11/9/2017	6.9	6.94	6.84	6.85	25873100
11/8/2017	6.8	6.9	6.77	6.9	29959900
11/7/2017	6.83	6.88	6.7	6.75	16148600
11/6/2017	6.77	6.85	6.77	6.8	29317100
11/3/2017	6.92	6.93	6.73	6.74	18616900
11/2/2017	6.73	6.92	6.71	6.92	12829700
10/30/2017	6.75	6.85	6.75	6.8	10279300
10/27/2017	6.67	6.74	6.64	6.7	19037199
10/26/2017	6.89	6.89	6.63	6.64	28874500
10/25/2017	6.83	6.89	6.75	6.89	12162600
10/24/2017	6.81	6.9	6.81	6.83	15032600
10/23/2017	6.9	6.9	6.8	6.81	17993500
10/20/2017	6.9	6.9	6.85	6.89	3143300
10/19/2017	6.84	6.9	6.77	6.9	6917100
10/18/2017	6.92	6.92	6.75	6.81	15570800
10/17/2017	6.9	6.94	6.87	6.88	24602801
10/13/2017	6.76	6.87	6.74	6.85	30876500
10/12/2017	6.78	6.85	6.73	6.76	34092801
10/11/2017	6.88	6.94	6.78	6.8	19707301
10/10/2017	6.88	6.9	6.87	6.88	15646300
10/9/2017	6.9	6.94	6.86	6.88	6166200
10/6/2017	6.91	7.04	6.88	6.88	27604900
10/5/2017	6.86	6.91	6.85	6.9	15476500
10/4/2017	6.85	6.94	6.83	6.87	15507800
10/3/2017	6.82	6.89	6.81	6.81	20637000
10/2/2017	6.72	6.84	6.72	6.79	12090100
9/29/2017	6.56	6.74	6.56	6.7	30862900
9/28/2017	6.77	6.8	6.55	6.55	36537801
9/27/2017	6.87	6.9	6.71	6.77	27715100
9/26/2017	6.94	6.94	6.77	6.87	21149400
9/25/2017	6.94	6.98	6.89	6.95	7785900
9/22/2017	6.96	7.01	6.92	6.94	9609500
9/21/2017	6.99	7.08	6.96	6.96	48783000
9/20/2017	6.88	6.95	6.88	6.95	19379699
9/19/2017	6.94	7.02	6.84	6.88	26659801
9/18/2017	6.79	6.94	6.78	6.92	19480600
9/15/2017	6.78	6.85	6.71	6.79	33145602
9/14/2017	6.81	6.87	6.77	6.77	46522500
9/13/2017	6.83	6.94	6.75	6.79	46653398
9/11/2017	6.78	6.84	6.78	6.8	20923400
9/8/2017	6.69	6.8	6.68	6.76	39060898
9/7/2017	6.65	6.69	6.56	6.67	23051500
9/6/2017	6.55	6.63	6.55	6.63	33411301
9/5/2017	6.54	6.55	6.5	6.53	17751801
9/4/2017	6.4	6.5	6.39	6.5	21046699
8/31/2017	6.45	6.5	6.35	6.35	15745300
8/30/2017	6.5	6.59	6.39	6.45	21128500
8/29/2017	6.6	6.65	6.49	6.55	12970700
8/25/2017	6.51	6.6	6.5	6.6	11887600
8/24/2017	6.6	6.64	6.5	6.5	15532300
8/23/2017	6.72	6.73	6.61	6.62	18836301
8/22/2017	6.71	6.73	6.65	6.7	16921100
8/18/2017	6.7	6.74	6.62	6.7	11464600
8/17/2017	6.7	6.78	6.6	6.7	22263600
8/16/2017	6.64	6.67	6.51	6.62	19804801
8/15/2017	6.6	6.64	6.55	6.58	10660800
8/14/2017	6.59	6.6	6.49	6.54	8010600
8/11/2017	6.65	6.65	6.45	6.59	14785100
8/10/2017	6.74	6.74	6.54	6.65	10283400
8/9/2017	6.8	6.8	6.69	6.74	14421100
8/8/2017	6.8	6.8	6.73	6.75	12368000
8/7/2017	6.75	6.8	6.73	6.75	11213600
8/4/2017	6.68	6.75	6.62	6.69	6432000
8/3/2017	6.69	6.7	6.62	6.68	10230900
8/2/2017	6.66	6.77	6.66	6.66	12003900
8/1/2017	6.77	6.79	6.65	6.66	8970400
7/31/2017	6.81	6.87	6.69	6.79	26044801
7/28/2017	6.86	6.87	6.8	6.81	14695000
7/27/2017	6.92	6.93	6.8	6.8	30297500
7/26/2017	6.9	6.92	6.88	6.88	40653602
7/25/2017	6.81	6.98	6.78	6.84	39709301
7/24/2017	6.66	6.75	6.66	6.7	5191300
7/21/2017	6.68	6.75	6.62	6.65	25815400
7/20/2017	6.84	6.9	6.67	6.67	26385000
7/19/2017	6.96	6.98	6.83	6.85	39294199
7/18/2017	6.72	6.95	6.72	6.95	62275602
7/17/2017	6.7	6.77	6.65	6.71	15190300
7/14/2017	6.7	6.73	6.66	6.7	19327699
7/13/2017	6.73	6.79	6.68	6.7	38631602
7/12/2017	6.62	6.8	6.61	6.7	58923500
7/11/2017	6.7	6.7	6.62	6.62	18903400
7/10/2017	6.71	6.73	6.62	6.7	18682900
7/7/2017	6.69	6.8	6.64	6.7	52562801
7/6/2017	6.43	6.69	6.42	6.69	46767000
7/5/2017	6.41	6.43	6.4	6.43	11380400
7/4/2017	6.45	6.45	6.37	6.39	9045800
7/3/2017	6.41	6.45	6.37	6.45	10451400
6/30/2017	6.33	6.42	6.28	6.39	48386199
6/29/2017	6.41	6.43	6.26	6.37	30511100
6/28/2017	6.31	6.44	6.28	6.38	27002199
6/27/2017	6.22	6.33	6.22	6.31	14591100
6/23/2017	6.18	6.21	6.18	6.2	10345800
6/22/2017	6.24	6.26	6.12	6.15	17073199
6/21/2017	6.16	6.25	6.15	6.2	13052500
6/20/2017	6.2	6.26	6.15	6.15	10896200
6/19/2017	6.21	6.27	6.18	6.19	12212200
6/16/2017	6.34	6.36	6.2	6.2	52403500
6/15/2017	6.34	6.37	6.24	6.24	19750199
6/14/2017	6.28	6.34	6.22	6.25	21586000
6/13/2017	6.19	6.32	6.19	6.27	24980100
6/9/2017	6.21	6.26	6.15	6.19	35099199
6/8/2017	6.17	6.24	6.13	6.18	45339000
6/7/2017	6.24	6.29	6.07	6.15	65400801
6/6/2017	6.42	6.42	6.21	6.21	28582600
6/5/2017	6.43	6.47	6.36	6.36	18476000
6/2/2017	6.42	6.48	6.37	6.37	26490500
6/1/2017	6.27	6.44	6.25	6.42	46493699
5/31/2017	6.35	6.36	6.21	6.27	60338102
5/30/2017	6.44	6.44	6.34	6.35	21541199
5/29/2017	6.5	6.5	6.44	6.44	11235900
5/26/2017	6.5	6.58	6.47	6.49	12290900
5/25/2017	6.53	6.54	6.49	6.5	26227199
5/24/2017	6.55	6.59	6.48	6.53	20244000
5/23/2017	6.61	6.63	6.56	6.57	23136000
5/22/2017	6.6	6.7	6.58	6.59	17837100
5/19/2017	6.48	6.7	6.48	6.6	17159301
5/18/2017	6.67	6.67	6.44	6.52	25879400
5/17/2017	6.7	6.74	6.63	6.68	21106301
5/16/2017	6.69	6.75	6.64	6.67	30437100
5/15/2017	6.59	6.65	6.5	6.65	11922300
5/12/2017	6.57	6.6	6.37	6.6	26417000
5/11/2017	6.59	6.68	6.53	6.57	15467200
5/10/2017	6.69	6.7	6.58	6.58	35138801
5/9/2017	6.7	6.72	6.66	6.69	19983400
5/8/2017	6.68	6.75	6.68	6.7	30907301
5/5/2017	6.62	6.73	6.6	6.65	38716398
5/4/2017	6.6	6.65	6.59	6.6	24088100
5/3/2017	6.65	6.69	6.59	6.6	15424000
5/2/2017	6.6	6.67	6.55	6.65	32858199
4/27/2017	6.66	6.7	6.58	6.58	27475900
4/26/2017	6.61	6.69	6.57	6.68	8665500
4/25/2017	6.56	6.73	6.54	6.57	32629301
4/24/2017	6.51	6.58	6.51	6.54	27819801
4/21/2017	6.5	6.55	6.5	6.51	19066900
4/20/2017	6.54	6.54	6.47	6.5	18489301
4/19/2017	6.49	6.57	6.4	6.54	15867200
4/18/2017	6.4	6.49	6.37	6.49	11126600
4/17/2017	6.48	6.48	6.33	6.38	14614800
4/12/2017	6.47	6.51	6.44	6.48	19481301
4/11/2017	6.43	6.51	6.43	6.46	20407000
4/10/2017	6.56	6.56	6.42	6.42	15530500
4/7/2017	6.4	6.57	6.4	6.56	34513500
4/6/2017	6.43	6.49	6.34	6.42	43153699
4/5/2017	6.13	6.42	6.13	6.4	54852699
4/4/2017	6.01	6.13	6	6.09	54868398
4/3/2017	6.08	6.08	5.99	6	42640301
3/31/2017	6.08	6.08	6	6.02	51399602
3/30/2017	6.1	6.15	6.06	6.07	46641199
3/29/2017	6.1	6.17	6.06	6.06	76205203
3/28/2017	6.03	6.16	6.02	6.03	32120301
3/27/2017	6.1	6.1	5.98	6.02	77985508
3/24/2017	6.18	6.22	6.03	6.03	83938797
3/23/2017	6.14	6.16	6.08	6.11	73415000
3/22/2017	6.2	6.2	6	6	95383695
3/21/2017	6.34	6.37	6.2	6.2	74298797
3/20/2017	6.49	6.49	6.25	6.34	67272797
3/17/2017	6.63	6.63	6.5	6.5	158932797
3/16/2017	6.7	6.71	6.63	6.64	31668301
3/15/2017	6.71	6.71	6.63	6.67	57110102
3/14/2017	6.66	6.75	6.66	6.71	44910699
3/13/2017	6.6	6.7	6.6	6.65	23075301
3/10/2017	6.69	6.7	6.57	6.6	20937900
3/9/2017	6.7	6.74	6.65	6.65	25963301
3/8/2017	6.78	6.83	6.68	6.69	16805199
3/7/2017	6.83	6.87	6.77	6.78	17019000
3/6/2017	6.9	6.95	6.78	6.83	32382199
3/3/2017	6.96	6.96	6.88	6.88	21331500
3/2/2017	6.9	7.02	6.86	6.98	43202500
3/1/2017	6.8	6.98	6.76	6.9	74960898
2/28/2017	6.85	6.85	6.7	6.8	58525199
2/27/2017	6.88	6.92	6.83	6.85	20685301
2/24/2017	6.85	6.95	6.84	6.88	33350000
2/23/2017	6.86	6.89	6.8	6.85	36531301
2/22/2017	6.81	6.95	6.81	6.82	57911801
2/21/2017	6.83	6.84	6.77	6.8	9917700
2/20/2017	6.8	6.89	6.79	6.83	12604600
2/17/2017	6.81	6.91	6.75	6.8	40156801
2/16/2017	6.68	6.83	6.68	6.79	17436600
2/15/2017	6.81	6.83	6.66	6.67	37695102
2/14/2017	6.84	6.85	6.8	6.82	15434600
2/13/2017	6.82	6.84	6.77	6.8	10017500
2/10/2017	6.84	6.85	6.77	6.81	32101699
2/9/2017	6.78	6.89	6.73	6.84	18491199
2/8/2017	6.7	6.78	6.68	6.76	24004500
2/7/2017	6.78	6.78	6.66	6.69	34638398
2/6/2017	6.64	6.82	6.64	6.71	45448199
2/3/2017	6.8	6.83	6.58	6.62	40614000
2/2/2017	6.86	6.88	6.71	6.8	19779900
2/1/2017	6.85	6.86	6.71	6.86	6159000
1/31/2017	6.74	6.9	6.7	6.82	18607100
1/30/2017	6.85	6.97	6.65	6.65	16964500
1/27/2017	6.8	6.86	6.77	6.8	37245301
1/26/2017	6.85	6.89	6.77	6.8	29491400
1/25/2017	6.92	7.02	6.8	6.8	31011900
1/24/2017	7.05	7.05	6.9	6.9	37426500
1/23/2017	6.86	7.05	6.86	7.05	12390500
1/20/2017	6.9	6.9	6.81	6.84	33398898
1/19/2017	6.78	6.88	6.76	6.88	16396801
1/18/2017	6.7	6.81	6.7	6.78	9864000
1/17/2017	6.82	6.97	6.7	6.7	23396301
1/16/2017	6.88	6.92	6.75	6.8	19819000
1/13/2017	6.95	6.96	6.85	6.89	9002500
1/12/2017	6.97	7.12	6.94	6.95	18825699
1/11/2017	6.98	7.01	6.92	6.99	16441100
1/10/2017	6.94	7.1	6.91	7.1	59862602
1/9/2017	6.91	7.06	6.87	6.9	22421600
1/6/2017	6.85	6.93	6.82	6.91	30149000
1/5/2017	6.7	6.95	6.7	6.93	38492398
1/4/2017	6.51	6.87	6.5	6.87	22256100
1/3/2017	6.6	6.6	6.34	6.5	15608500
12/29/2016	6.5	6.68	6.3	6.66	51067500
12/28/2016	6.4	6.5	6.3	6.5	31173100
12/27/2016	6.07	6.38	6	6.38	22112600
12/23/2016	6.16	6.2	5.9	5.99	49988199
12/22/2016	6.32	6.39	6.18	6.18	72868094
12/21/2016	6.07	6.51	6.06	6.31	59853898
12/20/2016	6.13	6.13	5.76	6.06	53214898
12/19/2016	6.32	6.4	6.1	6.13	24198900
12/16/2016	6.58	6.58	6.3	6.3	39924500
12/15/2016	6.42	6.6	6.3	6.6	10483100
12/14/2016	6.4	6.5	6.4	6.48	21415000
12/13/2016	6.3	6.48	6.27	6.48	14501700
12/12/2016	6.5	6.56	6.25	6.25	21191900
12/9/2016	6.4	6.51	6.4	6.48	25389801
12/8/2016	6.4	6.5	6.26	6.4	26019000
12/7/2016	6.45	6.45	6.27	6.34	17501900
12/6/2016	6.49	6.6	6.3	6.45	21409199
12/5/2016	6.52	6.67	6.4	6.48	24401600
12/2/2016	6.5	6.53	6.42	6.5	19534500
12/1/2016	6.39	6.47	6.24	6.42	52732199
11/29/2016	6.41	6.46	6.2	6.2	45907602
11/28/2016	6.65	6.65	6.36	6.44	18055500
11/25/2016	6.6	6.62	6.45	6.6	11260300
11/24/2016	6.43	6.59	6.4	6.59	22479100
11/23/2016	6.56	6.7	6.38	6.44	25432400
11/22/2016	6.63	6.74	6.55	6.55	14630600
11/21/2016	6.81	6.9	6.6	6.61	17892801
11/18/2016	6.85	6.94	6.74	6.81	16016700
11/17/2016	6.77	6.96	6.77	6.84	20828400
11/16/2016	6.68	6.84	6.68	6.77	17007400
11/15/2016	6.81	6.95	6.6	6.61	24342000
11/14/2016	6.8	6.82	6.65	6.78	25044000
11/11/2016	7.04	7.04	6.83	6.83	38235199
11/10/2016	7.11	7.2	6.99	7.04	27628000
11/9/2016	7.2	7.23	6.89	6.98	27299301
11/8/2016	7	7.25	7	7.16	25583699
11/7/2016	6.96	7.06	6.95	6.95	35484602
11/4/2016	6.84	7.02	6.8	6.96	25575400
11/3/2016	6.94	6.94	6.74	6.84	54814898
11/2/2016	7.19	7.19	6.88	6.94	41023500
10/28/2016	7.15	7.2	6.98	7.2	21113801
10/27/2016	7.19	7.21	7.11	7.15	26861500
10/26/2016	7.2	7.23	7.13	7.2	21584301
10/25/2016	7.18	7.29	7.17	7.29	35915699
10/24/2016	7.18	7.28	7.17	7.25	29084400
10/21/2016	7.21	7.25	7.15	7.18	10995600
10/20/2016	7.24	7.3	7.16	7.22	20384699
10/19/2016	7.12	7.3	7.12	7.25	56500898
10/18/2016	7.13	7.16	7.08	7.1	43848898
10/17/2016	7.11	7.24	7.08	7.13	16974000
10/14/2016	7.17	7.17	7.02	7.11	38104699
10/13/2016	6.98	7.2	6.91	7.2	39014102
10/12/2016	7.06	7.07	6.82	7.03	37211898
10/11/2016	7.18	7.25	7.05	7.07	32322301
10/10/2016	7.38	7.39	7.16	7.19	11467300
10/7/2016	7.32	7.46	7.32	7.4	68014703
10/6/2016	7.15	7.32	7.15	7.32	40405699
10/5/2016	7.06	7.2	7.04	7.2	29130801
10/4/2016	7.08	7.19	7.01	7.14	35105398
10/3/2016	7.2	7.2	7.07	7.1	12745100
9/30/2016	7.21	7.23	7.1	7.1	21202400
9/29/2016	7.06	7.28	7.06	7.26	36902102
9/28/2016	7	7.07	6.99	7	35966898
9/27/2016	7.1	7.11	6.97	7.02	47527699
9/26/2016	7.18	7.18	7.01	7.1	32429000
9/23/2016	7.1	7.19	7	7.19	42103699
9/22/2016	6.97	7.1	6.95	7.1	47125602
9/21/2016	6.91	7	6.86	6.86	40701000
9/20/2016	6.7	6.91	6.7	6.9	39829301
9/19/2016	6.57	6.69	6.48	6.63	31843600
9/16/2016	6.78	6.8	6.51	6.51	78468000
9/15/2016	6.66	6.83	6.66	6.83	27692600
9/14/2016	6.7	6.71	6.63	6.66	52854801
9/13/2016	6.82	6.82	6.65	6.75	54249602
9/9/2016	6.94	7	6.81	7	41973199
9/8/2016	6.85	6.97	6.68	6.94	55287000
9/7/2016	7.02	7.03	6.85	6.9	95004094
9/6/2016	7.1	7.14	7.03	7.1	27113100
9/5/2016	7.14	7.16	7.06	7.1	16694199
9/2/2016	7.14	7.25	7.01	7.14	29819000
9/1/2016	6.92	7.18	6.9	7.11	91942398
8/31/2016	7.05	7.06	6.82	6.92	104703297
8/30/2016	7.24	7.26	6.98	7.1	89025695
8/26/2016	7.22	7.27	7.15	7.24	33652500
8/25/2016	7.3	7.31	7.26	7.3	29110000
8/24/2016	7.25	7.35	7.25	7.33	25457801
8/23/2016	7.3	7.33	7.21	7.25	59799898
8/22/2016	7.29	7.43	7.23	7.35	16123600
8/19/2016	7.3	7.32	7.25	7.29	35599199
8/18/2016	7.23	7.33	7.23	7.3	23661100
8/17/2016	7.25	7.25	7.14	7.22	60970000
8/16/2016	7.21	7.28	7.17	7.25	16294800
8/15/2016	7.1	7.21	7.1	7.18	29500900
8/12/2016	7.15	7.18	7.09	7.1	62889000
8/11/2016	7.53	7.53	7.11	7.23	61226699
8/10/2016	7.48	7.55	7.46	7.48	48702102
8/9/2016	7.43	7.55	7.41	7.49	62035602
8/8/2016	7.39	7.44	7.3	7.44	22599100
8/5/2016	7.45	7.45	7.35	7.4	16292900
8/4/2016	7.3	7.5	7.3	7.45	23154500
8/3/2016	7.42	7.42	7.22	7.3	54922301
8/2/2016	7.58	7.58	7.41	7.5	27059600
8/1/2016	7.49	7.58	7.36	7.58	40685898
7/29/2016	7.45	7.5	7.43	7.5	74539906
7/28/2016	7.47	7.49	7.41	7.45	48376500
7/27/2016	7.49	7.54	7.4	7.47	109024094
7/26/2016	7.42	7.6	7.34	7.34	39399398
7/25/2016	7.32	7.48	7.32	7.4	24273500
7/22/2016	7.5	7.5	7.32	7.32	30904400
7/21/2016	7.25	7.51	7.24	7.5	42719602
7/20/2016	7.24	7.28	7.19	7.23	20495900
7/19/2016	7.21	7.3	7.2	7.25	36928500
7/18/2016	7.2	7.23	7.17	7.2	23678400
7/15/2016	7.16	7.24	7.14	7.19	33916301
7/14/2016	7.02	7.15	7	7.15	18151600
7/13/2016	7.1	7.2	7	7	92478305
7/12/2016	7.05	7.2	7.05	7.1	36549602
7/11/2016	6.86	7.15	6.86	7.02	58208500
7/8/2016	6.77	6.84	6.77	6.82	27643301
7/7/2016	6.84	6.91	6.75	6.78	36830000
7/5/2016	6.88	7	6.79	6.79	37771699
7/4/2016	6.77	6.95	6.77	6.88	25887900
7/1/2016	6.98	6.98	6.69	6.77	36647199
6/30/2016	6.91	7.05	6.9	6.97	83823906
6/29/2016	6.71	6.9	6.71	6.86	29068000
6/28/2016	6.65	6.74	6.6	6.68	23383500
6/27/2016	6.55	6.68	6.38	6.65	33414398
6/24/2016	6.85	6.9	6.4	6.6	49731000
6/23/2016	6.6	6.8	6.56	6.8	22317400
6/22/2016	6.8	6.8	6.56	6.6	50422301
6/21/2016	6.68	6.91	6.64	6.91	62963199
6/20/2016	6.5	6.69	6.5	6.67	60094898
6/17/2016	6.5	6.54	6.45	6.5	27997100
6/16/2016	6.42	6.55	6.41	6.5	37491102
6/15/2016	6.2	6.43	6.2	6.38	34280801
6/14/2016	6.25	6.32	6.13	6.2	30716199
6/13/2016	6.3	6.4	6.16	6.4	21661500
6/10/2016	6.31	6.39	6.28	6.3	30662500
6/9/2016	6.58	6.59	6.31	6.31	28111600
6/8/2016	6.45	6.67	6.45	6.59	67011297
6/7/2016	6.17	6.48	6.14	6.4	70581000
6/6/2016	6.09	6.15	6.06	6.13	34177398
6/3/2016	6.15	6.18	6.07	6.08	33282602
6/2/2016	6.15	6.19	6.07	6.09	31767900
6/1/2016	6.12	6.14	6.05	6.07	42346602
5/31/2016	6.16	6.16	6.01	6.03	101439906
5/30/2016	6	6.22	6	6.05	41942898
5/27/2016	6.09	6.12	5.93	5.99	68677203
5/26/2016	6.15	6.15	6.01	6.02	25079500
5/25/2016	6.05	6.18	6.05	6.18	47941301
5/24/2016	5.95	6.07	5.95	6.02	51462602
5/23/2016	5.9	6	5.9	5.91	24865600
5/20/2016	6.1	6.1	5.9	5.9	27504400
5/19/2016	6.25	6.25	6.07	6.12	19908600
5/18/2016	6.29	6.29	6.22	6.25	50517301
5/17/2016	6.12	6.35	6.12	6.28	73111906
5/16/2016	5.92	6.1	5.92	6.09	27557400
5/13/2016	5.86	6.13	5.85	6.02	61310199
5/12/2016	5.95	5.95	5.83	5.86	11505600
5/11/2016	5.84	6	5.84	5.95	49657898
5/10/2016	5.64	5.82	5.57	5.78	49654500
5/6/2016	5.64	5.68	5.6	5.65	14110600
5/5/2016	5.64	5.68	5.61	5.64	25039400
5/4/2016	5.7	5.75	5.61	5.7	27834000
5/3/2016	5.68	5.8	5.67	5.71	36326898
5/2/2016	5.8	5.8	5.63	5.67	30737100
4/29/2016	5.9	5.9	5.79	5.8	29242900
4/28/2016	5.83	5.95	5.8	5.95	36442699
4/27/2016	5.83	5.83	5.79	5.8	25362900
4/26/2016	5.77	5.85	5.72	5.83	33476602
4/25/2016	5.79	5.79	5.74	5.76	30369199
4/22/2016	5.77	5.8	5.76	5.79	27213801
4/21/2016	5.81	5.81	5.77	5.77	40190801
4/20/2016	5.85	5.85	5.79	5.81	44178000
4/19/2016	5.9	5.93	5.81	5.9	30250699
4/18/2016	6.01	6.01	5.84	5.94	12986000
4/15/2016	6.14	6.14	5.96	5.99	14804400
4/14/2016	6.15	6.15	6.04	6.14	50038102
4/13/2016	6	6.1	5.96	6.1	67041102
4/12/2016	5.84	5.94	5.81	5.9	18375100
4/11/2016	5.83	5.85	5.8	5.81	15678400
4/8/2016	5.83	5.86	5.78	5.82	16447900
4/7/2016	5.81	5.88	5.81	5.83	19313500
4/6/2016	5.72	5.82	5.72	5.79	18333801
4/5/2016	5.76	5.76	5.7	5.7	35837000
4/4/2016	5.79	5.84	5.73	5.76	19178900
4/1/2016	5.89	5.95	5.74	5.8	24197699
3/31/2016	5.9	5.93	5.83	5.87	42720500
3/30/2016	5.82	5.92	5.8	5.9	61506699
3/29/2016	5.8	5.95	5.8	5.88	39956500
3/28/2016	5.78	5.9	5.75	5.85	20873301
3/23/2016	5.9	6	5.88	5.9	37774199
3/22/2016	5.99	6	5.92	5.95	22508100
3/21/2016	6	6.03	5.98	5.99	46961398
3/18/2016	6	6.03	5.99	6	54400398
3/17/2016	5.99	6.05	5.97	5.99	15531100
3/16/2016	6.01	6.02	5.95	5.99	12304000
3/15/2016	6	6.02	5.98	6.01	40537602
3/14/2016	6.02	6.03	5.94	5.97	33329898
3/11/2016	5.92	6.04	5.92	6.03	44444500
3/10/2016	5.75	5.9	5.75	5.89	30488400
3/9/2016	5.76	5.77	5.72	5.74	33778000
3/8/2016	5.8	5.85	5.7	5.76	22405699
3/7/2016	5.73	5.85	5.72	5.79	30551000
3/4/2016	5.8	5.88	5.7	5.7	54395898
3/3/2016	5.95	6.07	5.76	5.82	128550703
3/2/2016	6.05	6.15	6.05	6.09	79522398
3/1/2016	5.79	6.08	5.71	6.05	60438301
2/29/2016	5.84	5.92	5.7	5.8	46207602
2/26/2016	5.7	5.86	5.7	5.86	58640000
2/24/2016	5.85	5.85	5.7	5.74	26870699
2/23/2016	5.8	5.9	5.78	5.78	35435500
2/22/2016	5.9	5.93	5.78	5.79	36996398
2/19/2016	5.85	6.09	5.83	5.9	81999000
2/18/2016	5.69	5.87	5.63	5.85	64023000
2/17/2016	5.7	5.72	5.64	5.68	33463199
2/16/2016	5.64	5.7	5.63	5.66	18218900
2/15/2016	5.63	5.7	5.62	5.63	52703801
2/12/2016	5.6	5.7	5.56	5.62	24005301
2/11/2016	5.57	5.78	5.57	5.7	35790699
2/10/2016	5.65	5.67	5.6	5.62	28894900
2/9/2016	5.65	5.82	5.63	5.65	52230602
2/5/2016	5.41	5.7	5.41	5.7	83823398
2/4/2016	5.34	5.5	5.33	5.38	17178199
2/3/2016	5.35	5.41	5.3	5.33	26689400
2/2/2016	5.45	5.49	5.37	5.37	30834699
2/1/2016	5.52	5.7	5.38	5.42	38899102
1/29/2016	5.47	5.7	5.46	5.5	66068297
1/28/2016	5.41	5.53	5.37	5.45	47367801
1/27/2016	5.35	5.48	5.35	5.41	60748898
1/26/2016	5.3	5.34	5.25	5.34	33948602
1/25/2016	5.24	5.34	5.2	5.32	35692801
1/22/2016	5.18	5.25	5.18	5.24	17602900
1/21/2016	5.13	5.23	5.07	5.18	18349100
1/20/2016	5.25	5.27	5.15	5.2	26011199
1/19/2016	5.12	5.29	5.12	5.2	23770000
1/18/2016	5.06	5.18	5.06	5.14	34005398
1/15/2016	5.16	5.25	5.1	5.1	15058400
1/14/2016	5.15	5.19	5.09	5.11	24033199
1/13/2016	5.17	5.27	5.16	5.25	24600699
1/12/2016	5.06	5.19	5.06	5.14	14662200
1/11/2016	5.13	5.15	5.06	5.06	23933500
1/8/2016	5.19	5.3	5.13	5.19	28182900
1/7/2016	5.26	5.3	5.2	5.2	22464900
1/6/2016	5.27	5.37	5.26	5.26	18139100
1/5/2016	5.24	5.34	5.22	5.28	30518600
1/4/2016	5.23	5.29	5.21	5.24	11002500
12/29/2015	5.22	5.28	5.19	5.2	16407400
12/28/2015	5.21	5.24	5.2	5.22	11178500
12/23/2015	5.3	5.3	5.19	5.24	6727400
12/22/2015	5.25	5.25	5.2	5.24	11285400
12/21/2015	5.33	5.33	5.23	5.25	15904600
12/18/2015	5.33	5.4	5.28	5.33	36778000
12/17/2015	5.26	5.39	5.25	5.33	42043699
12/16/2015	5.1	5.22	5.1	5.2	21002900
12/15/2015	5.08	5.19	5.06	5.1	8870600
12/14/2015	5.06	5.12	5.04	5.08	18110199
12/11/2015	5.19	5.19	5.04	5.05	33977699
12/10/2015	5.21	5.23	5.17	5.2	17854699
12/9/2015	5.22	5.25	5.2	5.22	7681400
12/8/2015	5.21	5.3	5.21	5.26	17224600
12/7/2015	5.26	5.28	5.22	5.25	7807800
12/4/2015	5.27	5.28	5.2	5.26	14159400
12/3/2015	5.27	5.3	5.22	5.27	24821699
12/2/2015	5.3	5.32	5.26	5.3	18903301
12/1/2015	5.21	5.33	5.21	5.29	14324000
11/27/2015	5.3	5.3	5.2	5.24	55928199
11/26/2015	5.33	5.35	5.27	5.3	43195699
11/25/2015	5.35	5.37	5.27	5.33	25298100
11/24/2015	5.3	5.33	5.2	5.33	18292100
11/23/2015	5.27	5.34	5.2	5.34	23243000
11/20/2015	5.27	5.37	5.27	5.3	26381699
11/17/2015	5.16	5.32	5.16	5.26	22561100
11/16/2015	5.2	5.29	5	5.16	22554900
11/13/2015	5.2	5.31	5.16	5.31	17482600
11/12/2015	5.2	5.35	5.2	5.25	21940801
11/11/2015	5.29	5.29	5.23	5.25	24686301
11/10/2015	5.16	5.38	5.16	5.3	19063900
11/9/2015	5.26	5.3	5.21	5.25	7706800
11/6/2015	5.3	5.37	5.24	5.3	19836199
11/5/2015	5.4	5.43	5.3	5.35	11507100
11/4/2015	5.44	5.54	5.4	5.43	28366000
11/3/2015	5.34	5.58	5.34	5.44	67160203
11/2/2015	5.22	5.39	5.22	5.34	16589199
10/30/2015	5.37	5.4	5.2	5.22	30143199
10/29/2015	5.34	5.4	5.3	5.37	36755199
10/28/2015	5.3	5.42	5.3	5.34	34153199
10/27/2015	5.27	5.34	5.23	5.34	37272398
10/26/2015	5.23	5.39	5.23	5.28	40779000
10/23/2015	5.18	5.25	5.18	5.23	33083699
10/22/2015	5.2	5.21	5.15	5.18	27217100
10/21/2015	5.19	5.2	5.15	5.2	13587700
10/20/2015	5.15	5.2	5.14	5.19	23951801
10/19/2015	5.06	5.17	5.06	5.15	17623100
10/16/2015	5.08	5.18	5.06	5.06	24689199
10/15/2015	5.06	5.12	5.06	5.07	19925500
10/14/2015	5.11	5.16	5.06	5.06	7567000
10/13/2015	5.24	5.24	5.11	5.11	20180900
10/12/2015	5.21	5.29	5.08	5.15	20895600
10/9/2015	5.15	5.25	5.13	5.21	26961100
10/8/2015	5.18	5.19	5.12	5.16	21028100
10/7/2015	5.1	5.18	5.08	5.18	53719602
10/6/2015	5.03	5.15	4.98	5.07	48161000
10/5/2015	4.96	5.01	4.96	4.99	31933600
10/2/2015	5	5.06	4.93	5	14218300
10/1/2015	4.98	5.14	4.97	5	15514000
9/30/2015	4.98	5.01	4.96	4.98	41501000
9/29/2015	4.8	5	4.8	4.98	21485000
9/28/2015	4.89	4.98	4.89	4.9	33080000
9/24/2015	4.97	5	4.92	4.98	29389301
9/23/2015	4.99	5.01	4.93	5	33411500
9/22/2015	5.01	5.02	4.95	5	32499600
9/21/2015	5.12	5.12	5	5.1	8252100
9/18/2015	5.1	5.15	5.05	5.13	27015000
9/17/2015	5.05	5.14	5	5.04	12832500
9/16/2015	5.08	5.16	5.02	5.07	17437400
9/15/2015	4.97	5.15	4.97	5.08	36663102
9/14/2015	4.92	5.04	4.92	5.03	14310400
9/11/2015	5	5.04	4.93	5.04	22774000
9/10/2015	4.91	4.98	4.88	4.95	33952898
9/9/2015	4.91	5	4.91	5	47161000
9/8/2015	4.9	4.92	4.7	4.9	37750000
9/7/2015	4.84	4.95	4.84	4.9	13249000
9/4/2015	5.02	5.04	4.97	4.99	18385699
9/3/2015	5.01	5.1	4.99	5.02	20610100
9/2/2015	5	5.06	4.89	5.01	19098699
9/1/2015	5.04	5.15	5.01	5.05	65676602
8/28/2015	5	5	4.85	5	36507000
8/27/2015	4.73	5	4.73	4.98	64748000
8/26/2015	4.66	4.75	4.66	4.7	44430000
8/25/2015	4.5	5	4.5	4.7	34957000
8/24/2015	4.89	4.89	4.61	4.61	57485801
8/20/2015	5	5.03	5	5.03	26580100
8/19/2015	4.92	5.05	4.9	5.01	20994000
8/18/2015	4.86	4.94	4.82	4.92	29797000
8/17/2015	4.99	5.02	4.89	4.96	29300699
8/14/2015	5.05	5.05	5	5.01	13048000
8/13/2015	5.01	5.12	4.96	5.08	48792801
8/12/2015	5.03	5.03	4.98	5	27225801
8/11/2015	5	5.1	4.99	5.04	28524699
8/10/2015	4.99	5.03	4.97	5.03	40211000
8/7/2015	4.98	4.99	4.8	4.99	29835000
8/6/2015	5.03	5.07	4.9	4.98	28441600
8/5/2015	5.03	5.05	5.02	5.03	32608801
8/4/2015	5	5.11	5	5.04	62471199
8/3/2015	4.76	5.04	4.76	5	73685000
7/31/2015	4.75	4.87	4.71	4.85	29715000
7/30/2015	4.61	4.86	4.6	4.74	20340000
7/29/2015	4.61	4.74	4.6	4.6	17582000
7/28/2015	4.6	4.69	4.6	4.6	28773000
7/27/2015	4.81	4.81	4.66	4.66	8653000
7/24/2015	4.86	4.86	4.79	4.8	22412000
7/23/2015	4.8	4.87	4.78	4.87	19850000
7/22/2015	4.83	4.83	4.73	4.8	17987000
7/21/2015	4.76	4.83	4.75	4.83	7518000
7/20/2015	4.76	4.81	4.76	4.78	15834000
7/16/2015	4.86	4.9	4.77	4.78	7186000
7/15/2015	4.82	4.92	4.81	4.9	52309000
7/14/2015	4.72	4.82	4.72	4.82	25671000
7/13/2015	4.68	4.76	4.67	4.76	22329000
7/10/2015	4.58	4.78	4.57	4.69	18573000
7/9/2015	4.4	4.68	4.4	4.65	18576000
7/8/2015	4.48	4.58	4.4	4.43	19122000
7/7/2015	4.56	4.6	4.48	4.48	16945000
7/6/2015	4.62	4.62	4.51	4.53	7125000
7/3/2015	4.77	4.77	4.62	4.62	8532000
7/2/2015	4.73	4.86	4.67	4.67	44895000
7/1/2015	4.65	4.72	4.62	4.67	7782000
6/30/2015	4.68	4.73	4.64	4.73	46608000
6/29/2015	4.65	4.8	4.65	4.7	19675000
6/26/2015	4.8	4.87	4.65	4.82	30735000
6/25/2015	4.9	4.9	4.78	4.89	77616000
6/24/2015	4.8	4.91	4.7	4.91	39134000
6/23/2015	4.72	4.81	4.72	4.8	42173000
6/22/2015	4.7	4.76	4.6	4.71	19942000
6/19/2015	4.58	4.7	4.58	4.7	29468000
6/18/2015	4.51	4.6	4.51	4.58	12760000
6/17/2015	4.43	4.65	4.43	4.6	13962000
6/16/2015	4.41	4.46	4.4	4.43	6056000
6/15/2015	4.51	4.54	4.42	4.42	7147000
6/11/2015	4.46	4.55	4.45	4.55	13600000
6/10/2015	4.32	4.47	4.32	4.42	15689000
6/9/2015	4.45	4.45	4.29	4.32	19578000
6/8/2015	4.45	4.46	4.43	4.45	28434000
6/5/2015	4.46	4.47	4.4	4.45	17316000
6/4/2015	4.39	4.53	4.39	4.46	37900000
6/3/2015	4.21	4.4	4.21	4.37	29660000
6/2/2015	4.41	4.41	4.2	4.21	26658000
6/1/2015	4.55	4.55	4.39	4.43	18790000
5/29/2015	4.53	4.62	4.5	4.5	38194000
5/28/2015	4.5	4.62	4.45	4.6	14906000
5/27/2015	4.62	4.64	4.5	4.5	30998000
5/26/2015	4.69	4.79	4.6	4.6	33611000
5/25/2015	4.77	4.77	4.66	4.69	6459000
5/22/2015	4.66	4.79	4.66	4.77	12762000
5/21/2015	4.75	4.79	4.64	4.67	17527000
5/20/2015	4.71	4.82	4.7	4.75	16990000
5/19/2015	4.75	4.77	4.67	4.71	6240000
5/18/2015	4.66	4.76	4.66	4.74	32194000
5/15/2015	4.76	4.79	4.73	4.73	13193000
5/14/2015	4.65	4.78	4.65	4.75	16660000
5/13/2015	4.62	4.68	4.62	4.65	24810000
5/12/2015	4.7	4.7	4.6	4.67	18103000
5/11/2015	4.65	4.65	4.54	4.62	16524000
5/8/2015	4.57	4.63	4.57	4.61	29515000
5/7/2015	4.56	4.6	4.51	4.6	13555000
5/6/2015	4.54	4.59	4.53	4.56	32333000
5/5/2015	4.57	4.59	4.54	4.54	32298000
5/4/2015	4.53	4.6	4.53	4.53	18046000
4/30/2015	4.6	4.65	4.53	4.53	27453000
4/29/2015	4.65	4.66	4.57	4.58	30378000
4/28/2015	4.7	4.7	4.66	4.67	19466000
4/27/2015	4.75	4.75	4.7	4.71	41598000
4/24/2015	4.7	4.72	4.66	4.7	29714000
4/23/2015	4.79	4.8	4.64	4.66	45883000
4/22/2015	4.83	4.83	4.76	4.78	27903000
4/21/2015	4.86	4.86	4.68	4.83	25064000
4/20/2015	4.87	4.87	4.66	4.85	10178000
4/17/2015	4.93	4.93	4.87	4.88	16547000
4/16/2015	4.8	4.93	4.72	4.93	43240000
4/15/2015	4.59	4.77	4.58	4.77	56666000
4/14/2015	4.63	4.69	4.54	4.54	30904000
4/13/2015	4.7	4.75	4.62	4.63	9809000
4/10/2015	4.7	4.77	4.7	4.72	50412000
4/8/2015	4.84	4.84	4.62	4.65	84354000
4/7/2015	4.84	4.88	4.81	4.84	25774000
4/6/2015	4.9	4.92	4.82	4.83	11146000
4/1/2015	4.9	4.9	4.84	4.85	13208000
3/31/2015	4.9	4.91	4.8	4.83	30901000
3/30/2015	4.92	4.95	4.87	4.87	25974000
3/27/2015	4.93	4.93	4.88	4.89	25329000
3/26/2015	4.94	4.96	4.9	4.95	47110000
3/25/2015	4.9	4.93	4.89	4.9	40825000
3/24/2015	4.9	4.96	4.89	4.96	40158000
3/23/2015	4.87	4.94	4.86	4.94	12248000
3/20/2015	4.9	4.9	4.84	4.86	28535000
3/19/2015	4.82	4.92	4.82	4.89	53601000
3/18/2015	4.8	4.85	4.73	4.78	22656000
3/17/2015	4.88	4.88	4.78	4.83	43145000
3/16/2015	4.92	4.92	4.72	4.74	23856000
3/13/2015	4.87	4.93	4.85	4.89	40960000
3/12/2015	4.88	4.89	4.81	4.84	26177000
3/11/2015	4.9	4.93	4.86	4.88	27865000
3/10/2015	4.75	4.95	4.75	4.93	67341000
3/9/2015	4.88	4.88	4.68	4.71	77368000
3/6/2015	5.08	5.12	4.79	4.81	183521109
3/5/2015	5.2	5.2	5.04	5.04	74970000
3/4/2015	5.34	5.38	5.19	5.3	21325699
3/3/2015	5.42	5.51	5.3	5.32	55800301
3/2/2015	5.33	5.53	5.33	5.41	63598602
2/27/2015	5.23	5.4	5.19	5.4	80617203
2/26/2015	5.1	5.26	5.1	5.2	54983602
2/25/2015	5.14	5.16	5.09	5.14	33548801
2/24/2015	5.11	5.15	5.11	5.14	16874100
2/23/2015	5.1	5.22	5.1	5.15	51116699
2/20/2015	5	5.08	5	5.04	31489000
2/18/2015	5.06	5.07	4.96	4.98	54298500
2/17/2015	5.19	5.19	5	5.05	43157699
2/16/2015	5.2	5.22	5.14	5.2	35256199
2/13/2015	5.22	5.3	5.12	5.17	54075102
2/12/2015	5.07	5.21	5.04	5.19	94923602
2/11/2015	5	5.09	4.99	5.05	46763000
2/10/2015	5.05	5.05	4.96	4.97	115034398
2/9/2015	5.23	5.28	5.17	5.24	49167398
2/6/2015	5.13	5.27	5.13	5.22	50104500
2/5/2015	5.14	5.2	5.13	5.2	22922000
2/4/2015	5.2	5.22	5.12	5.14	53602500
2/3/2015	5.12	5.2	5.12	5.12	14961300
2/2/2015	5.19	5.19	5.1	5.17	14338600
1/30/2015	5.1	5.22	5.09	5.17	36709102
1/29/2015	5.26	5.26	5.06	5.06	96845203
1/28/2015	5.22	5.35	5.22	5.26	44843500
1/27/2015	5.22	5.26	5.17	5.22	29285699
1/26/2015	5.18	5.23	5.15	5.19	13870200
1/23/2015	5.14	5.24	5.12	5.18	27473500
1/22/2015	5.2	5.34	5.1	5.14	28603301
1/21/2015	5.2	5.21	5.09	5.2	14878500
1/20/2015	5.02	5.23	5.02	5.18	34543699
1/19/2015	5.1	5.14	4.99	5	27695900
1/14/2015	5.14	5.2	5.1	5.15	37793898
1/13/2015	5.12	5.18	5.11	5.16	32211699
1/12/2015	5.16	5.16	5.1	5.13	21653199
1/9/2015	5.13	5.18	5.13	5.15	47471398
1/8/2015	5.13	5.14	5.05	5.06	35075699
1/7/2015	5.16	5.21	5.1	5.1	57653000
1/6/2015	5	5.24	5	5.15	63087000
1/5/2015	4.59	4.67	4.59	4.65	14923000
